1481805824	1499504640
1511452672	1519984640
1532026880	1540464640
1532026880	1540464640
1532026880	1540464640
1521369088	1540464640
1530654720	1540464640
1540362240	1540464640
1540345856	1540464640
1597026304	1601904640
1597808640	1601904640
1581117440	1601904640
1474928640	1601904640
1474928640	1601904640
1474928640	1601904640
1474928640	1601904640
1474928640	1601904640
1474928640	1601904640
1474928640	1601904640
1474928640	1601904640
1474928640	1601904640
1474928640	1601904640
1474928640	1601904640
1474928640	1601904640
1474928640	1601904640
1474928640	1601904640
1474928640	1601904640
1474928640	1601904640
1474928640	1601904640
1474928640	1601904640
1474928640	1527357440
1474928640	1527357440
1474928640	1527357440
1474928640	1527357440
1474928640	1527357440
1474928640	1527357440
1474928640	1527357440
1474928640	1527357440
1474928640	1527357440
1474928640	1527357440
1474928640	1527357440
1474928640	1527357440
1474928640	1527357440
1474928640	1527357440
1474928640	1527357440
1474928640	1527357440
1474928640	1527357440
1474928640	1527357440
1474928640	1527357440
1474928640	1527357440
1474928640	1527357440
1474928640	1527357440
1474928640	1527357440
1474928640	1527357440
1474928640	1527357440
1474928640	1527357440
1474928640	1527357440
1474928640	1527357440
1474928640	1527357440
1474928640	1527357440
1474928640	1527357440
1474928640	1527357440
1474928640	1527357440
1474928640	1527357440
1474928640	1527357440
1474928640	1527357440
1474928640	1527357440
1474928640	1527357440
1474928640	1527357440
1474928640	1527357440
1474928640	1527357440
1474928640	1527357440
1474928640	1527357440
1474928640	1527357440
1474928640	1527357440
1474928640	1527357440
1474928640	1527357440
1474928640	1527357440
1474928640	1527357440
1474928640	1527357440
1474928640	1527357440
1474928640	1527357440
1474928640	1527357440
1474928640	1527357440
1474928640	1527357440
1474928640	1527357440
1474928640	1527357440
1474928640	1527357440
1474928640	1527357440
1474928640	1527357440
1474928640	1527357440
1474928640	1527357440
1474928640	1527357440
1474928640	1527357440
1474928640	1527357440
1474928640	1527357440
1474928640	1527357440
1474928640	1527357440
1474928640	1527357440
1474928640	1527357440
1474928640	1527357440
1474928640	1527357440
1474928640	1527357440
1474928640	1527357440
1474928640	1527357440
1474928640	1527357440
1474928640	1527357440
1474928640	1527357440
1474928640	1527357440
1474928640	1527357440
1474928640	1527357440
1474928640	1527357440
1474928640	1527357440
1474928640	1527357440
1474928640	1527357440
1474928640	1527357440
1474928640	1527357440
1474928640	1527357440
1474928640	1527357440
1474928640	1527357440
1474928640	1527357440
1474928640	1527357440
1474928640	1527357440
1474928640	1527357440
1474928640	1527357440
1474928640	1527357440
1474928640	1527357440
1474928640	1527357440
1474928640	1527357440
1474928640	1527357440
1474928640	1527357440
1474928640	1527357440
1474928640	1527357440
1474928640	1527357440
1474928640	1527357440
1477873664	1527357440
1506000896	1527357440
1528537088	1547837440
1529810944	1547837440
1529815040	1547837440
1530384384	1547837440
1530687488	1547837440
1530798080	1547837440
1543671808	1547837440
1547677696	1547837440
1547657216	1547837440
1550028800	1568317440
1561227264	1568317440
1601314816	1609277440
1603768320	1609277440
1695997952	1711677440
1698209792	1711677440
1700618240	1711677440
1670045696	1711677440
1578373120	1711677440
1578373120	1711677440
1578373120	1711677440
1578373120	1711677440
1578373120	1711677440
1578373120	1711677440
1578373120	1711677440
1578364928	1711677440
1578364928	1711677440
1578364928	1711677440
1578364928	1711677440
1578364928	1711677440
1578364928	1711677440
1578364928	1711677440
1578364928	1711677440
1578364928	1711677440
1578364928	1630793728
1578364928	1630793728
1578364928	1630793728
1578364928	1630793728
1578364928	1630793728
1578364928	1630793728
1578364928	1630793728
1578364928	1630793728
1578364928	1630793728
1578364928	1630793728
1578364928	1630793728
1578364928	1630793728
1578364928	1630793728
1578364928	1630793728
1578364928	1630793728
1578364928	1630793728
1578364928	1630793728
1578364928	1630793728
1578364928	1630793728
1578364928	1630793728
1578364928	1630793728
1578364928	1630793728
1578364928	1630793728
1578364928	1630793728
1578364928	1630793728
1578364928	1630793728
1578364928	1630793728
1578364928	1630793728
1578364928	1630793728
1578364928	1630793728
1578364928	1630793728
1578364928	1630793728
1578364928	1630793728
1578364928	1630793728
1578364928	1630793728
1578364928	1630793728
1578364928	1630793728
1578364928	1630793728
1578364928	1630793728
1578364928	1630793728
1578364928	1630793728
1578364928	1630793728
1578364928	1630793728
1578364928	1630793728
1578364928	1630793728
1578364928	1630793728
1578364928	1630793728
1578364928	1630793728
1578364928	1630793728
1578364928	1630793728
1578364928	1630793728
1578364928	1630793728
1578364928	1630793728
1578364928	1630793728
1578364928	1630793728
1578364928	1630793728
1578364928	1630793728
1578364928	1630793728
1578364928	1630793728
1578364928	1630793728
1578364928	1630793728
1578364928	1630793728
1578364928	1630793728
1578364928	1630793728
1578364928	1630793728
1578364928	1630793728
1578364928	1630793728
1578364928	1630793728
1578364928	1630793728
1578364928	1630793728
1578364928	1630793728
1578364928	1630793728
1578364928	1630793728
1578364928	1630793728
1578364928	1630793728
1578364928	1630793728
1578364928	1630793728
1578364928	1630793728
1578364928	1630793728
1578364928	1630793728
1578364928	1630793728
1578364928	1630793728
1578364928	1630793728
1578364928	1630793728
1578364928	1630793728
1578364928	1630793728
1578364928	1630793728
1578364928	1630793728
1578364928	1630793728
1578364928	1630793728
1578364928	1630793728
1578364928	1630793728
1578364928	1630793728
1578364928	1630793728
1578364928	1630793728
1578364928	1630793728
1578364928	1630793728
1578364928	1630793728
1578364928	1630793728
1578364928	1630793728
1578364928	1630793728
1578364928	1630793728
1578364928	1630793728
1578364928	1630793728
1578364928	1630793728
1578364928	1630793728
1578364928	1630793728
1578364928	1630793728
1578364928	1630793728
1578364928	1630793728
1578364928	1630793728
1578364928	1630793728
1578364928	1630793728
1578364928	1630793728
1578364928	1630793728
1578364928	1630793728
1578364928	1630793728
1578364928	1630793728
1578364928	1630793728
1578364928	1630793728
1578364928	1630793728
1578364928	1630793728
1578364928	1630793728
1578364928	1630793728
1578364928	1630793728
1578364928	1630793728
1578364928	1630793728
1578364928	1630793728
1578364928	1630793728
1578364928	1630793728
