2011119616	2028294144
2011975680	2028294144
2028298240	2028294144
2061242368	2069254144
2050453504	2069254144
2055708672	2069254144
2069176320	2069254144
2114641920	2130694144
2192273408	2212614144
2160480256	2212614144
2048004096	2212614144
2048004096	2212614144
2073006080	2212614144
2102038528	2212614144
2104262656	2212614144
2104365056	2212614144
2118520832	2212614144
2136506368	2212614144
2156392448	2212614144
2060357632	2212614144
2060087296	2212614144
2060087296	2212614144
2060087296	2212614144
2060087296	2212614144
2060087296	2212614144
2060087296	2212614144
2060087296	2212614144
2060087296	2212614144
2060087296	2212614144
2060087296	2212614144
2060087296	2112516096
2097717248	2112516096
2124013568	2132996096
2129989632	2132996096
2148544512	2153476096
2162135040	2173956096
2164572160	2173956096
2256424960	2276356096
2258767872	2276356096
2261635072	2276356096
2222411776	2276356096
2139439104	2276356096
2139389952	2276356096
2139389952	2276356096
2139389952	2276356096
2139389952	2276356096
2139381760	2276356096
2139381760	2276356096
2139381760	2276356096
2139381760	2276356096
2139381760	2276356096
2139381760	2276356096
2139381760	2276356096
2139381760	2276356096
2139381760	2276356096
2139381760	2276356096
2139381760	2276356096
2139381760	2191810560
2139381760	2191810560
2139381760	2191810560
2139381760	2191810560
2139381760	2191810560
2139381760	2191810560
2139381760	2191810560
2139381760	2191810560
2139381760	2191810560
2139381760	2191810560
2139381760	2191810560
2139381760	2191810560
2139381760	2191810560
2139381760	2191810560
2139381760	2191810560
2157920256	2191810560
2187653120	2191810560
2193707008	2212290560
2194194432	2212290560
2194452480	2212290560
2194583552	2212290560
2195480576	2212290560
2206326784	2212290560
2212212736	2212290560
2212147200	2212290560
2212147200	2212290560
2213502976	2232770560
2221559808	2232770560
2264154112	2273730560
2265960448	2273730560
2245787648	2273730560
2251685888	2273730560
2168836096	2273730560
2172125184	2273730560
2199355392	2273730560
2225225728	2273730560
2252836864	2273730560
2258456576	2273730560
2267881472	2273730560
2283499520	2294210560
2265493504	2294210560
2212941824	2294210560
2241642496	2294210560
2242400256	2294210560
2242527232	2294210560
2242658304	2294210560
2243543040	2294210560
2272178176	2294210560
2282225664	2294210560
2299666432	2314690560
2301927424	2314690560
2379194368	2396610560
2381549568	2396610560
2384896000	2396610560
2345586688	2396610560
2264051712	2396610560
2264051712	2393821184
2264051712	2393821184
2264051712	2393821184
2264051712	2393821184
2264051712	2393821184
2264051712	2393821184
2264051712	2393821184
2264051712	2393821184
2264051712	2393821184
2264051712	2393821184
2264051712	2393821184
2264051712	2393821184
2264051712	2393821184
2264051712	2393821184
2264051712	2393821184
2264051712	2393821184
2264051712	2393821184
2264051712	2393821184
2264051712	2393821184
2294755328	2393821184
2318995456	2393821184
2319855616	2393821184
2319855616	2393821184
2319986688	2393821184
2321915904	2393821184
2330144768	2393821184
2345795584	2393821184
2369937408	2393821184
2413572096	2434781184
2371989504	2434781184
2297577472	2434781184
2313211904	2434781184
2334507008	2434781184
2352648192	2434781184
2353459200	2434781184
2353459200	2434781184
2353598464	2434781184
2374307840	2434781184
2385817600	2434781184
2394193920	2434781184
2405048320	2434781184
2407211008	2434781184
2432974848	2455261184
2437017600	2455261184
2391912448	2455261184
2398175232	2455261184
2406580224	2455261184
2316095488	2455261184
2316095488	2455261184
2316095488	2455261184
2316095488	2455261184
2316095488	2455261184
2316095488	2455261184
2316095488	2455261184
2316095488	2455261184
2316095488	2455261184
2316095488	2455261184
2316095488	2368524288
2316095488	2368524288
2316095488	2368524288
2316095488	2368524288
2316095488	2368524288
2316095488	2368524288
2316095488	2368524288
2316095488	2368524288
2316095488	2368524288
2316095488	2368524288
2316095488	2368524288
2316095488	2368524288
2316095488	2368524288
2316095488	2368524288
2316095488	2368524288
2316095488	2368524288
2316095488	2368524288
2316095488	2368524288
2316095488	2368524288
2316095488	2368524288
2316095488	2368524288
2316095488	2368524288
2346807296	2368524288
2370211840	2389004288
2370924544	2389004288
2371158016	2389004288
2371289088	2389004288
2372059136	2389004288
2379751424	2389004288
2388922368	2389004288
2400747520	2409484288
2464329728	2450444288
2536689664	2552844288
2496155648	2552844288
2418921472	2552844288
2434031616	2552844288
2468032512	2552844288
2501853184	2552844288
2506215424	2552844288
2514952192	2552844288
2526072832	2552844288
2430984192	2552844288
2462412800	2552844288
2486022144	2552844288
2504720384	2552844288
2513072128	2552844288
2526355456	2552844288
2528215040	2552844288
2431049728	2552844288
2431049728	2552844288
2431049728	2552844288
2431049728	2552844288
2431049728	2552844288
2431049728	2552844288
2431049728	2552844288
2431049728	2552844288
2431049728	2552844288
2431049728	2552844288
2431049728	2483478528
2431049728	2483478528
2431049728	2483478528
2431049728	2483478528
2431049728	2483478528
2431049728	2483478528
2431049728	2483478528
2431049728	2483478528
2431049728	2483478528
2431049728	2483478528
2431049728	2483478528
2431049728	2483478528
2431049728	2483478528
2431049728	2483478528
2431049728	2483478528
2431049728	2483478528
2431049728	2483478528
2431049728	2483478528
2431049728	2483478528
2431049728	2483478528
2431049728	2483478528
2431049728	2483478528
2431049728	2483478528
2441465856	2483478528
2479321088	2483478528
2482229248	2483478528
2483466240	2483478528
2483654656	2503958528
2493022208	2503958528
2519207936	2524438528
2649624576	2647318528
2669633536	2688278528
2640863232	2688278528
2551918592	2688278528
2551918592	2688278528
2551918592	2688278528
2574704640	2688278528
2605625344	2688278528
2635063296	2688278528
2639380480	2688278528
2647306240	2688278528
2657992704	2688278528
2664529920	2688278528
2685591552	2708758528
2687070208	2708758528
2689650688	2708758528
2655395840	2708758528
2588999680	2708758528
2609074176	2708758528
2627051520	2708758528
2627121152	2708758528
2642300928	2708758528
2652319744	2708758528
2659438592	2708758528
2667364352	2708758528
2677964800	2708758528
2681335808	2708758528
2658832384	2708758528
2661232640	2708758528
2583044096	2708758528
2583044096	2708758528
2583044096	2708758528
2583044096	2708758528
2583044096	2708758528
2583044096	2708758528
2583044096	2708758528
2583044096	2708758528
2583044096	2708758528
2583044096	2708758528
2583044096	2708758528
2583044096	2708758528
2583044096	2708758528
