62640128	115068928
62640128	115068928
62640128	115068928
62640128	115068928
62640128	115068928
62640128	115068928
62640128	115068928
62640128	115068928
62640128	115068928
62640128	115068928
62640128	115068928
62640128	115068928
62640128	115068928
62640128	115068928
62640128	115068928
62640128	115068928
62640128	115068928
62640128	115068928
62640128	115068928
62640128	115068928
62640128	115068928
62640128	115068928
62640128	115068928
62640128	115068928
62640128	115068928
62640128	115068928
62640128	115068928
62640128	115068928
97275904	115068928
113324032	115068928
113393664	115068928
112140288	115068928
112254976	115068928
112369664	115068928
113446912	115068928
113774592	115068928
113950720	115068928
123133952	135548928
127803392	135548928
152547328	156028928
236875776	237948928
247148544	258428928
125538304	258428928
125456384	258428928
125456384	258428928
125456384	258428928
125456384	258428928
125456384	258428928
125456384	258428928
125456384	258428928
125456384	258428928
125456384	258428928
125456384	258428928
125456384	258428928
125456384	258428928
125456384	258428928
125456384	258428928
125456384	258428928
125456384	177885184
125456384	177885184
125456384	177885184
125456384	177885184
125456384	177885184
125456384	177885184
125456384	177885184
125456384	177885184
125456384	177885184
125456384	177885184
125456384	177885184
125456384	177885184
125456384	177885184
125456384	177885184
125456384	177885184
125456384	177885184
125456384	177885184
125456384	177885184
125456384	177885184
125456384	177885184
125456384	177885184
125456384	177885184
125456384	177885184
125456384	177885184
125456384	177885184
125456384	177885184
125456384	177885184
125456384	177885184
125456384	177885184
128360448	177885184
163860480	177885184
179081216	198365184
180301824	198365184
181342208	198365184
181313536	198365184
181428224	198365184
195457024	198365184
198197248	198365184
198197248	198365184
212389888	218845184
253128704	259805184
156131328	259805184
156131328	259805184
156131328	259805184
156131328	259805184
156131328	259805184
156131328	259805184
156131328	259805184
156131328	259805184
156131328	259805184
156131328	259805184
156131328	259805184
156131328	259805184
156131328	259805184
156131328	259805184
156131328	259805184
156131328	259805184
156131328	208560128
156131328	208560128
156131328	208560128
156131328	208560128
156131328	208560128
156131328	208560128
156131328	208560128
156131328	208560128
156131328	208560128
156131328	208560128
156131328	208560128
156131328	208560128
156131328	208560128
156131328	208560128
156131328	208560128
156131328	208560128
156131328	208560128
156131328	208560128
156131328	208560128
156131328	208560128
156131328	208560128
156131328	208560128
156131328	208560128
156131328	208560128
156131328	208560128
156131328	208560128
156131328	208560128
156131328	208560128
156131328	208560128
156131328	208560128
156131328	208560128
156131328	208560128
156131328	208560128
176197632	208560128
210333696	229040128
210378752	229040128
211742720	229040128
212516864	229040128
212680704	229040128
212774912	229040128
212885504	229040128
223707136	229040128
231301120	249520128
281223168	290480128
268496896	290480128
206389248	290480128
241577984	290480128
243482624	290480128
243687424	290480128
243752960	290480128
245297152	290480128
261783552	290480128
268988416	290480128
284737536	290480128
304910336	331440128
291459072	331440128
209235968	331440128
209235968	331440128
209235968	331440128
209235968	331440128
209235968	261664768
209235968	261664768
209235968	261664768
209235968	261664768
209235968	261664768
209235968	261664768
209235968	261664768
209235968	261664768
209235968	261664768
209235968	261664768
209235968	261664768
209235968	261664768
209235968	261664768
209235968	261664768
209235968	261664768
209235968	261664768
209235968	261664768
209235968	261664768
209235968	261664768
209235968	261664768
209235968	261664768
209235968	261664768
209235968	261664768
209235968	261664768
209235968	261664768
209235968	261664768
209235968	261664768
209235968	261664768
209235968	261664768
209235968	261664768
209235968	261664768
209235968	261664768
214495232	261664768
231837696	261664768
263135232	282144768
263196672	282144768
264642560	282144768
264794112	282144768
265187328	282144768
265351168	282144768
265465856	282144768
265539584	282144768
276455424	282144768
281989120	282144768
294875136	302624768
336248832	343584768
431079424	445984768
390430720	445984768
313331712	445984768
313331712	445984768
313331712	445984768
313331712	445984768
313331712	445984768
313331712	445984768
313331712	445984768
313331712	445984768
313331712	445984768
313331712	365760512
313331712	365760512
313331712	365760512
313331712	365760512
313331712	365760512
313331712	365760512
313331712	365760512
313331712	365760512
313331712	365760512
313331712	365760512
313331712	365760512
313331712	365760512
313331712	365760512
313331712	365760512
313331712	365760512
313331712	365760512
313331712	365760512
313331712	365760512
313331712	365760512
313331712	365760512
313331712	365760512
313331712	365760512
313331712	365760512
313331712	365760512
313331712	365760512
313331712	365760512
313331712	365760512
313331712	365760512
313331712	365760512
313331712	365760512
313331712	365760512
313331712	365760512
313331712	365760512
313331712	365760512
313331712	365760512
313331712	365760512
313331712	365760512
313331712	365760512
313331712	365760512
313331712	365760512
313331712	365760512
313331712	365760512
313331712	365760512
313331712	365760512
313331712	365760512
313331712	365760512
313331712	365760512
313331712	365760512
313331712	365760512
313331712	365760512
313331712	365760512
313331712	365760512
313331712	365760512
313331712	365760512
313331712	365760512
313331712	365760512
313331712	365760512
313331712	365760512
313331712	365760512
313331712	365760512
313331712	365760512
313331712	365760512
313331712	365760512
313331712	365760512
313331712	365760512
313331712	365760512
313331712	365760512
313331712	365760512
