0.0	1000.0
1002.0	1000.0
862.0	2000.0
1496.0	2000.0
2122.0	2000.0
1206.0	3000.0
1269.0	3000.0
1626.0	3000.0
1114.0	3000.0
11388.0	3000.0
1447.0	12000.0
1573.0	12000.0
3946.0	12000.0
1613.0	12000.0
1396.0	12000.0
10431.0	12000.0
3788.0	12000.0
2422.0	12000.0
4558.0	12000.0
1680.0	12000.0
39868.0	12000.0
90557.0	40000.0
387580.0	91000.0
845753.0	388000.0
251842.0	388000.0
1459.0	388000.0
1352.0	388000.0
3990.0	388000.0
12892.0	388000.0
1503.0	388000.0
1304.0	388000.0
1432.0	388000.0
1311.0	388000.0
3428.0	388000.0
384590.0	388000.0
2083545.0	388000.0
62709.0	388000.0
1667.0	388000.0
2537.0	388000.0
799170.0	388000.0
2484451.0	388000.0
2252064.0	388000.0
653601.0	388000.0
3196.0	465600.0
4175.0	465600.0
1331.0	465600.0
3082.0	465600.0
1545.0	465600.0
3862.0	465600.0
3248.0	465600.0
2243.0	465600.0
1343.0	465600.0
1151.0	465600.0
1739.0	465600.0
1148.0	465600.0
1172.0	465600.0
1254.0	465600.0
370531.0	465600.0
916069.0	465600.0
1045147.0	465600.0
449837.0	465600.0
1821390.0	465600.0
343548.0	465600.0
375158.0	465600.0
180719.0	465600.0
37016.0	465600.0
933508.0	465600.0
1990.0	465600.0
460807.0	465600.0
871596.0	465600.0
221038.0	465600.0
1759.0	465600.0
2098.0	465600.0
162318.0	465600.0
203843.0	465600.0
247197.0	465600.0
147342.0	465600.0
1491.0	465600.0
1827.0	465600.0
1305.0	465600.0
1266.0	465600.0
67890.0	465600.0
55398.0	465600.0
31792.0	465600.0
125888.0	465600.0
289449.0	465600.0
432050.0	465600.0
179021.0	465600.0
409775.0	465600.0
285968.0	465600.0
155231.0	465600.0
1198.0	465600.0
1154.0	465600.0
1267.0	465600.0
1287.0	465600.0
1760.0	465600.0
2177.0	465600.0
2630.0	465600.0
2066.0	465600.0
3719.0	465600.0
1294.0	465600.0
1144.0	465600.0
1192.0	465600.0
1177.0	465600.0
1647.0	465600.0
1168.0	465600.0
4537.0	465600.0
1940.0	465600.0
1117.0	465600.0
1075.0	465600.0
3455.0	465600.0
1304.0	465600.0
1143.0	465600.0
1180.0	465600.0
1719.0	465600.0
1134.0	465600.0
3517.0	465600.0
1930.0	465600.0
1069.0	465600.0
1162.0	465600.0
1311.0	465600.0
1492.0	465600.0
1122.0	465600.0
1129.0	465600.0
1135.0	465600.0
1142.0	465600.0
1860.0	465600.0
2193.0	465600.0
30266.0	465600.0
308673.0	465600.0
765316.0	465600.0
23134.0	465600.0
1221.0	465600.0
1086.0	465600.0
1141.0	465600.0
1916.0	465600.0
1679.0	465600.0
1997.0	465600.0
2284.0	465600.0
1262.0	465600.0
1859.0	465600.0
1330.0	465600.0
28791.0	465600.0
934828.0	465600.0
2352696.0	465600.0
1644874.0	465600.0
96940.0	465600.0
11078.0	465600.0
1144.0	465600.0
1090.0	465600.0
1817.0	465600.0
1514.0	465600.0
2453.0	465600.0
1053.0	465600.0
982.0	465600.0
6396.0	465600.0
1114.0	465600.0
6764.0	465600.0
1282.0	465600.0
1125.0	465600.0
1230.0	465600.0
1133.0	465600.0
1726.0	465600.0
1122.0	465600.0
49837.0	465600.0
138733.0	465600.0
92036.0	465600.0
66953.0	465600.0
1258.0	465600.0
1261.0	465600.0
1209.0	465600.0
1149.0	465600.0
1639.0	465600.0
1131.0	465600.0
2323.0	465600.0
1648.0	465600.0
6472.0	465600.0
1197.0	465600.0
1234.0	465600.0
2074.0	465600.0
