0	50000
46689	50000
31082	50000
48317	50000
49992	50000
49988	50000
52749	50000
46776	50000
9905	50000
0	50000
0	50000
0	50000
0	50000
31340	50000
49124	50000
50020	50000
49603	50000
50415	50000
49600	50000
48511	50000
50011	50000
26313	50000
0	50000
0	50000
0	50000
0	50000
0	50000
0	50000
0	50000
0	50000
0	50000
0	50000
0	50000
0	50000
0	50000
0	50000
0	50000
0	50000
0	50000
0	50000
0	50000
0	50000
0	50000
34314	50000
41649	50000
49596	50000
49987	50000
49985	50000
49996	50000
48543	50000
49969	50000
11639	50000
0	50000
0	50000
0	50000
0	50000
0	50000
28648	50000
50017	50000
45921	50000
50025	50000
50076	50000
49440	50000
50022	50000
27897	50000
0	50000
0	50000
0	50000
0	50000
0	50000
0	50000
0	50000
0	50000
0	50000
0	50000
0	50000
0	50000
0	50000
0	50000
0	50000
0	50000
0	50000
0	50000
0	50000
0	50000
0	50000
0	50000
0	50000
0	50000
0	50000
0	50000
0	50000
0	50000
0	50000
0	50000
0	50000
0	50000
0	50000
0	50000
0	50000
0	50000
0	50000
0	50000
38873	50000
50020	50000
39320	50000
49622	50000
49991	50000
49990	50000
49576	50000
49220	50000
3380	50000
0	50000
0	50000
0	50000
0	50000
22067	50000
44976	50000
49422	50000
50404	50000
49589	50000
49993	50000
50391	50000
48684	50000
49998	50000
48713	50000
23342	50000
47327	50000
48022	50000
50012	50000
50063	50000
50401	50000
50262	50000
47837	50000
25494	50000
0	50000
0	50000
0	50000
0	50000
0	50000
0	50000
0	50000
0	50000
0	50000
0	50000
0	50000
0	50000
0	50000
0	50000
0	50000
0	50000
0	50000
0	50000
0	50000
0	50000
0	50000
0	50000
0	50000
0	50000
0	50000
0	50000
0	50000
0	50000
43808	50000
42253	50000
50002	50000
50023	50000
50029	50000
49594	50000
50021	50000
49456	50000
49993	50000
50407	50000
34477	50000
50024	50000
48620	50000
49679	50000
49977	50000
50424	50000
50010	50000
50002	50000
50760	50000
47601	50000
33403	50000
0	50000
0	50000
0	50000
0	50000
0	50000
0	50000
0	50000
0	50000
0	50000
0	50000
0	50000
0	50000
0	50000
0	50000
0	50000
0	50000
0	50000
0	50000
0	50000
0	50000
0	50000
0	50000
0	50000
0	50000
0	50000
0	50000
0	50000
0	50000
0	50000
0	50000
0	50000
0	50000
0	50000
0	50000
0	50000
0	50000
0	50000
0	50000
5263	50000
48197	50000
43478	50000
49972	50000
50002	50000
49900	50000
49987	50000
50365	50000
49554	50000
53947	50000
45482	50000
50017	50000
47490	50000
44995	50000
49954	50000
49983	50000
50384	50000
51966	50000
46690	50000
11580	50000
0	50000
0	50000
0	50000
0	50000
0	50000
0	50000
0	50000
0	50000
0	50000
0	50000
0	50000
0	50000
0	50000
0	50000
0	50000
0	50000
0	50000
0	50000
0	50000
0	50000
0	50000
0	50000
0	50000
0	50000
0	50000
0	50000
0	50000
0	50000
0	50000
0	50000
0	50000
0	50000
0	50000
0	50000
0	50000
0	50000
0	50000
0	50000
0	50000
0	50000
0	50000
0	50000
22290	50000
50389	50000
49034	50000
50000	50000
50372	50000
49931	50000
51693	50000
47493	50000
39731	50000
0	50000
0	50000
0	50000
0	50000
0	50000
0	50000
0	50000
