0	50000
47100	50000
47645	50000
46419	50000
42922	50000
50303	50000
49878	50000
49890	50000
50289	50000
47999	50000
49910	50000
33978	50000
44811	50000
33795	50000
50241	50000
49807	50000
48848	50000
47930	50000
47793	50000
45992	50000
49900	50000
49925	50000
49904	50000
49967	50000
47950	50000
33183	50000
0	50000
0	50000
0	50000
0	50000
0	50000
0	50000
0	50000
0	50000
0	50000
0	50000
0	50000
0	50000
0	50000
0	50000
0	50000
0	50000
32673	50000
49358	50000
16083	50000
25397	50000
49534	50000
49841	50000
50293	50000
49922	50000
50325	50000
49933	50000
53809	50000
45214	50000
49900	50000
42517	50000
41045	50000
49889	50000
50267	50000
48822	50000
49914	50000
36789	50000
0	50000
0	50000
0	50000
0	50000
0	50000
0	50000
0	50000
0	50000
0	50000
0	50000
0	50000
0	50000
0	50000
0	50000
0	50000
0	50000
0	50000
0	50000
0	50000
0	50000
0	50000
0	50000
0	50000
0	50000
0	50000
0	50000
0	50000
0	50000
0	50000
0	50000
0	50000
0	50000
0	50000
0	50000
0	50000
0	50000
0	50000
0	50000
0	50000
0	50000
36153	50000
41417	50000
42766	50000
49899	50000
53595	50000
44847	50000
49923	50000
6708	50000
45365	50000
49490	50000
49829	50000
50119	50000
50269	50000
49877	50000
49912	50000
47573	50000
49915	50000
49906	50000
50300	50000
25875	50000
49667	50000
43131	50000
49861	50000
51334	50000
47293	50000
0	50000
0	50000
0	50000
0	50000
0	50000
0	50000
0	50000
0	50000
0	50000
0	50000
0	50000
0	50000
0	50000
0	50000
0	50000
0	50000
0	50000
0	50000
0	50000
0	50000
0	50000
0	50000
0	50000
0	50000
0	50000
0	50000
0	50000
0	50000
0	50000
0	50000
0	50000
0	50000
0	50000
0	50000
0	50000
42693	50000
41678	50000
50301	50000
49916	50000
50298	50000
49901	50000
49325	50000
49823	50000
50303	50000
41587	50000
49862	50000
45442	50000
49887	50000
50279	50000
50828	50000
47691	50000
35191	50000
45789	50000
50204	50000
49772	50000
50630	50000
49845	50000
47772	50000
49725	50000
25035	50000
0	50000
0	50000
0	50000
0	50000
0	50000
0	50000
0	50000
0	50000
0	50000
0	50000
0	50000
0	50000
0	50000
0	50000
0	50000
0	50000
0	50000
0	50000
0	50000
0	50000
0	50000
0	50000
0	50000
0	50000
0	50000
0	50000
0	50000
0	50000
0	50000
0	50000
0	50000
0	50000
0	50000
0	50000
0	50000
49871	50000
37331	50000
49911	50000
50300	50000
49921	50000
50331	50000
49914	50000
49859	50000
48715	50000
49920	50000
49914	50000
17135	50000
48893	50000
45965	50000
49834	50000
50223	50000
49858	50000
49872	50000
47749	50000
27823	50000
0	50000
0	50000
0	50000
0	50000
0	50000
0	50000
0	50000
0	50000
0	50000
0	50000
0	50000
0	50000
0	50000
0	50000
0	50000
0	50000
0	50000
0	50000
0	50000
0	50000
0	50000
0	50000
0	50000
0	50000
0	50000
0	50000
0	50000
0	50000
0	50000
0	50000
0	50000
0	50000
0	50000
0	50000
0	50000
0	50000
0	50000
0	50000
0	50000
5383	50000
48292	50000
47577	50000
49487	50000
49908	50000
49903	50000
49910	50000
48619	50000
49907	50000
35085	50000
0	50000
0	50000
0	50000
0	50000
0	50000
0	50000
0	50000
0	50000
0	50000
