24297472	268435456
39616512	268435456
139636736	268435456
39063552	268435456
36970496	268435456
37064704	268435456
37216256	268435456
37195776	268435456
37249024	268435456
37281792	268435456
37367808	268435456
37367808	268435456
37367808	268435456
37367808	268435456
37367808	268435456
39874560	268435456
88113152	89796608
145629184	151236608
37523456	151236608
37486592	151236608
37564416	151236608
37548032	151236608
37548032	151236608
37548032	151236608
37548032	151236608
37548032	151236608
37588992	151236608
37588992	151236608
37588992	151236608
37588992	151236608
37588992	151236608
37588992	151236608
37588992	151236608
37588992	151236608
37588992	90017792
37588992	90017792
37588992	90017792
37773312	90017792
37773312	90017792
37773312	90017792
37773312	90017792
37773312	90017792
37773312	90017792
37773312	90017792
75931648	90017792
139173888	151457792
41377792	151457792
38547456	151457792
38588416	151457792
38588416	151457792
41353216	151457792
39231488	151457792
40579072	91303936
124669952	132263936
39952384	152743936
39944192	152743936
39944192	152743936
39944192	152743936
39927808	152743936
39927808	152743936
39927808	152743936
39927808	152743936
39927808	152743936
39927808	152743936
42627072	152743936
40009728	152743936
40009728	152743936
40009728	152743936
40009728	152743936
39993344	152743936
39993344	152743936
39993344	152743936
39993344	92422144
39993344	92422144
39993344	92422144
39993344	92422144
40132608	92422144
40132608	92422144
40132608	92422144
40194048	92422144
40194048	92422144
40194048	92422144
40194048	92422144
40194048	92422144
41123840	92422144
132874240	133382144
138633216	153862144
41136128	153862144
41054208	153862144
41054208	153862144
41054208	153862144
41037824	153862144
41037824	93466624
41037824	93466624
41037824	93466624
41185280	93466624
134172672	134426624
42094592	154906624
42094592	154906624
44847104	154906624
42102784	154906624
42086400	154906624
42086400	154906624
42086400	154906624
42086400	154906624
42086400	154906624
42086400	154906624
42086400	154906624
42086400	154906624
42086400	154906624
42086400	154906624
42086400	154906624
42086400	94515200
42086400	94515200
42221568	94515200
42221568	94515200
42221568	94515200
42221568	94515200
42221568	94515200
42205184	94515200
42205184	94515200
42205184	94515200
42205184	94515200
44826624	94515200
42229760	94515200
42229760	94515200
42229760	94515200
42229760	94515200
42229760	94515200
44589056	94515200
42229760	94515200
42229760	94515200
42229760	94515200
42213376	94515200
42213376	94515200
42213376	94515200
42213376	94515200
42213376	94515200
42213376	94515200
42213376	94515200
42213376	94515200
42213376	94515200
42213376	94515200
42213376	94515200
42213376	94515200
42213376	94515200
42213376	94515200
42606592	94515200
42213376	94515200
42213376	94515200
42213376	94515200
42213376	94515200
42213376	94515200
42213376	94515200
42213376	94515200
42213376	94515200
42213376	94515200
42196992	94515200
42196992	94515200
42196992	94515200
44687360	94515200
42201088	94515200
42201088	94515200
42201088	94515200
42201088	94515200
42201088	94515200
42201088	94515200
42201088	94515200
42201088	94515200
42201088	94515200
42201088	94515200
42201088	94515200
42201088	94515200
42201088	94515200
42201088	94515200
42201088	94515200
42201088	94515200
42201088	94515200
42201088	94515200
42201088	94515200
42201088	94515200
42201088	94515200
42201088	94515200
42201088	94515200
42201088	94515200
42201088	94515200
42201088	94515200
42201088	94515200
42201088	94515200
42201088	94515200
42201088	94515200
42201088	94515200
42201088	94515200
42201088	94515200
42201088	94515200
42201088	94515200
42201088	94515200
42201088	94515200
42201088	94515200
42201088	94515200
42201088	94515200
42201088	94515200
42242048	94515200
42242048	94515200
42242048	94515200
42242048	94515200
85258240	94515200
144109568	155955200
46100480	155955200
43311104	155955200
44519424	155955200
154644480	155955200
46297088	155955200
46297088	155955200
46297088	98725888
46297088	98725888
46297088	98725888
46280704	98725888
46280704	98725888
49180672	98725888
46313472	98725888
46313472	98725888
46313472	98725888
46313472	98725888
46297088	98725888
46297088	98725888
46297088	98725888
46297088	98725888
46297088	98725888
46333952	98725888
46333952	98725888
46354432	98725888
46354432	98725888
46526464	98725888
46387200	98725888
48676864	98725888
46387200	98725888
46387200	98725888
46387200	98725888
46387200	98725888
46387200	98725888
46370816	98725888
46678016	98725888
46370816	98725888
46370816	98725888
46370816	98725888
46370816	98725888
46370816	98725888
46370816	98725888
48730112	98725888
46370816	98725888
46370816	98725888
46370816	98725888
46370816	98725888
46370816	98725888
46370816	98725888
46370816	98725888
46370816	98725888
46370816	98725888
46370816	98725888
46370816	98725888
46370816	98725888
46370816	98725888
46370816	98725888
46370816	98725888
46370816	98725888
46370816	98725888
46370816	98725888
46370816	98725888
46755840	98725888
142503936	157970432
142622720	157970432
45150208	157970432
45121536	157970432
45031424	157970432
45031424	157970432
45031424	157970432
45031424	157970432
45031424	157970432
45031424	157970432
65523712	157970432
50987008	157970432
48033792	157970432
48033792	157970432
48033792	157970432
48017408	157970432
48017408	157970432
48017408	100446208
48017408	100446208
48017408	100446208
48017408	100446208
48115712	100446208
48037888	100446208
48037888	100446208
48037888	100446208
48037888	100446208
48021504	100446208
48021504	100446208
48021504	100446208
48025600	100446208
48025600	100446208
48025600	100446208
48025600	100446208
48025600	100446208
48025600	100446208
48025600	100446208
48025600	100446208
48054272	100446208
48054272	100446208
48054272	100446208
48054272	100446208
48054272	100446208
48037888	100446208
48037888	100446208
48037888	100446208
48037888	100446208
48037888	100446208
50806784	100446208
48062464	100446208
48062464	100446208
50421760	100446208
48062464	100446208
48062464	100446208
48062464	100446208
48062464	100446208
48226304	100446208
48062464	100446208
48046080	100446208
48046080	100446208
48046080	100446208
48046080	100446208
48046080	100446208
48046080	100446208
48046080	100446208
50536448	100446208
48078848	100446208
48078848	100446208
45735936	100446208
45735936	100446208
100814848	120926208
147460096	161886208
49233920	161886208
46534656	161886208
46534656	161886208
46534656	161886208
46534656	161886208
46534656	161886208
46534656	161886208
46534656	161886208
46534656	161886208
46534656	161886208
46534656	161886208
46534656	161886208
64880640	161886208
51994624	161886208
49246208	161886208
49246208	161886208
49278976	98963456
49262592	98963456
49262592	98963456
49262592	98963456
49262592	98963456
49262592	98963456
49262592	98963456
49262592	98963456
49262592	98963456
51867648	98963456
49278976	98963456
49278976	98963456
49278976	98963456
49278976	98963456
49262592	98963456
49262592	98963456
49262592	98963456
49262592	98963456
49262592	98963456
49262592	98963456
49287168	98963456
49287168	98963456
49287168	98963456
49287168	98963456
49287168	98963456
49270784	98963456
49270784	98963456
49455104	98963456
49291264	98963456
49291264	98963456
49291264	98963456
49291264	98963456
49291264	98963456
49291264	98963456
49291264	98963456
49291264	98963456
49291264	98963456
49274880	98963456
49274880	98963456
49274880	98963456
42020864	98963456
41930752	98963456
41930752	98963456
41930752	98963456
41930752	98963456
41930752	98963456
41930752	98963456
41930752	98963456
