30000000,3145288,1621521544720951
30000000,5522114,1621521544820688
30000000,3220308,1621521544922117
30000000,18854854,1621521545020771
30000000,4211686,1621521545120824
30000000,2142030,1621521545220862
30000000,2159690,1621521545320765
30000000,2143703,1621521545420867
30000000,2145966,1621521545520815
30000000,3187406,1621521545620693
30000000,3168875,1621521545722165
30000000,5578274,1621521545820737
30000000,3170231,1621521545920749
30000000,9189695,1621521546020793
30000000,4266011,1621521546124728
30000000,2140477,1621521546220942
30000000,2172265,1621521546320920
30000000,2137645,1621521546421876
30000000,2144500,1621521546522693
30000000,3227638,1621521546620694
30000000,3180321,1621521546722080
30000000,5511391,1621521546820762
30000000,3175123,1621521546920753
30000000,9183153,1621521547020704
30000000,4225604,1621521547121285
30000000,2137693,1621521547222158
30000000,2172445,1621521547323536
30000000,2142582,1621521547422429
30000000,2155017,1621521547522308
30000000,3269735,1621521547620668
30000000,3181718,1621521547720668
30000000,5501561,1621521547821508
30000000,3189078,1621521547921997
30000000,9224953,1621521548020786
30000000,4234633,1621521548121995
30000000,2151940,1621521548221567
30000000,4300361,1621521548321637
30000000,2155564,1621521548420768
30000000,2144361,1621521548520748
30000000,3174874,1621521548620678
30000000,3159532,1621521548723380
30000000,5491905,1621521548820747
30000000,3168526,1621521548920758
30000000,10262927,1621521549020746
30000000,4246891,1621521549121412
30000000,2133734,1621521549220793
30000000,4456579,1621521549322290
30000000,3171449,1621521549421628
30000000,2137300,1621521549522411
30000000,2179375,1621521549620829
30000000,3173084,1621521549720926
30000000,5497827,1621521549820735
30000000,3169796,1621521549921571
30000000,9150274,1621521550021723
30000000,4216494,1621521550120680
30000000,2142164,1621521550220676
30000000,2170648,1621521550320667
30000000,2149204,1621521550421547
30000000,2150417,1621521550520760
30000000,2174173,1621521550621115
30000000,3168108,1621521550721412
30000000,5493553,1621521550822169
30000000,3176788,1621521550921428
30000000,9229044,1621521551020758
30000000,4250185,1621521551123409
30000000,2161274,1621521551221903
30000000,3214753,1621521551321645
30000000,2130689,1621521551421448
30000000,2157289,1621521551523949
30000000,3213935,1621521551620701
30000000,3172335,1621521551720805
30000000,5528316,1621521551823476
30000000,3241521,1621521551921533
30000000,9239469,1621521552020688
30000000,4229712,1621521552120736
30000000,2131329,1621521552220725
30000000,3250879,1621521552321582
30000000,2176237,1621521552420717
30000000,2131921,1621521552520775
30000000,3189635,1621521552620854
30000000,3205611,1621521552725583
30000000,5491984,1621521552821268
30000000,3165867,1621521552923119
30000000,9308256,1621521553021482
30000000,4267419,1621521553121512
30000000,2147324,1621521553220639
30000000,3222081,1621521553320744
30000000,2127898,1621521553421512
30000000,5282045,1621521553521226
30000000,3184803,1621521553621556
30000000,3155132,1621521553720926
30000000,6774275,1621521553820678
30000000,2146535,1621521553920726
30000000,7572327,1621521554021619
30000000,4226684,1621521554121340
30000000,2133344,1621521554220676
30000000,5485254,1621521554322290
30000000,3182787,1621521554420741
30000000,2132521,1621521554525234
30000000,3198870,1621521554620679
30000000,3241899,1621521554720842
30000000,5676393,1621521554821594
30000000,2143963,1621521554920707
30000000,21435542,1621521555020923
30000000,5237390,1621521555121607
30000000,2129832,1621521555224625
30000000,3212052,1621521555321499
30000000,2128153,1621521555422092
30000000,2136169,1621521555520732
30000000,3216715,1621521555624626
30000000,3165519,1621521555722970
30000000,5461823,1621521555820788
30000000,2137256,1621521555920700
30000000,11200940,1621521556020850
30000000,4233340,1621521556122566
30000000,2127715,1621521556221545
30000000,4270199,1621521556320755
30000000,2127331,1621521556422054
30000000,2145187,1621521556520717
30000000,3203673,1621521556620746
30000000,3208415,1621521556721490
30000000,5471220,1621521556822704
30000000,2135327,1621521556920805
30000000,9221630,1621521557020758
30000000,4229564,1621521557121993
30000000,2137290,1621521557222053
30000000,3221365,1621521557320727
30000000,2137818,1621521557420808
30000000,2142726,1621521557521671
30000000,3189406,1621521557624702
30000000,3155962,1621521557721620
30000000,5494833,1621521557821542
30000000,3173969,1621521557922426
30000000,9220954,1621521558021654
30000000,4256563,1621521558120864
30000000,2127769,1621521558221658
30000000,3204308,1621521558320708
30000000,2133198,1621521558420763
30000000,2133616,1621521558520712
30000000,3185478,1621521558620663
30000000,3161915,1621521558720762
30000000,5486108,1621521558822282
30000000,3184189,1621521558920714
30000000,9244555,1621521559022342
30000000,4242587,1621521559121980
30000000,2131636,1621521559222637
30000000,4468501,1621521559320762
30000000,3155301,1621521559420764
30000000,2139385,1621521559521334
30000000,3196584,1621521559621541
30000000,3235382,1621521559721435
30000000,5466807,1621521559823207
30000000,3169626,1621521559920702
30000000,8972512,1621521560020767
30000000,4318312,1621521560122512
30000000,3140380,1621521560220727
30000000,4350120,1621521560322545
30000000,2132138,1621521560421660
30000000,2158168,1621521560522145
30000000,3209209,1621521560620722
30000000,3186490,1621521560721521
30000000,5539534,1621521560822672
30000000,2143811,1621521560920727
30000000,9233446,1621521561022671
30000000,4296646,1621521561122589
30000000,2143517,1621521561221748
30000000,3260517,1621521561320698
30000000,2144743,1621521561422581
30000000,2203334,1621521561522850
30000000,3199380,1621521561625601
30000000,2131077,1621521561720655
30000000,5468451,1621521561821041
30000000,3181628,1621521561924694
30000000,9136528,1621521562021415
30000000,4227071,1621521562120730
30000000,2133000,1621521562220754
30000000,3207863,1621521562321736
30000000,2133627,1621521562420695
30000000,2131469,1621521562521835
30000000,3215288,1621521562620702
30000000,2063267,1621521562722093
30000000,5440162,1621521562820712
30000000,3166287,1621521562920726
30000000,10041657,1621521563020721
30000000,3138311,1621521563124620
30000000,1027953,1621521563221543
30000000,4213856,1621521563322413
30000000,2138902,1621521563420781
30000000,5246110,1621521563520735
30000000,3194450,1621521563620758
30000000,2129355,1621521563720765
30000000,8896727,1621521563820781
30000000,3157811,1621521563921612
30000000,11155878,1621521564020675
30000000,3130397,1621521564121616
30000000,1033881,1621521564222104
30000000,5424158,1621521564325761
30000000,2023291,1621521564421599
30000000,2209454,1621521564520816
30000000,4239638,1621521564620685
30000000,3161193,1621521564721741
30000000,4442699,1621521564820770
30000000,3176384,1621521564924723
30000000,20912219,1621521565024710
30000000,4236134,1621521565121843
30000000,2141948,1621521565221846
30000000,3207184,1621521565321573
30000000,2133888,1621521565421758
30000000,2137607,1621521565523328
30000000,3225345,1621521565621856
30000000,2066093,1621521565725561
30000000,4427089,1621521565821846
30000000,3176522,1621521565920718
30000000,12211563,1621521566020734
30000000,4243766,1621521566121668
30000000,2153232,1621521566220728
30000000,3199847,1621521566322169
30000000,2141471,1621521566422910
30000000,2132702,1621521566523745
30000000,3194384,1621521566620708
30000000,2054685,1621521566720635
30000000,5521097,1621521566824680
30000000,3175364,1621521566921591
30000000,9106629,1621521567020691
30000000,4233725,1621521567122057
30000000,2129604,1621521567220720
30000000,3217478,1621521567320653
30000000,2134936,1621521567420886
30000000,2139209,1621521567520952
30000000,3208489,1621521567620835
30000000,3156171,1621521567720728
30000000,4458052,1621521567820729
30000000,3183953,1621521567920687
30000000,8057879,1621521568021536
30000000,4246195,1621521568120682
30000000,2153053,1621521568221535
30000000,4267021,1621521568325653
30000000,2129591,1621521568423073
30000000,2143603,1621521568522265
30000000,3196925,1621521568621873
30000000,3161847,1621521568725487
30000000,4434533,1621521568821889
30000000,3158682,1621521568921865
30000000,8066438,1621521569020719
30000000,4229668,1621521569123404
30000000,2135865,1621521569222028
30000000,5449197,1621521569320664
30000000,3158711,1621521569421580
30000000,2131933,1621521569521666
30000000,3185678,1621521569622642
30000000,3165213,1621521569720853
30000000,4422030,1621521569821295
30000000,3167582,1621521569922290
30000000,7258237,1621521570026137
30000000,4237744,1621521570120704
30000000,2158539,1621521570221959
30000000,3202290,1621521570321577
30000000,2128871,1621521570420720
30000000,2133516,1621521570520931
30000000,3231007,1621521570620755
30000000,3172194,1621521570720797
30000000,5448382,1621521570820708
30000000,3162629,1621521570920841
30000000,8096796,1621521571021682
30000000,4225303,1621521571120701
30000000,2140071,1621521571227186
30000000,3195742,1621521571321492
30000000,2127291,1621521571421502
30000000,2137099,1621521571521583
30000000,3193068,1621521571620974
30000000,3173857,1621521571720818
30000000,5470881,1621521571820701
30000000,3295311,1621521571920873
30000000,8232931,1621521572021469
30000000,4235894,1621521572121683
30000000,2135331,1621521572221745
30000000,4260037,1621521572320710
30000000,2128799,1621521572421614
30000000,2152308,1621521572520740
30000000,3192709,1621521572621528
30000000,3153729,1621521572721770
30000000,5473978,1621521572823950
30000000,3172166,1621521572921741
30000000,9247884,1621521573020698
30000000,4236371,1621521573120667
30000000,2146918,1621521573220694
30000000,3205128,1621521573320757
30000000,2137402,1621521573424666
30000000,6372764,1621521573520679
30000000,3197380,1621521573620695
30000000,3153963,1621521573720875
30000000,6832951,1621521573820672
30000000,3163919,1621521573920781
30000000,9193529,1621521574020647
30000000,4314978,1621521574124062
30000000,2127544,1621521574220758
30000000,5501811,1621521574321583
30000000,3157438,1621521574421792
30000000,2145774,1621521574521709
30000000,3188946,1621521574620741
30000000,3163145,1621521574721985
30000000,4430362,1621521574821920
30000000,3167490,1621521574921989
30000000,19924760,1621521575021727
30000000,4247018,1621521575121533
30000000,2179011,1621521575220730
30000000,3201435,1621521575325286
30000000,2133332,1621521575420733
30000000,2135167,1621521575520807
30000000,3189214,1621521575621542
30000000,3163609,1621521575722199
30000000,4457676,1621521575821874
30000000,3244594,1621521575920907
30000000,8754942,1621521576020848
30000000,4245156,1621521576122866
30000000,2135613,1621521576220739
30000000,4254915,1621521576321623
30000000,2127351,1621521576420716
30000000,2132957,1621521576521553
30000000,3190840,1621521576625557
30000000,3160117,1621521576721390
30000000,4522952,1621521576822758
30000000,3167641,1621521576921789
30000000,8175181,1621521577020955
30000000,4224308,1621521577121676
30000000,2147720,1621521577220728
30000000,3195057,1621521577322982
30000000,2131600,1621521577423298
30000000,2155555,1621521577520743
30000000,3217098,1621521577620756
30000000,2155339,1621521577720703
30000000,5489584,1621521577823194
30000000,3181691,1621521577920914
30000000,8166052,1621521578020704
30000000,3166888,1621521578120674
30000000,2132195,1621521578222785
30000000,3222703,1621521578320885
30000000,2139163,1621521578420708
30000000,2142769,1621521578521478
30000000,3197146,1621521578621762
30000000,3161126,1621521578723945
30000000,5502645,1621521578820655
30000000,2063284,1621521578920671
30000000,11268546,1621521579020828
30000000,4225548,1621521579122156
30000000,2149215,1621521579221688
30000000,5432705,1621521579321488
30000000,3219536,1621521579420736
30000000,2136111,1621521579522096
30000000,3224603,1621521579621561
30000000,3167365,1621521579721519
30000000,5484172,1621521579820750
30000000,3169118,1621521579924680
30000000,8218164,1621521580024632
30000000,4242344,1621521580121921
30000000,2133591,1621521580220780
30000000,4262241,1621521580321501
30000000,2131123,1621521580421521
30000000,2151866,1621521580520703
30000000,3187523,1621521580620691
30000000,3176722,1621521580720663
30000000,5485247,1621521580821560
30000000,3299863,1621521580921582
30000000,9073117,1621521581029506
30000000,4229193,1621521581120863
30000000,2153477,1621521581222376
30000000,3222030,1621521581320737
30000000,2135669,1621521581420679
30000000,2165535,1621521581522107
30000000,3202612,1621521581620707
30000000,3166492,1621521581720724
30000000,5469243,1621521581820948
30000000,3164792,1621521581920712
30000000,11114127,1621521582020834
30000000,4225515,1621521582120944
30000000,2125028,1621521582221847
30000000,3196339,1621521582321885
30000000,2130850,1621521582422119
30000000,2155249,1621521582521475
30000000,3205398,1621521582621487
30000000,3216903,1621521582725335
30000000,5467855,1621521582821636
30000000,2058405,1621521582921719
30000000,11211779,1621521583021829
30000000,4233887,1621521583120721
30000000,2151878,1621521583220747
30000000,3198306,1621521583326543
30000000,2128010,1621521583421432
30000000,5283832,1621521583522200
30000000,3204008,1621521583620712
30000000,3178614,1621521583724940
30000000,6863315,1621521583822654
30000000,3169920,1621521583921372
30000000,18605546,1621521584020671
30000000,7331667,1621521584120670
30000000,7688621,1621521584222961
30000000,12377612,1621521584320856
30000000,3183571,1621521584421401
30000000,4253253,1621521584522177
30000000,3209398,1621521584621570
30000000,3169611,1621521584720634
30000000,4363424,1621521584821400
30000000,4246314,1621521584920657
30000000,19242105,1621521585020756
30000000,4326683,1621521585121553
30000000,2145651,1621521585220886
30000000,4416174,1621521585320749
30000000,2144081,1621521585421981
30000000,3212071,1621521585520707
30000000,2142242,1621521585622000
30000000,3172460,1621521585724744
30000000,5352058,1621521585821387
30000000,2060891,1621521585920684
30000000,9223463,1621521586021480
30000000,4271684,1621521586121488
30000000,2128739,1621521586222914
30000000,3202156,1621521586322637
30000000,2134074,1621521586421760
30000000,4379829,1621521586520655
30000000,2141225,1621521586621712
30000000,3159939,1621521586720770
30000000,4320240,1621521586820735
30000000,3184085,1621521586921517
30000000,11178638,1621521587020675
30000000,4239193,1621521587121587
30000000,3170286,1621521587221590
30000000,3211137,1621521587322631
30000000,2140420,1621521587422467
30000000,4270379,1621521587522557
30000000,2142250,1621521587620746
30000000,3167703,1621521587720723
30000000,4305322,1621521587824610
30000000,3177090,1621521587925378
30000000,10417435,1621521588021498
30000000,4235996,1621521588120676
30000000,2144575,1621521588222559
30000000,4295571,1621521588324666
30000000,2122325,1621521588420855
30000000,3207853,1621521588521721
30000000,2121820,1621521588621430
30000000,3154737,1621521588722275
30000000,4298730,1621521588821378
30000000,3092047,1621521588922121
30000000,9247614,1621521589022117
30000000,4297799,1621521589121887
30000000,2130143,1621521589221432
30000000,5673434,1621521589325700
30000000,3153732,1621521589423236
30000000,3197291,1621521589520769
30000000,2134890,1621521589620827
30000000,2135161,1621521589720702
30000000,4458359,1621521589820667
30000000,3240982,1621521589922088
30000000,9238444,1621521590021671
30000000,4200983,1621521590125413
30000000,2132108,1621521590222110
30000000,3218542,1621521590322676
30000000,2138896,1621521590425359
30000000,3203522,1621521590520795
30000000,2154783,1621521590624721
30000000,3171429,1621521590720655
30000000,4312483,1621521590820766
30000000,3248149,1621521590924858
30000000,10447668,1621521591021656
30000000,4229918,1621521591125644
30000000,2139060,1621521591220723
30000000,3206322,1621521591321755
30000000,2137062,1621521591420703
30000000,3183173,1621521591521655
30000000,2128855,1621521591624836
30000000,3161214,1621521591724680
30000000,4296984,1621521591820839
30000000,4433851,1621521591921479
30000000,9218845,1621521592021691
30000000,5240948,1621521592120778
30000000,2136809,1621521592221475
30000000,4264492,1621521592321596
30000000,2131360,1621521592421513
30000000,3179353,1621521592521777
30000000,2126468,1621521592621787
30000000,3153058,1621521592720711
30000000,4295086,1621521592820736
30000000,4336271,1621521592920688
30000000,10187323,1621521593021744
30000000,4205084,1621521593122725
30000000,2133555,1621521593221379
30000000,3195864,1621521593321506
30000000,2150847,1621521593424866
30000000,5351988,1621521593521855
30000000,2128304,1621521593620881
30000000,2127211,1621521593721053
30000000,6699797,1621521593820857
30000000,4371410,1621521593920757
30000000,9207162,1621521594024742
30000000,4287233,1621521594120704
30000000,2148349,1621521594220756
30000000,5492369,1621521594321654
30000000,3151982,1621521594420709
30000000,3203063,1621521594520805
30000000,2133428,1621521594624727
30000000,3206122,1621521594721872
30000000,4301827,1621521594824676
30000000,4342590,1621521594921507
30000000,21136442,1621521595021903
30000000,4212155,1621521595121546
30000000,2144647,1621521595220691
30000000,3195810,1621521595321337
30000000,2122381,1621521595421708
30000000,3201063,1621521595524691
30000000,2142976,1621521595620764
30000000,3159608,1621521595722408
30000000,4292819,1621521595822477
30000000,5334950,1621521595921134
30000000,8189765,1621521596021814
30000000,4207216,1621521596120748
30000000,2139532,1621521596222368
30000000,4250591,1621521596323442
30000000,2163255,1621521596421618
30000000,3202086,1621521596521793
30000000,2117296,1621521596621047
30000000,3157181,1621521596721788
30000000,4300436,1621521596821703
30000000,4347305,1621521596921716
30000000,9189630,1621521597024670
30000000,4219333,1621521597120684
30000000,2134457,1621521597221699
30000000,3195333,1621521597321646
30000000,2136775,1621521597426022
30000000,3205548,1621521597520647
30000000,2150516,1621521597621945
30000000,3210522,1621521597720762
30000000,4302759,1621521597826129
30000000,4405857,1621521597921531
30000000,9207820,1621521598021799
30000000,4215129,1621521598121616
30000000,2137981,1621521598220741
30000000,3182409,1621521598321522
30000000,2129651,1621521598422016
30000000,3196575,1621521598520710
30000000,2130767,1621521598621712
30000000,3164134,1621521598721586
30000000,3205937,1621521598821652
30000000,4412475,1621521598925831
30000000,9237500,1621521599020726
30000000,5230416,1621521599120688
30000000,2132511,1621521599223011
30000000,5442693,1621521599320706
30000000,3147244,1621521599421601
30000000,3190300,1621521599521837
30000000,2130266,1621521599621736
30000000,3169121,1621521599721887
30000000,4296547,1621521599822340
30000000,4351789,1621521599923231
30000000,9218070,1621521600020708
30000000,4231855,1621521600120680
30000000,2137931,1621521600221514
30000000,4265425,1621521600320773
30000000,2125259,1621521600421515
30000000,3197684,1621521600520706
30000000,2127533,1621521600620767
30000000,3154786,1621521600720865
30000000,4298848,1621521600822258
30000000,4348778,1621521600921900
30000000,9223700,1621521601020805
30000000,4308886,1621521601122384
30000000,2127765,1621521601220751
30000000,3189225,1621521601321503
30000000,2187255,1621521601420677
30000000,3195131,1621521601520733
30000000,2111975,1621521601620811
30000000,3150425,1621521601720724
30000000,4292414,1621521601820877
30000000,4330812,1621521601921818
30000000,9272655,1621521602020712
30000000,5215945,1621521602121445
30000000,2134373,1621521602223357
30000000,3184496,1621521602322019
30000000,2133759,1621521602420656
30000000,2158828,1621521602524680
30000000,2179019,1621521602621563
30000000,3161573,1621521602721389
30000000,4413251,1621521602822358
30000000,4342798,1621521602920790
30000000,10260980,1621521603020765
30000000,4238109,1621521603125932
30000000,2142867,1621521603221729
30000000,3205161,1621521603321552
30000000,2133843,1621521603422110
30000000,5330422,1621521603520716
30000000,2192500,1621521603621458
30000000,3231022,1621521603721568
30000000,5532686,1621521603820770
30000000,4410310,1621521603920744
30000000,9169934,1621521604021130
30000000,4225023,1621521604121771
30000000,2145222,1621521604221795
30000000,6534497,1621521604320701
30000000,3147205,1621521604425487
30000000,3206228,1621521604520725
30000000,2143883,1621521604622418
30000000,3177027,1621521604721971
30000000,4300173,1621521604820691
30000000,4328670,1621521604920875
30000000,19655543,1621521605020730
30000000,4295915,1621521605121819
30000000,2146179,1621521605226147
30000000,3191025,1621521605320904
30000000,2245474,1621521605420802
30000000,4300568,1621521605520728
30000000,2142414,1621521605620643
30000000,3167412,1621521605724721
30000000,4309126,1621521605824641
30000000,4343989,1621521605921518
30000000,8079124,1621521606022692
30000000,4217383,1621521606121071
30000000,2142562,1621521606220895
30000000,3219544,1621521606320866
30000000,2145425,1621521606420744
30000000,3232318,1621521606521355
30000000,2139695,1621521606621442
30000000,3164376,1621521606720699
30000000,4319205,1621521606820732
30000000,4329767,1621521606921466
30000000,9208002,1621521607020841
30000000,4227187,1621521607122793
30000000,2149784,1621521607222317
30000000,3212667,1621521607320700
30000000,2154418,1621521607421460
30000000,3215543,1621521607522243
30000000,2132255,1621521607620693
30000000,3160539,1621521607720715
30000000,3245033,1621521607820720
30000000,4332476,1621521607920772
30000000,7132637,1621521608020663
30000000,3119945,1621521608121578
30000000,2144696,1621521608221619
30000000,4271998,1621521608321628
30000000,2128375,1621521608424700
30000000,3256801,1621521608520873
30000000,2130224,1621521608621717
30000000,3162477,1621521608721606
30000000,4304177,1621521608820687
30000000,4320950,1621521608921533
30000000,10244906,1621521609023469
30000000,4113195,1621521609124669
30000000,2134996,1621521609222150
30000000,4211754,1621521609321825
30000000,3286456,1621521609421686
30000000,3190732,1621521609525637
30000000,2127933,1621521609633400
30000000,3157248,1621521609721377
30000000,4317199,1621521609825079
30000000,4334216,1621521609921935
30000000,9107890,1621521610021604
30000000,4215592,1621521610121516
30000000,2207091,1621521610220814
30000000,3227670,1621521610320637
30000000,2139962,1621521610420760
30000000,3205805,1621521610521733
30000000,2137473,1621521610621967
30000000,3169254,1621521610725366
30000000,4309891,1621521610821616
30000000,4338343,1621521610921606
30000000,9223558,1621521611021450
30000000,2093388,1621521611122271
30000000,2129528,1621521611223172
30000000,3195413,1621521611321671
30000000,2133712,1621521611420757
30000000,3194938,1621521611521763
30000000,2136199,1621521611621572
30000000,3161699,1621521611720718
30000000,4288010,1621521611820773
30000000,4334212,1621521611921603
30000000,9228904,1621521612021531
30000000,5216187,1621521612121587
30000000,2128040,1621521612222059
30000000,4266624,1621521612322834
30000000,2122963,1621521612426259
30000000,3192797,1621521612520828
30000000,2128602,1621521612620844
30000000,3153297,1621521612720812
30000000,4293098,1621521612820718
30000000,4320374,1621521612920756
30000000,9326286,1621521613021524
30000000,4361841,1621521613122750
30000000,2134195,1621521613220771
30000000,3196389,1621521613320774
30000000,2133006,1621521613420914
30000000,6288532,1621521613522195
30000000,2119570,1621521613622425
30000000,3144830,1621521613721541
30000000,5485042,1621521613820797
30000000,4335767,1621521613921734
30000000,7583542,1621521614021781
30000000,4299700,1621521614120672
30000000,2124593,1621521614222217
30000000,6545717,1621521614320662
30000000,3151739,1621521614420847
30000000,3192411,1621521614520796
30000000,2143409,1621521614621012
30000000,3168655,1621521614721510
30000000,4292029,1621521614821601
30000000,4335383,1621521614921604
30000000,21140731,1621521615021409
30000000,4208374,1621521615121476
30000000,2174945,1621521615222343
30000000,3234876,1621521615320721
30000000,2133539,1621521615422087
30000000,3200050,1621521615522170
30000000,2134029,1621521615622784
30000000,3156889,1621521615724666
30000000,3201175,1621521615821702
30000000,4349206,1621521615920852
30000000,10215586,1621521616021538
30000000,4217702,1621521616121623
30000000,2131135,1621521616220675
30000000,4259824,1621521616323159
30000000,2114809,1621521616420754
30000000,3187272,1621521616521430
30000000,2123017,1621521616620682
30000000,3156313,1621521616720843
30000000,4292440,1621521616822766
30000000,4346802,1621521616920829
30000000,10187062,1621521617021568
30000000,4208737,1621521617120672
30000000,2130477,1621521617220699
30000000,3194697,1621521617320709
30000000,2120633,1621521617422018
30000000,3334237,1621521617520675
30000000,2121802,1621521617622964
30000000,3159906,1621521617721840
30000000,4296477,1621521617820777
30000000,4332839,1621521617921620
30000000,9135683,1621521618022432
30000000,4229109,1621521618121606
30000000,2125401,1621521618221424
30000000,3189043,1621521618324636
30000000,2123503,1621521618420773
30000000,3186751,1621521618520673
30000000,2121488,1621521618620749
30000000,4238945,1621521618722430
30000000,4385362,1621521618821894
30000000,4342241,1621521618921568
30000000,10365798,1621521619020770
30000000,4210700,1621521619120653
30000000,2129170,1621521619221508
30000000,5543159,1621521619320733
30000000,3157988,1621521619422401
30000000,3223162,1621521619522373
30000000,2144760,1621521619621467
30000000,3171345,1621521619720801
30000000,4340236,1621521619821660
30000000,4319233,1621521619920768
30000000,9188504,1621521620022845
30000000,4222791,1621521620121224
30000000,2137819,1621521620220743
30000000,4320817,1621521620321524
30000000,2130833,1621521620421673
30000000,3210530,1621521620522193
30000000,2137962,1621521620620725
30000000,3154772,1621521620720686
30000000,4314767,1621521620821769
30000000,4409349,1621521620920732
30000000,9283948,1621521621020881
30000000,5207163,1621521621122140
30000000,2133855,1621521621220733
30000000,3196877,1621521621320745
30000000,2133506,1621521621420721
30000000,3179172,1621521621520733
30000000,2201742,1621521621624749
30000000,3160419,1621521621721457
30000000,4306038,1621521621821923
30000000,4332217,1621521621920929
30000000,9174450,1621521622020852
30000000,4265671,1621521622120828
30000000,2136832,1621521622221048
30000000,3224918,1621521622320756
30000000,2136870,1621521622420855
30000000,3206853,1621521622521888
30000000,2133902,1621521622621698
30000000,3167918,1621521622720665
30000000,4304214,1621521622820692
30000000,4328102,1621521622920727
30000000,7060981,1621521623021817
30000000,4275984,1621521623127204
30000000,2136324,1621521623220728
30000000,3201801,1621521623323118
30000000,2134160,1621521623425682
30000000,5299966,1621521623524720
30000000,2141214,1621521623624688
30000000,3178052,1621521623721494
30000000,6656120,1621521623821953
30000000,4339781,1621521623923322
30000000,8167098,1621521624021642
30000000,5270649,1621521624122368
30000000,2135989,1621521624220772
30000000,5518031,1621521624321832
30000000,3160824,1621521624421532
30000000,3202061,1621521624522422
30000000,2136834,1621521624621539
30000000,3279982,1621521624720670
30000000,4360646,1621521624820660
30000000,4333408,1621521624925385
30000000,20018090,1621521625020794
30000000,5274874,1621521625121528
30000000,2139149,1621521625221563
30000000,3202881,1621521625320797
30000000,2147657,1621521625426239
30000000,3213808,1621521625524141
30000000,2154517,1621521625624760
30000000,3205240,1621521625720729
30000000,4323506,1621521625820736
30000000,4351366,1621521625920697
30000000,8158623,1621521626021426
30000000,5270923,1621521626121904
30000000,2145270,1621521626220765
30000000,3199403,1621521626321593
30000000,2134052,1621521626420870
30000000,3205632,1621521626521695
30000000,2134612,1621521626625424
30000000,3163059,1621521626720782
30000000,4305442,1621521626821493
30000000,4346712,1621521626920878
30000000,9129886,1621521627021614
30000000,5339896,1621521627120953
30000000,2143146,1621521627220764
30000000,3194912,1621521627320864
30000000,2140623,1621521627420859
30000000,3207054,1621521627520845
30000000,2141558,1621521627620777
30000000,3170555,1621521627721749
30000000,4333569,1621521627820667
30000000,4330036,1621521627920762
30000000,7103166,1621521628021478
30000000,5283257,1621521628121613
30000000,2142721,1621521628220749
30000000,5287569,1621521628322341
30000000,2141409,1621521628421621
30000000,3209507,1621521628520807
30000000,2139614,1621521628620719
30000000,3162670,1621521628720705
30000000,4316731,1621521628820675
30000000,4339341,1621521628921586
30000000,8139393,1621521629022145
30000000,5272412,1621521629121478
30000000,2139689,1621521629221552
30000000,5511656,1621521629325601
30000000,3163504,1621521629422112
30000000,3218071,1621521629520762
30000000,2149322,1621521629620702
30000000,3186250,1621521629721878
30000000,4314685,1621521629822029
30000000,4378702,1621521629922059
30000000,8100862,1621521630024617
30000000,6278794,1621521630122138
30000000,2136949,1621521630220671
30000000,3196673,1621521630321956
30000000,2143483,1621521630425466
30000000,3218332,1621521630522848
30000000,2151721,1621521630620869
30000000,3171763,1621521630722922
30000000,4302317,1621521630820709
30000000,4356815,1621521630921547
30000000,9208128,1621521631020739
30000000,6283345,1621521631120729
30000000,2145711,1621521631221516
30000000,3248675,1621521631321635
30000000,2141802,1621521631421663
30000000,3265670,1621521631521629
30000000,2144974,1621521631621874
30000000,3171897,1621521631721852
30000000,4319813,1621521631820763
30000000,4376273,1621521631924655
30000000,9403409,1621521632021552
30000000,6303106,1621521632121764
30000000,2133079,1621521632222273
30000000,5297760,1621521632322484
30000000,2154949,1621521632420894
30000000,3219858,1621521632520714
30000000,2143010,1621521632621694
30000000,3174445,1621521632722779
30000000,4327107,1621521632821720
30000000,4418984,1621521632921540
30000000,8074589,1621521633020718
30000000,5290658,1621521633121861
30000000,2138022,1621521633220763
30000000,3202678,1621521633322169
30000000,2170525,1621521633421706
30000000,7359618,1621521633522376
30000000,3147975,1621521633621741
30000000,3179174,1621521633723674
30000000,6688689,1621521633822755
30000000,5352318,1621521633921492
30000000,8157284,1621521634021536
30000000,5348643,1621521634124712
30000000,2228853,1621521634221666
30000000,5467391,1621521634320811
30000000,3156490,1621521634420748
30000000,2139672,1621521634520711
30000000,2130703,1621521634621753
30000000,3242131,1621521634725486
30000000,4312730,1621521634821971
30000000,4357891,1621521634922314
30000000,20745957,1621521635020640
30000000,5300791,1621521635120701
30000000,2150788,1621521635221669
30000000,3197515,1621521635320758
30000000,2139827,1621521635420744
30000000,3247030,1621521635521511
30000000,2169477,1621521635621848
30000000,3165882,1621521635722717
30000000,4321714,1621521635824983
30000000,4344402,1621521635922582
30000000,8073758,1621521636022207
30000000,5339726,1621521636122605
30000000,2138171,1621521636220684
30000000,3212153,1621521636321542
30000000,2148402,1621521636421639
30000000,2142376,1621521636520677
30000000,2141003,1621521636621650
30000000,3171102,1621521636725554
30000000,4387102,1621521636821735
30000000,4332285,1621521636921635
30000000,8072935,1621521637021589
30000000,5256081,1621521637121384
30000000,2132110,1621521637221470
30000000,3210022,1621521637320732
30000000,2178671,1621521637421463
30000000,3219075,1621521637522334
30000000,2133455,1621521637620876
30000000,3169721,1621521637724911
30000000,4330001,1621521637820904
30000000,4369618,1621521637921898
30000000,8166645,1621521638020790
30000000,5285547,1621521638120663
30000000,2139506,1621521638222205
30000000,3230268,1621521638321503
30000000,2158873,1621521638420743
30000000,3195936,1621521638528694
30000000,2201714,1621521638622216
30000000,3164819,1621521638721890
30000000,4309100,1621521638821682
30000000,4425636,1621521638924847
30000000,9197653,1621521639020792
30000000,5259239,1621521639121753
30000000,2131826,1621521639222718
30000000,5473180,1621521639324765
30000000,3163715,1621521639422921
30000000,2154495,1621521639521897
30000000,2129845,1621521639620713
30000000,3178148,1621521639722742
30000000,4315405,1621521639821732
30000000,4338735,1621521639923516
30000000,8169779,1621521640021895
30000000,5312102,1621521640120656
30000000,2140746,1621521640221547
30000000,3199905,1621521640321475
30000000,2155183,1621521640422259
30000000,2153777,1621521640521416
30000000,2158777,1621521640625533
30000000,3166537,1621521640720741
30000000,4361737,1621521640826168
30000000,4362091,1621521640920770
30000000,8168738,1621521641022972
30000000,4195223,1621521641120772
30000000,2235537,1621521641220675
30000000,3228388,1621521641321555
30000000,2137783,1621521641422090
30000000,2140753,1621521641520698
30000000,2137531,1621521641621473
30000000,3163133,1621521641720739
30000000,4380919,1621521641820860
30000000,4384586,1621521641920762
30000000,8127162,1621521642020799
30000000,5272199,1621521642120670
30000000,2133411,1621521642221465
30000000,2197297,1621521642322115
30000000,2134469,1621521642421392
30000000,3205792,1621521642525080
30000000,2134243,1621521642622695
30000000,3167478,1621521642721512
30000000,4310196,1621521642822303
30000000,3224199,1621521642921591
30000000,8081224,1621521643020688
30000000,5277865,1621521643122363
30000000,2159864,1621521643221889
30000000,3200906,1621521643320728
30000000,2142323,1621521643421522
30000000,5243619,1621521643520659
30000000,2127941,1621521643620707
30000000,3160715,1621521643724709
30000000,6639535,1621521643822385
30000000,3219354,1621521643920661
30000000,8023333,1621521644021675
30000000,4262929,1621521644120830
30000000,11902496,1621521644224837
30000000,10341165,1621521644322677
30000000,5247945,1621521644421492
30000000,3250686,1621521644521603
30000000,4226325,1621521644620768
30000000,3165398,1621521644720659
30000000,3287248,1621521644820735
30000000,3183572,1621521644922167
30000000,23022158,1621521645023860
30000000,4225052,1621521645122787
30000000,3238370,1621521645224825
30000000,2143269,1621521645323184
30000000,4360436,1621521645421672
30000000,2141712,1621521645522426
30000000,2132303,1621521645621727
30000000,3222179,1621521645721542
30000000,3241317,1621521645821764
30000000,4193783,1621521645920734
30000000,10316420,1621521646020749
30000000,4212528,1621521646120688
30000000,3205912,1621521646220827
30000000,2143336,1621521646320657
30000000,3197042,1621521646421958
30000000,3327696,1621521646527249
30000000,2147957,1621521646622549
30000000,4199255,1621521646721498
30000000,3252614,1621521646820722
30000000,3186752,1621521646922275
30000000,9228531,1621521647021848
30000000,4245406,1621521647124781
30000000,4256093,1621521647222485
30000000,2143212,1621521647321699
30000000,3199327,1621521647420879
30000000,2154003,1621521647522002
30000000,2151426,1621521647620733
30000000,5247491,1621521647720670
30000000,3239581,1621521647821677
30000000,3178743,1621521647921399
30000000,8067561,1621521648020716
30000000,5430416,1621521648120938
30000000,3210900,1621521648222725
30000000,3240293,1621521648321915
30000000,3209709,1621521648421972
30000000,2137510,1621521648520797
30000000,2156761,1621521648621578
30000000,3217629,1621521648720656
30000000,3250931,1621521648822016
30000000,3217226,1621521648921652
30000000,10254542,1621521649021629
30000000,4223099,1621521649120654
30000000,3202175,1621521649220762
30000000,4388004,1621521649321941
30000000,4227856,1621521649421683
30000000,2142080,1621521649522870
30000000,2158850,1621521649620775
30000000,3201573,1621521649721502
30000000,3245075,1621521649822123
30000000,3189925,1621521649920699
30000000,11434903,1621521650020719
30000000,4239427,1621521650121498
30000000,3201292,1621521650220774
30000000,2136104,1621521650320667
30000000,3217284,1621521650420875
30000000,2135455,1621521650520694
30000000,2144813,1621521650621500
30000000,3199531,1621521650721376
30000000,3251023,1621521650820725
30000000,3169270,1621521650920677
30000000,10528714,1621521651020631
30000000,4229018,1621521651124661
30000000,3324190,1621521651220655
30000000,2165593,1621521651325426
30000000,3203778,1621521651420812
30000000,2135711,1621521651520754
30000000,2142587,1621521651620672
30000000,4268992,1621521651721557
30000000,3260776,1621521651820699
30000000,3170801,1621521651924731
30000000,10266048,1621521652024714
30000000,4215945,1621521652120648
30000000,2138170,1621521652221541
30000000,1027915,1621521652322702
30000000,2082412,1621521652421606
30000000,2135997,1621521652522481
30000000,2140160,1621521652621936
30000000,4215685,1621521652723377
30000000,3232304,1621521652825361
30000000,3264133,1621521652921516
30000000,10305520,1621521653021584
30000000,4277455,1621521653121454
30000000,3225543,1621521653221422
30000000,2125444,1621521653320934
30000000,2096303,1621521653421621
30000000,5285662,1621521653522747
30000000,2136639,1621521653620790
30000000,4221597,1621521653722037
30000000,4647434,1621521653825989
30000000,3192847,1621521653920649
30000000,10501113,1621521654020722
30000000,5246128,1621521654121350
30000000,3219061,1621521654220706
30000000,4461461,1621521654321508
30000000,4217616,1621521654421708
30000000,2135417,1621521654520741
30000000,2139571,1621521654621480
30000000,4246262,1621521654720672
30000000,3237811,1621521654822974
30000000,3174583,1621521654920874
30000000,24297007,1621521655021509
30000000,4223950,1621521655120731
30000000,3202890,1621521655220754
30000000,2190074,1621521655325699
30000000,3234842,1621521655421530
30000000,2138165,1621521655521599
30000000,2133851,1621521655620740
30000000,3214936,1621521655720797
30000000,2238569,1621521655821700
30000000,4194024,1621521655921686
30000000,9290815,1621521656024670
30000000,4240953,1621521656120735
30000000,3203850,1621521656220738
30000000,3265021,1621521656321541
30000000,3190509,1621521656421140
30000000,2146525,1621521656521489
30000000,2161000,1621521656622475
30000000,3212774,1621521656722214
30000000,2221743,1621521656824793
30000000,3181402,1621521656921966
30000000,9143293,1621521657020678
30000000,4210207,1621521657120692
30000000,3191873,1621521657222015
30000000,2137596,1621521657321734
30000000,3196164,1621521657421641
30000000,2138604,1621521657520622
30000000,2133116,1621521657621966
30000000,4390970,1621521657720970
30000000,3247340,1621521657820838
30000000,3170998,1621521657922008
30000000,10444861,1621521658020679
30000000,4227617,1621521658123489
30000000,3208646,1621521658222346
30000000,2171295,1621521658327225
30000000,2176518,1621521658421968
30000000,2137513,1621521658520671
30000000,3132368,1621521658621727
30000000,4228534,1621521658720849
30000000,3241613,1621521658820762
30000000,3180360,1621521658921799
30000000,10395422,1621521659024391
30000000,4306926,1621521659124802
30000000,3244149,1621521659220712
30000000,4381411,1621521659324761
30000000,4204826,1621521659420757
30000000,2142309,1621521659521483
30000000,2147294,1621521659620626
30000000,4237557,1621521659720654
30000000,3390334,1621521659820768
30000000,3315712,1621521659921760
30000000,10420091,1621521660021632
30000000,4283157,1621521660122306
30000000,3219248,1621521660221764
30000000,4218774,1621521660324619
30000000,3201562,1621521660421469
30000000,2140874,1621521660521772
30000000,3213846,1621521660620733
30000000,3191415,1621521660721481
30000000,3241031,1621521660822385
30000000,3185656,1621521660921809
30000000,11489095,1621521661021676
30000000,4239347,1621521661120695
30000000,3204447,1621521661221688
30000000,2140098,1621521661322287
30000000,3191781,1621521661420771
30000000,2140727,1621521661521675
30000000,2133094,1621521661623300
30000000,4284359,1621521661720698
30000000,3250393,1621521661821426
30000000,3171231,1621521661922634
30000000,12463925,1621521662021861
30000000,5322052,1621521662120793
30000000,3194323,1621521662220784
30000000,2136253,1621521662320755
30000000,3195790,1621521662421519
30000000,2144898,1621521662520702
30000000,2135928,1621521662621639
30000000,4220158,1621521662724688
30000000,3237973,1621521662820657
30000000,3170358,1621521662924683
30000000,12451203,1621521663025542
30000000,4226439,1621521663120856
30000000,3211798,1621521663225687
30000000,2202087,1621521663320693
30000000,3186303,1621521663421552
30000000,4248553,1621521663520738
30000000,2140861,1621521663622366
30000000,4224479,1621521663720641
30000000,5578021,1621521663821736
30000000,3215941,1621521663921623
30000000,10445648,1621521664020719
30000000,5243146,1621521664121656
30000000,3199986,1621521664221616
30000000,4431545,1621521664320742
30000000,4272859,1621521664425429
30000000,2143121,1621521664520656
30000000,2122722,1621521664620769
30000000,2171467,1621521664720711
30000000,3242845,1621521664820770
30000000,3168829,1621521664920692
30000000,23122973,1621521665021036
30000000,4222838,1621521665120918
30000000,3269438,1621521665221736
30000000,2136501,1621521665320786
30000000,3200380,1621521665420874
30000000,2131575,1621521665520754
30000000,2169017,1621521665622260
30000000,2082006,1621521665722427
30000000,3248865,1621521665821607
30000000,3175692,1621521665920704
30000000,10316719,1621521666020777
30000000,4241262,1621521666128155
30000000,3240452,1621521666221972
30000000,2135703,1621521666322135
30000000,3194149,1621521666420863
30000000,2134156,1621521666520660
30000000,2144928,1621521666624653
30000000,3187720,1621521666720737
30000000,3249940,1621521666820647
30000000,3175059,1621521666920692
30000000,10485475,1621521667020688
30000000,4244888,1621521667121754
30000000,2114272,1621521667221800
30000000,1035821,1621521667320882
30000000,2089811,1621521667420761
30000000,1032432,1621521667521604
30000000,1029967,1621521667621523
30000000,3116229,1621521667721610
30000000,2139900,1621521667820735
30000000,2070539,1621521667922832
30000000,9336703,1621521668021551
30000000,3110689,1621521668122597
30000000,3089302,1621521668221601
30000000,2113888,1621521668320752
30000000,2092569,1621521668421768
30000000,1030546,1621521668521807
30000000,2139091,1621521668621580
30000000,3112240,1621521668721229
30000000,3256462,1621521668825287
30000000,3164990,1621521668921698
30000000,11278892,1621521669020704
30000000,3208586,1621521669121478
30000000,3207058,1621521669220728
30000000,4424153,1621521669322672
30000000,4208927,1621521669421933
30000000,1031548,1621521669520633
30000000,2179980,1621521669622195
30000000,4217436,1621521669720711
30000000,3240439,1621521669820738
30000000,3167672,1621521669921503
30000000,11415898,1621521670020817
30000000,4239498,1621521670121577
30000000,3206386,1621521670220693
30000000,2155347,1621521670323560
30000000,3222249,1621521670421665
30000000,2178845,1621521670522898
30000000,2156487,1621521670621848
30000000,3247701,1621521670720754
30000000,3242398,1621521670821595
30000000,3174352,1621521670924774
30000000,10403848,1621521671022247
30000000,4240299,1621521671122193
30000000,3218458,1621521671222470
30000000,2157593,1621521671323034
30000000,3208867,1621521671422322
30000000,1031905,1621521671521752
30000000,1035299,1621521671624798
30000000,4275478,1621521671721533
30000000,3264712,1621521671823168
30000000,3274506,1621521671921471
30000000,10450221,1621521672025434
30000000,6222326,1621521672121581
30000000,3207001,1621521672221759
30000000,3242800,1621521672321366
30000000,3199740,1621521672422625
30000000,2133737,1621521672521877
30000000,2145607,1621521672622211
30000000,3195892,1621521672720678
30000000,3256424,1621521672822019
30000000,3198454,1621521672920655
30000000,10415436,1621521673020727
30000000,3115879,1621521673121635
30000000,3199057,1621521673220758
30000000,2137261,1621521673322178
30000000,2175728,1621521673421769
30000000,4211681,1621521673520805
30000000,3132023,1621521673620790
30000000,3208656,1621521673720758
30000000,4551072,1621521673821687
30000000,3172162,1621521673924653
30000000,10393645,1621521674022757
30000000,4200699,1621521674137101
30000000,3212316,1621521674220747
30000000,5500804,1621521674322055
30000000,4213956,1621521674420647
30000000,2142984,1621521674521595
30000000,2140233,1621521674620957
30000000,4219348,1621521674720693
30000000,3244004,1621521674820708
30000000,3158792,1621521674920758
30000000,23777783,1621521675021639
30000000,3187654,1621521675122205
30000000,3345534,1621521675222393
30000000,2144707,1621521675321660
30000000,3203420,1621521675421644
30000000,2187795,1621521675521418
30000000,2162021,1621521675620692
30000000,3209485,1621521675722414
30000000,2237232,1621521675821908
30000000,3185270,1621521675922546
30000000,11387805,1621521676023171
30000000,4251032,1621521676122073
30000000,4209235,1621521676221545
30000000,3206033,1621521676320668
30000000,3190958,1621521676421495
30000000,2149285,1621521676520687
30000000,2148321,1621521676626974
30000000,4244362,1621521676720879
30000000,3245585,1621521676822278
30000000,3187675,1621521676920733
30000000,9433814,1621521677020663
30000000,3204437,1621521677121515
30000000,3202344,1621521677225634
30000000,2144805,1621521677323296
30000000,3190176,1621521677425444
30000000,3141425,1621521677520629
30000000,2137849,1621521677622873
30000000,4342473,1621521677720701
30000000,3255197,1621521677823239
30000000,3174733,1621521677921514
30000000,10413314,1621521678021545
30000000,4297530,1621521678120745
30000000,2173524,1621521678222154
30000000,2160221,1621521678322025
30000000,2091553,1621521678421420
30000000,2141595,1621521678521511
30000000,2135631,1621521678620680
30000000,4248988,1621521678720666
30000000,3244577,1621521678820794
30000000,3307130,1621521678920724
30000000,11443600,1621521679020873
30000000,4216441,1621521679121730
30000000,3201085,1621521679221601
30000000,4387374,1621521679320716
30000000,4211977,1621521679421741
30000000,2146624,1621521679520731
30000000,2138300,1621521679622183
30000000,4215256,1621521679720664
30000000,3241001,1621521679821926
30000000,3198088,1621521679920881
30000000,10376650,1621521680020694
30000000,4251824,1621521680120739
30000000,3203894,1621521680220837
30000000,3210760,1621521680321622
30000000,3207250,1621521680420751
30000000,2136042,1621521680521664
30000000,2132174,1621521680629340
30000000,4220963,1621521680721584
30000000,3259872,1621521680820664
30000000,3172461,1621521680922618
30000000,10367324,1621521681022229
30000000,4222450,1621521681122269
30000000,3199514,1621521681220768
30000000,2134441,1621521681321682
30000000,3215205,1621521681421550
30000000,2133776,1621521681524711
30000000,2139352,1621521681620676
30000000,4228278,1621521681725551
30000000,3241279,1621521681824457
30000000,3182205,1621521681920686
30000000,11396226,1621521682020874
30000000,4333912,1621521682122458
30000000,5189726,1621521682220770
30000000,2126271,1621521682320785
30000000,3236226,1621521682420758
30000000,2145596,1621521682521570
30000000,2142116,1621521682620658
30000000,4225627,1621521682720667
30000000,3247228,1621521682820653
30000000,3179934,1621521682920646
30000000,10397296,1621521683021576
30000000,4215546,1621521683122814
30000000,3190611,1621521683220812
30000000,2142307,1621521683322383
30000000,3231067,1621521683422317
30000000,5244113,1621521683521461
30000000,2136683,1621521683624042
30000000,4245478,1621521683720681
30000000,4689692,1621521683821908
30000000,3188922,1621521683922864
30000000,9864084,1621521684020661
30000000,4268099,1621521684121479
30000000,2093654,1621521684220749
30000000,5540369,1621521684322348
30000000,4214308,1621521684420742
30000000,2139879,1621521684524711
30000000,2139933,1621521684620711
30000000,4253037,1621521684722210
30000000,3249319,1621521684820697
30000000,3168593,1621521684920743
30000000,22518020,1621521685021531
30000000,5230112,1621521685120759
30000000,3201637,1621521685226063
30000000,2145194,1621521685321550
30000000,3215349,1621521685425485
30000000,2136971,1621521685524944
30000000,2095981,1621521685621754
30000000,4224607,1621521685720662
30000000,3237228,1621521685820850
30000000,3177436,1621521685921619
30000000,10405368,1621521686020736
30000000,2248797,1621521686122598
30000000,3212402,1621521686220644
30000000,2142009,1621521686322397
30000000,3198735,1621521686421668
30000000,2133567,1621521686522245
30000000,2138409,1621521686621660
30000000,4226873,1621521686721472
30000000,3252254,1621521686820685
30000000,3172977,1621521686921572
30000000,9403215,1621521687020770
30000000,3209714,1621521687120700
30000000,3190172,1621521687224741
30000000,2133123,1621521687321624
30000000,3205069,1621521687420752
30000000,2138387,1621521687520728
30000000,2238024,1621521687620871
30000000,4230126,1621521687721913
30000000,3250377,1621521687820650
30000000,3175604,1621521687920703
30000000,9296162,1621521688020628
30000000,4270399,1621521688120774
30000000,3206560,1621521688222640
30000000,4206549,1621521688322400
30000000,3198598,1621521688422035
30000000,2140000,1621521688521595
30000000,2142787,1621521688621794
30000000,4234002,1621521688720796
30000000,3264558,1621521688820764
30000000,3189787,1621521688924662
30000000,10399677,1621521689022564
30000000,3207448,1621521689121539
30000000,3222335,1621521689220699
30000000,4463749,1621521689321639
30000000,4241378,1621521689421916
30000000,2138198,1621521689521648
30000000,2156235,1621521689622522
30000000,4238383,1621521689723870
30000000,3245656,1621521689821624
30000000,3173060,1621521689920725
30000000,9497625,1621521690020752
30000000,4240760,1621521690120720
30000000,3195734,1621521690222258
30000000,2139256,1621521690322280
30000000,3206972,1621521690420764
30000000,2166735,1621521690522608
30000000,2137237,1621521690620989
30000000,4239168,1621521690721714
30000000,3247568,1621521690821040
30000000,3241955,1621521690925416
30000000,10074481,1621521691025388
30000000,4236096,1621521691121416
30000000,4264622,1621521691220737
30000000,2158076,1621521691322276
30000000,3209467,1621521691421690
30000000,2206100,1621521691520804
30000000,2154622,1621521691621668
30000000,4228161,1621521691721839
30000000,3246969,1621521691820828
30000000,3178147,1621521691921867
30000000,9540312,1621521692023380
30000000,3216464,1621521692121735
30000000,3191528,1621521692220728
30000000,3225693,1621521692321673
30000000,3199145,1621521692421546
30000000,2132511,1621521692526264
30000000,2142099,1621521692622215
30000000,4238503,1621521692721717
30000000,3239346,1621521692824740
30000000,3214324,1621521692920730
30000000,11464867,1621521693020910
30000000,3196034,1621521693121860
30000000,3200224,1621521693224832
30000000,2136941,1621521693325961
30000000,3201673,1621521693422221
30000000,5250748,1621521693522453
30000000,2150274,1621521693620747
30000000,4223192,1621521693721551
30000000,6649102,1621521693821548
30000000,4236911,1621521693921938
30000000,10389546,1621521694020863
30000000,4259195,1621521694120796
30000000,3204441,1621521694221621
30000000,4406408,1621521694320799
30000000,4214503,1621521694421698
30000000,2141157,1621521694520674
30000000,2136485,1621521694621585
30000000,4287274,1621521694720755
30000000,3231931,1621521694820913
30000000,3176588,1621521694921603
30000000,23306090,1621521695021690
30000000,4243178,1621521695121721
30000000,3266664,1621521695222975
30000000,2137755,1621521695320831
30000000,3193687,1621521695423238
30000000,2162681,1621521695521683
30000000,2145429,1621521695620745
30000000,4245363,1621521695720798
30000000,3267413,1621521695822366
30000000,3166616,1621521695921625
30000000,9378718,1621521696020983
30000000,5238596,1621521696121330
30000000,3212200,1621521696220867
30000000,3221049,1621521696323499
30000000,3192957,1621521696420725
30000000,2132206,1621521696520765
30000000,2134234,1621521696621131
30000000,4271443,1621521696720787
30000000,3244319,1621521696820999
30000000,3188625,1621521696920887
30000000,10209225,1621521697024961
30000000,4249040,1621521697121713
30000000,3193916,1621521697226902
30000000,2149269,1621521697320676
30000000,3196837,1621521697421709
30000000,2151084,1621521697522711
30000000,2138178,1621521697622964
30000000,4230279,1621521697720678
30000000,3234773,1621521697821558
30000000,3219835,1621521697920696
30000000,10307368,1621521698020693
30000000,4231772,1621521698124667
30000000,3190464,1621521698222451
30000000,2134635,1621521698322370
30000000,3196361,1621521698421716
30000000,2139307,1621521698523923
30000000,2146875,1621521698622035
30000000,4227190,1621521698723255
30000000,3242368,1621521698820796
30000000,3184030,1621521698922311
30000000,9359397,1621521699022082
30000000,5247918,1621521699121882
30000000,3200706,1621521699222560
30000000,4403913,1621521699320848
30000000,4220951,1621521699421722
30000000,2138361,1621521699521612
30000000,2131153,1621521699621593
30000000,4232370,1621521699720751
30000000,3249480,1621521699820675
30000000,3174049,1621521699920764
30000000,9358194,1621521700021793
30000000,4299808,1621521700121914
30000000,3198881,1621521700221565
30000000,3234802,1621521700320752
30000000,3222860,1621521700420798
30000000,2153888,1621521700521887
30000000,3166932,1621521700621814
30000000,4266777,1621521700720744
30000000,3254693,1621521700820720
30000000,3200405,1621521700922521
30000000,11513257,1621521701021409
30000000,4224595,1621521701122601
30000000,3228776,1621521701223123
30000000,2134328,1621521701320866
30000000,3205368,1621521701420707
30000000,2136211,1621521701522291
30000000,2138619,1621521701624804
30000000,4369558,1621521701720676
30000000,3238240,1621521701823177
30000000,3167766,1621521701920793
30000000,12388663,1621521702020737
30000000,4249710,1621521702120691
30000000,3202414,1621521702220851
30000000,2164376,1621521702320825
30000000,3210190,1621521702420722
30000000,2149690,1621521702521738
30000000,2143796,1621521702620689
30000000,4224154,1621521702722329
30000000,3243844,1621521702826303
30000000,3184526,1621521702920783
30000000,11442862,1621521703020785
30000000,4251897,1621521703122357
30000000,3204092,1621521703221762
30000000,2148612,1621521703323401
30000000,3215661,1621521703421706
30000000,4291371,1621521703522400
30000000,2150357,1621521703622309
30000000,3108338,1621521703723435
30000000,5558800,1621521703821560
30000000,3154928,1621521703920828
30000000,10244829,1621521704021573
30000000,4245245,1621521704120833
30000000,8209720,1621521704221638
30000000,11630255,1621521704322547
30000000,6604273,1621521704422908
30000000,3165304,1621521704521576
30000000,3198595,1621521704620788
30000000,5258340,1621521704720738
30000000,4305603,1621521704820800
30000000,3172200,1621521704922711
30000000,22738861,1621521705023427
30000000,5278972,1621521705120822
30000000,2182915,1621521705220668
30000000,3224190,1621521705322380
30000000,2142256,1621521705421541
30000000,3350540,1621521705521972
30000000,2131991,1621521705621838
30000000,3163199,1621521705725677
30000000,4300579,1621521705822868
30000000,3179303,1621521705921762
30000000,10236852,1621521706023150
30000000,4338479,1621521706125621
30000000,2144202,1621521706222007
30000000,3213190,1621521706322359
30000000,2139697,1621521706420771
30000000,3198460,1621521706520738
30000000,2142624,1621521706622021
30000000,3321229,1621521706721603
30000000,4293546,1621521706821610
30000000,3184789,1621521706920820
30000000,10245082,1621521707021768
30000000,4292439,1621521707120768
30000000,2138605,1621521707222244
30000000,3204138,1621521707320665
30000000,3180825,1621521707421815
30000000,3268936,1621521707524719
30000000,2144819,1621521707621811
30000000,3163259,1621521707722294
30000000,4301711,1621521707821501
30000000,3170329,1621521707921678
30000000,9211572,1621521708022450
30000000,4224459,1621521708120650
30000000,3307024,1621521708222339
30000000,4271569,1621521708320767
30000000,2144110,1621521708422552
30000000,3208237,1621521708521656
30000000,2146718,1621521708621989
30000000,3172783,1621521708720970
30000000,4369169,1621521708824351
30000000,3164653,1621521708922761
30000000,9219760,1621521709021538
30000000,5261014,1621521709121874
30000000,2146272,1621521709223391
30000000,5465392,1621521709321830
30000000,3155141,1621521709420726
30000000,4205922,1621521709526609
30000000,2141166,1621521709621715
30000000,3165689,1621521709721626
30000000,4323495,1621521709825594
30000000,3166393,1621521709920739
30000000,9227488,1621521710022582
30000000,5382844,1621521710121712
30000000,2144766,1621521710220780
30000000,3194862,1621521710320729
30000000,2134781,1621521710420727
30000000,3213157,1621521710520883
30000000,2140937,1621521710620837
30000000,3170716,1621521710721869
30000000,4312566,1621521710821648
30000000,3173367,1621521710921613
30000000,9223385,1621521711021797
30000000,5399838,1621521711124706
30000000,2135083,1621521711220751
30000000,3195706,1621521711322278
30000000,2145879,1621521711421574
30000000,3204245,1621521711522391
30000000,2155048,1621521711620737
30000000,3169184,1621521711721826
30000000,4309304,1621521711820745
30000000,3169653,1621521711921638
30000000,9146703,1621521712020676
30000000,5390513,1621521712120833
30000000,2137654,1621521712222215
30000000,4270733,1621521712321546
30000000,2139917,1621521712424802
30000000,3216668,1621521712521686
30000000,2152212,1621521712621658
30000000,3179192,1621521712721569
30000000,4307364,1621521712820669
30000000,3184124,1621521712920729
30000000,9257255,1621521713026622
30000000,6382891,1621521713123389
30000000,2149085,1621521713221740
30000000,3213183,1621521713323274
30000000,2133213,1621521713422291
30000000,5282134,1621521713522390
30000000,2141571,1621521713620860
30000000,3182710,1621521713722527
30000000,7718082,1621521713820721
30000000,3239257,1621521713921632
30000000,9191753,1621521714020842
30000000,5431399,1621521714122445
30000000,2141360,1621521714221686
30000000,5468052,1621521714321659
30000000,3164241,1621521714422542
30000000,3201103,1621521714522549
30000000,2150489,1621521714620907
30000000,3163378,1621521714720869
30000000,4301431,1621521714820744
30000000,3172752,1621521714920749
30000000,25775622,1621521715020671
30000000,6379175,1621521715121615
30000000,2137094,1621521715220763
30000000,3195681,1621521715320682
30000000,2137550,1621521715420873
30000000,2167757,1621521715520811
30000000,2142055,1621521715622544
30000000,3162364,1621521715721796
30000000,3197032,1621521715820643
30000000,3173836,1621521715921821
30000000,8195882,1621521716021803
30000000,5259229,1621521716125627
30000000,2160515,1621521716220718
30000000,4299886,1621521716320940
30000000,2146542,1621521716421714
30000000,3200168,1621521716524831
30000000,2151203,1621521716620790
30000000,3182246,1621521716721842
30000000,4299219,1621521716824894
30000000,3172756,1621521716921651
30000000,9214479,1621521717020880
30000000,5385546,1621521717120849
30000000,2131115,1621521717220916
30000000,3239656,1621521717320799
30000000,2137868,1621521717420873
30000000,3210511,1621521717521002
30000000,2143585,1621521717620846
30000000,4168992,1621521717721977
30000000,4305811,1621521717821581
30000000,3183555,1621521717920793
30000000,8086859,1621521718023781
30000000,3122364,1621521718122583
30000000,2136817,1621521718221865
30000000,3194010,1621521718324877
30000000,2152439,1621521718420955
30000000,3214401,1621521718528638
30000000,2155574,1621521718621690
30000000,3171240,1621521718722359
30000000,4308908,1621521718824670
30000000,3183627,1621521718921976
30000000,9154181,1621521719020648
30000000,5381655,1621521719122987
30000000,2153890,1621521719220708
30000000,5515597,1621521719320843
30000000,3158519,1621521719420619
30000000,3204736,1621521719521683
30000000,2141761,1621521719620696
30000000,3165316,1621521719722447
30000000,4306133,1621521719820671
30000000,3167377,1621521719920631
30000000,8155892,1621521720022374
30000000,5399848,1621521720121545
30000000,2227756,1621521720222281
30000000,4342271,1621521720321610
30000000,2140633,1621521720422268
30000000,3240836,1621521720520730
30000000,2144962,1621521720624811
30000000,3213145,1621521720721574
30000000,4306688,1621521720822423
30000000,3174874,1621521720920615
30000000,9215754,1621521721024666
30000000,5434268,1621521721126099
30000000,2136881,1621521721220647
30000000,3224474,1621521721321827
30000000,2140314,1621521721421943
30000000,3216163,1621521721520726
30000000,2139226,1621521721620787
30000000,3171643,1621521721720728
30000000,5303635,1621521721820814
30000000,3168840,1621521721920763
30000000,10250910,1621521722021598
30000000,5379331,1621521722124657
30000000,2147031,1621521722221677
30000000,3198305,1621521722320606
30000000,2136442,1621521722421737
30000000,3203290,1621521722523040
30000000,2137948,1621521722621517
30000000,3162185,1621521722720781
30000000,4298796,1621521722820785
30000000,2149013,1621521722920985
30000000,9218238,1621521723022552
30000000,5480795,1621521723123266
30000000,2140610,1621521723220740
30000000,3192908,1621521723322805
30000000,3135599,1621521723420680
30000000,6285824,1621521723521843
30000000,2143028,1621521723620893
30000000,3166631,1621521723720926
30000000,6738479,1621521723820772
30000000,3174850,1621521723920655
30000000,9173497,1621521724021603
30000000,5380647,1621521724120619
30000000,2137440,1621521724222745
30000000,6584169,1621521724321775
30000000,3238851,1621521724421812
30000000,3206250,1621521724528082
30000000,2140252,1621521724622388
30000000,3167064,1621521724722025
30000000,4289517,1621521724820743
30000000,3174201,1621521724921688
30000000,25760244,1621521725021511
30000000,6341367,1621521725121675
30000000,2099323,1621521725224891
30000000,3160337,1621521725320790
30000000,2115537,1621521725420761
30000000,3164617,1621521725520803
30000000,2161152,1621521725620899
30000000,3152008,1621521725720767
30000000,4266420,1621521725820745
30000000,3141907,1621521725920755
30000000,9125319,1621521726020834
30000000,5346441,1621521726120866
30000000,2120731,1621521726220978
30000000,3213857,1621521726320764
30000000,2149350,1621521726420790
30000000,3167845,1621521726520778
30000000,2108314,1621521726620838
30000000,3132300,1621521726720673
30000000,4267676,1621521726820724
30000000,3149723,1621521726920721
30000000,9099086,1621521727020783
30000000,5370316,1621521727120749
30000000,2125241,1621521727220798
30000000,3168782,1621521727320794
30000000,2110380,1621521727420713
30000000,3207838,1621521727520981
30000000,2126378,1621521727620749
30000000,3145337,1621521727721817
30000000,4339766,1621521727820709
30000000,3138039,1621521727920847
30000000,8046259,1621521728020748
30000000,5385891,1621521728121822
30000000,2106146,1621521728220834
30000000,4225221,1621521728320864
30000000,2118345,1621521728420779
30000000,3161680,1621521728520899
30000000,2131210,1621521728620822
30000000,3146485,1621521728720761
30000000,4262306,1621521728820787
30000000,3135576,1621521728920725
30000000,10111876,1621521729020886
30000000,5382077,1621521729120841
30000000,2119723,1621521729220800
30000000,5423244,1621521729320912
30000000,3141103,1621521729420836
30000000,3187372,1621521729520828
30000000,2105574,1621521729620916
30000000,3143632,1621521729720785
30000000,4267167,1621521729820836
30000000,3137779,1621521729920731
30000000,13015173,1621521730020877
30000000,6379316,1621521730120856
30000000,2130740,1621521730220852
30000000,3188327,1621521730320791
30000000,2151994,1621521730420729
30000000,3218622,1621521730520806
30000000,2120337,1621521730620878
30000000,3143476,1621521730720729
30000000,4287341,1621521730820868
30000000,3192975,1621521730920843
30000000,8025105,1621521731020744
30000000,6535855,1621521731120894
30000000,2111432,1621521731220814
30000000,3179955,1621521731320741
30000000,2147081,1621521731420756
30000000,3193555,1621521731520759
30000000,2106462,1621521731620908
30000000,3128574,1621521731720898
30000000,4265264,1621521731820743
30000000,3163029,1621521731920969
30000000,8040527,1621521732020760
30000000,6414527,1621521732120820
30000000,2113395,1621521732220782
30000000,4224700,1621521732320836
30000000,2133900,1621521732420803
30000000,3204018,1621521732520876
30000000,2116319,1621521732620941
30000000,3146807,1621521732720717
30000000,4282502,1621521732820905
30000000,3150341,1621521732920885
30000000,8086138,1621521733020764
30000000,6407189,1621521733120782
30000000,2102618,1621521733220755
30000000,3159279,1621521733320762
30000000,2125323,1621521733420923
30000000,5265811,1621521733520824
30000000,2147599,1621521733620747
30000000,3173675,1621521733720785
30000000,6683074,1621521733820796
30000000,3192434,1621521733920862
30000000,7913110,1621521734020922
30000000,6428171,1621521734120871
30000000,2141210,1621521734220926
30000000,6540665,1621521734320700
30000000,3167439,1621521734421008
30000000,3160614,1621521734520759
30000000,2114305,1621521734620851
30000000,3135408,1621521734724772
30000000,4258785,1621521734820728
30000000,3140961,1621521734920874
30000000,24726495,1621521735024744
30000000,7417192,1621521735120759
30000000,2112873,1621521735220695
30000000,3161489,1621521735320668
30000000,2119584,1621521735420865
30000000,3173363,1621521735520926
30000000,2120698,1621521735620802
30000000,3137249,1621521735720834
30000000,4261530,1621521735820749
30000000,3149954,1621521735920678
30000000,7993522,1621521736020676
30000000,6407257,1621521736120616
30000000,2112227,1621521736220686
30000000,4268614,1621521736320639
30000000,2173708,1621521736420682
30000000,3236201,1621521736520685
30000000,2118163,1621521736620800
30000000,3163297,1621521736720750
30000000,4297708,1621521736820774
30000000,3147083,1621521736920758
30000000,8119904,1621521737020928
30000000,6408742,1621521737120861
30000000,2105463,1621521737220743
30000000,3161006,1621521737320711
30000000,2114369,1621521737420877
30000000,3188881,1621521737520790
30000000,2119280,1621521737624830
30000000,3150428,1621521737720912
30000000,4297363,1621521737820805
30000000,3179940,1621521737920818
30000000,8078660,1621521738020896
30000000,6395073,1621521738120717
30000000,2107457,1621521738220807
30000000,3175554,1621521738320756
30000000,2118147,1621521738420819
30000000,3156244,1621521738520855
30000000,2114915,1621521738620819
30000000,3176951,1621521738720875
30000000,4268614,1621521738820914
30000000,3144517,1621521738920770
30000000,7917273,1621521739020752
30000000,6456165,1621521739120805
30000000,2104646,1621521739220811
30000000,5420163,1621521739320723
30000000,3144702,1621521739420885
30000000,3155428,1621521739520821
30000000,2103444,1621521739620749
30000000,3142879,1621521739720920
30000000,4261831,1621521739820758
30000000,3137086,1621521739920817
30000000,7987671,1621521740020972
30000000,6377990,1621521740120780
30000000,2105398,1621521740221745
30000000,4216107,1621521740320764
30000000,2105036,1621521740420856
30000000,3172598,1621521740520712
30000000,2118355,1621521740620887
30000000,3151460,1621521740720888
30000000,4254281,1621521740820907
30000000,3136033,1621521740920777
30000000,8093228,1621521741020746
30000000,6388477,1621521741120733
30000000,2105135,1621521741222010
30000000,3162346,1621521741320769
30000000,2106123,1621521741420855
30000000,3180196,1621521741520755
30000000,2125246,1621521741620995
30000000,3139591,1621521741720875
30000000,4279512,1621521741820856
30000000,3142939,1621521741920687
30000000,8061679,1621521742020665
30000000,6447672,1621521742120782
30000000,2108132,1621521742220675
30000000,3176899,1621521742320710
30000000,2112186,1621521742420960
30000000,3155422,1621521742520785
30000000,2095889,1621521742620771
30000000,3149021,1621521742720924
30000000,4260589,1621521742820911
30000000,3151533,1621521742920889
30000000,8065136,1621521743020876
30000000,6439847,1621521743120976
30000000,2107490,1621521743220803
30000000,3164790,1621521743320723
30000000,2117317,1621521743420807
30000000,5211035,1621521743520893
30000000,2115665,1621521743621069
30000000,3145122,1621521743720945
30000000,5730900,1621521743820673
30000000,3138508,1621521743920880
30000000,8056458,1621521744020857
30000000,6380924,1621521744120924
30000000,2121718,1621521744220855
30000000,6479710,1621521744320898
30000000,3136952,1621521744420905
30000000,3165959,1621521744520947
30000000,2111203,1621521744620901
30000000,3157980,1621521744720928
30000000,4296091,1621521744820882
30000000,3138080,1621521744920701
30000000,21197490,1621521745020700
30000000,6412841,1621521745120699
30000000,2106366,1621521745220808
30000000,3168356,1621521745320818
30000000,2107027,1621521745420726
30000000,3169953,1621521745520888
30000000,2170023,1621521745620840
30000000,3189045,1621521745720729
30000000,4284479,1621521745820680
30000000,3180040,1621521745920753
30000000,8177450,1621521746020897
30000000,6419400,1621521746120846
30000000,2107101,1621521746220722
30000000,3165513,1621521746320912
30000000,2160761,1621521746420929
30000000,3215177,1621521746520937
30000000,2115365,1621521746620849
30000000,3149460,1621521746720871
30000000,4281252,1621521746820785
30000000,3158918,1621521746920724
30000000,8100615,1621521747020871
30000000,6428265,1621521747120870
30000000,2110327,1621521747220896
30000000,3237079,1621521747320806
30000000,2115791,1621521747420913
30000000,3200735,1621521747520744
30000000,2100416,1621521747620905
30000000,3144089,1621521747720777
30000000,4266389,1621521747820724
30000000,3178559,1621521747920731
30000000,8053665,1621521748020677
30000000,6403559,1621521748120681
30000000,2114603,1621521748220799
30000000,4267810,1621521748320737
30000000,2098753,1621521748420729
30000000,3208791,1621521748520902
30000000,2107938,1621521748620938
30000000,3167442,1621521748720741
30000000,4270657,1621521748820808
30000000,3135250,1621521748920810
30000000,7999159,1621521749020699
30000000,6407494,1621521749120815
30000000,2107868,1621521749220706
30000000,5408540,1621521749320895
30000000,3193060,1621521749420761
30000000,3167752,1621521749520807
30000000,2103646,1621521749620860
30000000,3162084,1621521749720792
30000000,4251719,1621521749820774
30000000,3151900,1621521749920894
30000000,8036458,1621521750020865
30000000,6497361,1621521750120694
30000000,2104698,1621521750220937
30000000,3162092,1621521750320940
30000000,2106853,1621521750420909
30000000,3167928,1621521750520909
30000000,2114156,1621521750620935
30000000,3139299,1621521750720816
30000000,4255928,1621521750820911
30000000,3144391,1621521750920916
30000000,7905833,1621521751020742
30000000,6403516,1621521751120813
30000000,2110296,1621521751220979
30000000,3170927,1621521751320700
30000000,2125332,1621521751420812
30000000,3201269,1621521751520879
30000000,2162690,1621521751621004
30000000,3137336,1621521751720822
30000000,4275915,1621521751820862
30000000,3145107,1621521751920838
30000000,8181061,1621521752020737
30000000,6455030,1621521752120978
30000000,2108655,1621521752220909
30000000,4237904,1621521752320793
30000000,2110739,1621521752420754
30000000,3164268,1621521752520907
30000000,2114756,1621521752620799
30000000,3131611,1621521752720907
30000000,4267287,1621521752821257
30000000,3134425,1621521752920753
30000000,8055156,1621521753020716
30000000,6438647,1621521753120755
30000000,2117106,1621521753220741
30000000,3170352,1621521753320754
30000000,2103412,1621521753420812
30000000,6379527,1621521753520726
30000000,2119306,1621521753620871
30000000,3173397,1621521753720946
30000000,6752316,1621521753820951
30000000,3147322,1621521753920895
30000000,8157486,1621521754020880
30000000,6399565,1621521754120791
30000000,2119566,1621521754220883
30000000,5433363,1621521754320735
30000000,3146969,1621521754420875
30000000,3164292,1621521754520958
30000000,2104996,1621521754620892
30000000,3158673,1621521754720906
30000000,4274482,1621521754821032
30000000,3156549,1621521754920886
30000000,24698795,1621521755020911
30000000,7476452,1621521755120837
30000000,2114769,1621521755220728
30000000,3150859,1621521755320846
30000000,2121740,1621521755420892
30000000,3158784,1621521755520810
30000000,2122297,1621521755620926
30000000,3142525,1621521755720710
30000000,4261138,1621521755820923
30000000,3145924,1621521755924861
30000000,8146794,1621521756020745
30000000,6397057,1621521756120919
30000000,2106118,1621521756220719
30000000,4219227,1621521756320747
30000000,2119117,1621521756420739
30000000,3215794,1621521756520936
30000000,2116278,1621521756620787
30000000,3143649,1621521756720827
30000000,4253908,1621521756820801
30000000,3141136,1621521756920901
30000000,8104097,1621521757020727
30000000,6414098,1621521757120966
30000000,2123048,1621521757220773
30000000,3166597,1621521757320717
30000000,2113084,1621521757420788
30000000,3189357,1621521757520790
30000000,2119438,1621521757620982
30000000,3147199,1621521757720761
30000000,4253042,1621521757820702
30000000,3143725,1621521757920783
30000000,7967483,1621521758020695
30000000,6405527,1621521758120882
30000000,2115343,1621521758220801
30000000,3159535,1621521758320735
30000000,2107033,1621521758420699
30000000,3176864,1621521758520813
30000000,2104891,1621521758620919
30000000,3156959,1621521758720960
30000000,4289457,1621521758820853
30000000,3143629,1621521758920704
30000000,8197258,1621521759020754
30000000,6413913,1621521759120750
30000000,2144897,1621521759220901
30000000,5428744,1621521759320857
30000000,3177681,1621521759420748
30000000,3190810,1621521759520864
30000000,2109428,1621521759620699
30000000,3132892,1621521759720698
30000000,4249361,1621521759820793
30000000,3143449,1621521759920672
30000000,8058311,1621521760020874
30000000,6397000,1621521760120699
30000000,2103824,1621521760222046
30000000,4236911,1621521760320749
30000000,2113976,1621521760420640
30000000,3158321,1621521760520874
30000000,2112386,1621521760620810
30000000,3133529,1621521760720807
30000000,4247560,1621521760820742
30000000,3138161,1621521760920782
30000000,8165402,1621521761020878
30000000,6427790,1621521761120677
30000000,2111552,1621521761220826
30000000,3170355,1621521761320799
30000000,2120054,1621521761420953
30000000,3176005,1621521761520800
30000000,2160761,1621521761620840
30000000,3148883,1621521761720744
30000000,4259750,1621521761820797
30000000,3154533,1621521761920758
30000000,8076426,1621521762020917
30000000,6405073,1621521762120753
30000000,2113159,1621521762221064
30000000,3176223,1621521762320768
30000000,2112398,1621521762420881
30000000,3163505,1621521762520829
30000000,2105340,1621521762620743
30000000,3135549,1621521762720745
30000000,4262383,1621521762820858
30000000,3141737,1621521762920758
30000000,8066067,1621521763020794
30000000,6395391,1621521763120908
30000000,2101511,1621521763220797
30000000,3154440,1621521763320728
30000000,2110015,1621521763420760
30000000,5193434,1621521763520783
30000000,2105697,1621521763620712
30000000,3130144,1621521763720831
30000000,6665770,1621521763820701
30000000,3184499,1621521763920923
30000000,24687547,1621521764020255
30000000,10294683,1621521764120772
30000000,2118191,1621521764220704
30000000,19060141,1621521764320766
30000000,11524984,1621521764420736
30000000,8675563,1621521764520937
30000000,4187180,1621521764620689
30000000,5216174,1621521764720794
30000000,3173130,1621521764820869
30000000,4183865,1621521764920788
30000000,9096853,1621521765020829
30000000,4197727,1621521765120812
30000000,3162522,1621521765220922
30000000,3142283,1621521765320758
30000000,3142895,1621521765420920
30000000,2116219,1621521765520951
30000000,2068691,1621521765620817
30000000,4299259,1621521765720753
30000000,3205587,1621521765820759
30000000,4210407,1621521765920794
30000000,7972427,1621521766020875
30000000,4195487,1621521766120901
30000000,4202564,1621521766220802
30000000,2113817,1621521766320732
30000000,3144005,1621521766420906
30000000,2132604,1621521766520673
30000000,2088813,1621521766620911
30000000,3181055,1621521766720759
30000000,4404757,1621521766820787
30000000,4208152,1621521766920866
30000000,8029636,1621521767020945
30000000,4180584,1621521767120639
30000000,3181373,1621521767220964
30000000,2113189,1621521767320930
30000000,3155542,1621521767420763
30000000,3158338,1621521767520908
30000000,2080316,1621521767620890
30000000,3142079,1621521767720883
30000000,3201536,1621521767820739
30000000,4204757,1621521767920918
30000000,8077483,1621521768020793
30000000,4232433,1621521768120683
30000000,3174560,1621521768220702
30000000,3179328,1621521768320791
30000000,4318991,1621521768420714
30000000,2118983,1621521768520968
30000000,3165149,1621521768620826
30000000,3141319,1621521768720723
30000000,3201080,1621521768820873
30000000,4208183,1621521768920850
30000000,7997036,1621521769020918
30000000,4198958,1621521769120794
30000000,3201519,1621521769220788
30000000,5399406,1621521769320789
30000000,4183291,1621521769420755
30000000,2110920,1621521769520798
30000000,3155281,1621521769620941
30000000,3142856,1621521769720786
30000000,3194236,1621521769820807
30000000,4194335,1621521769920748
30000000,8043222,1621521770020835
30000000,4179062,1621521770120880
30000000,3149567,1621521770222229
30000000,3260290,1621521770320745
30000000,3159761,1621521770420735
30000000,2103916,1621521770520851
30000000,3183725,1621521770620941
30000000,3144226,1621521770720786
30000000,3203335,1621521770820937
30000000,4197960,1621521770920742
30000000,8060894,1621521771020946
30000000,4192031,1621521771120959
30000000,3157889,1621521771220738
30000000,3271537,1621521771320788
30000000,3149732,1621521771420800
30000000,2106701,1621521771520935
30000000,3172564,1621521771620820
30000000,3142274,1621521771720801
30000000,3197930,1621521771820748
30000000,4206298,1621521771920795
30000000,8062043,1621521772020881
30000000,4194460,1621521772120832
30000000,3173920,1621521772220791
30000000,4368270,1621521772320918
30000000,3183483,1621521772420821
30000000,2102854,1621521772520834
30000000,3225191,1621521772620774
30000000,3130577,1621521772720873
30000000,3208957,1621521772820745
30000000,4258740,1621521772920747
30000000,8062643,1621521773020874
30000000,4185892,1621521773120778
30000000,3165117,1621521773220745
30000000,3255280,1621521773320879
30000000,3156578,1621521773420748
30000000,5264208,1621521773520803
30000000,3162352,1621521773620763
30000000,3149666,1621521773720807
30000000,5738164,1621521773820869
30000000,4212483,1621521773920685
30000000,8036713,1621521774020880
30000000,4206922,1621521774120909
30000000,3172557,1621521774220832
30000000,5550149,1621521774320742
30000000,4198364,1621521774420843
30000000,2102296,1621521774520825
30000000,3177964,1621521774620911
30000000,3138007,1621521774720914
30000000,3204102,1621521774820782
30000000,4201560,1621521774920806
30000000,15038477,1621521775020878
30000000,4190836,1621521775120714
30000000,3154716,1621521775220855
30000000,3260564,1621521775320896
30000000,3154744,1621521775420874
30000000,2121771,1621521775520892
30000000,3192740,1621521775620671
30000000,3219364,1621521775720666
30000000,3237960,1621521775820801
30000000,4202438,1621521775920816
30000000,8145909,1621521776020818
30000000,4196063,1621521776120668
30000000,3166865,1621521776220939
30000000,4330020,1621521776320798
30000000,3165714,1621521776420900
30000000,2110562,1621521776520913
30000000,3164274,1621521776620763
30000000,3197111,1621521776720819
30000000,3225196,1621521776820766
30000000,4201452,1621521776920738
30000000,8012509,1621521777020891
30000000,4200773,1621521777120767
30000000,3164991,1621521777220793
30000000,3277615,1621521777320920
30000000,3165797,1621521777420752
30000000,2137863,1621521777520742
30000000,3166477,1621521777620796
30000000,3137550,1621521777724678
30000000,3203081,1621521777821169
30000000,4205855,1621521777920839
30000000,7990521,1621521778020838
30000000,4206550,1621521778120699
30000000,3176012,1621521778220695
30000000,3297427,1621521778320871
30000000,3159748,1621521778420952
30000000,2104497,1621521778520789
30000000,3156100,1621521778620842
30000000,3135872,1621521778720718
30000000,3239504,1621521778820769
30000000,4203688,1621521778920757
30000000,7967526,1621521779020666
30000000,4204274,1621521779120820
30000000,3170509,1621521779220714
30000000,5509815,1621521779320764
30000000,4173700,1621521779420919
30000000,2117089,1621521779520995
30000000,3230865,1621521779620742
30000000,3135371,1621521779720765
30000000,3214241,1621521779820713
30000000,4199657,1621521779920770
30000000,8143568,1621521780020788
30000000,4204957,1621521780120746
30000000,3158125,1621521780220806
30000000,4320031,1621521780320856
30000000,3164274,1621521780420731
30000000,2103693,1621521780520880
30000000,3155629,1621521780620739
30000000,3129507,1621521780720741
30000000,3200092,1621521780820698
30000000,4191911,1621521780920909
30000000,7910200,1621521781020808
30000000,4194422,1621521781120748
30000000,3178969,1621521781220791
30000000,3256367,1621521781320807
30000000,3169749,1621521781420689
30000000,2155815,1621521781520764
30000000,3277815,1621521781620799
30000000,3196795,1621521781720731
30000000,3218233,1621521781820959
30000000,4222061,1621521781920752
30000000,8059169,1621521782020695
30000000,4246803,1621521782120857
30000000,3210817,1621521782220845
30000000,3281104,1621521782320728
30000000,3165446,1621521782420738
30000000,2112895,1621521782520837
30000000,3161624,1621521782620680
30000000,3135552,1621521782720864
30000000,3202107,1621521782820823
30000000,4196412,1621521782920811
30000000,8030467,1621521783020762
30000000,4192850,1621521783120897
30000000,3163902,1621521783220930
30000000,3267547,1621521783320788
30000000,3165296,1621521783420878
30000000,5248048,1621521783520815
30000000,3161639,1621521783620755
30000000,3143016,1621521783720908
30000000,5712006,1621521783820906
30000000,4207560,1621521783920731
30000000,7963946,1621521784020956
30000000,4199885,1621521784120922
30000000,3199062,1621521784220808
30000000,6618985,1621521784320891
30000000,4207417,1621521784420853
30000000,2103524,1621521784520821
30000000,3156813,1621521784620764
30000000,3130823,1621521784720847
30000000,3204683,1621521784820686
30000000,4205807,1621521784920876
30000000,15334410,1621521785020706
30000000,4197791,1621521785120747
30000000,3162284,1621521785220764
30000000,3271850,1621521785320819
30000000,3162935,1621521785421124
30000000,2127810,1621521785521946
30000000,3169892,1621521785620885
30000000,3139917,1621521785720915
30000000,3207877,1621521785820829
30000000,4187311,1621521785920793
30000000,8054305,1621521786020790
30000000,4192533,1621521786120715
30000000,3164304,1621521786220884
30000000,3285586,1621521786320971
30000000,3161243,1621521786420946
30000000,2109149,1621521786520893
30000000,3188561,1621521786620954
30000000,3140939,1621521786720689
30000000,3261055,1621521786820974
30000000,4194245,1621521786920789
30000000,8179572,1621521787020907
30000000,4186310,1621521787120709
30000000,3144347,1621521787220743
30000000,3279133,1621521787320771
30000000,3155208,1621521787420732
30000000,2124612,1621521787521029
30000000,2080147,1621521787620957
30000000,3130263,1621521787720955
30000000,3209478,1621521787820814
30000000,4206275,1621521787920912
30000000,8087156,1621521788020862
30000000,4227908,1621521788120731
30000000,3195449,1621521788220869
30000000,4345790,1621521788320795
30000000,3169146,1621521788420793
30000000,2112766,1621521788520801
30000000,2086588,1621521788620775
30000000,3188434,1621521788720738
30000000,3203001,1621521788820847
30000000,4219353,1621521788920786
30000000,8015325,1621521789020805
30000000,4227040,1621521789120766
30000000,3182125,1621521789220794
30000000,5529922,1621521789320806
30000000,4182567,1621521789420741
30000000,2139522,1621521789520681
30000000,2094391,1621521789620958
30000000,3137837,1621521789720711
30000000,3216580,1621521789820823
30000000,4218000,1621521789920891
30000000,8142948,1621521790020718
30000000,4193140,1621521790120750
30000000,3155928,1621521790222271
30000000,3275294,1621521790320738
30000000,3159655,1621521790420733
30000000,2097744,1621521790520678
30000000,2082506,1621521790620920
30000000,3128587,1621521790720871
30000000,3197877,1621521790820951
30000000,4193789,1621521790920912
30000000,8096455,1621521791020724
30000000,4187596,1621521791120897
30000000,3167142,1621521791220789
30000000,3278377,1621521791320829
30000000,3189809,1621521791420709
30000000,2129137,1621521791520822
30000000,2089395,1621521791620765
30000000,3137313,1621521791720788
30000000,3216500,1621521791820717
30000000,4213408,1621521791920814
30000000,8103966,1621521792020813
30000000,4185242,1621521792120807
30000000,3184432,1621521792220722
30000000,4347682,1621521792320746
30000000,3172460,1621521792420785
30000000,2113302,1621521792520900
30000000,2084810,1621521792620851
30000000,3133038,1621521792720971
30000000,3197888,1621521792820805
30000000,4193607,1621521792920916
30000000,8042896,1621521793020741
30000000,4194066,1621521793120745
30000000,3189764,1621521793220798
30000000,3313008,1621521793320742
30000000,3146461,1621521793420820
30000000,5268060,1621521793520732
30000000,2084629,1621521793620802
30000000,3140533,1621521793720870
30000000,5637291,1621521793820829
30000000,4264561,1621521793920729
30000000,7956241,1621521794020743
30000000,4191931,1621521794120843
30000000,3252352,1621521794220695
30000000,6726916,1621521794320792
30000000,4198074,1621521794420945
30000000,2106365,1621521794520798
30000000,2092378,1621521794620887
30000000,3144221,1621521794720893
30000000,3208674,1621521794820836
30000000,4199734,1621521794920920
30000000,15567448,1621521795020796
30000000,4195842,1621521795120669
30000000,3165020,1621521795220860
30000000,3276772,1621521795320793
30000000,3196200,1621521795420819
30000000,2112173,1621521795520982
30000000,2083764,1621521795620948
30000000,3129041,1621521795720729
30000000,3214148,1621521795820779
30000000,4195296,1621521795920889
30000000,8029046,1621521796020827
30000000,4186855,1621521796120715
30000000,3168632,1621521796220953
30000000,4336529,1621521796320660
30000000,3168138,1621521796420889
30000000,2115766,1621521796520779
30000000,2076864,1621521796620719
30000000,3141980,1621521796720699
30000000,3253480,1621521796820758
30000000,4244276,1621521796920712
30000000,8030481,1621521797020887
30000000,4181668,1621521797120819
30000000,3157606,1621521797220785
30000000,3262180,1621521797320766
30000000,3160072,1621521797420729
30000000,2131584,1621521797520887
30000000,2091565,1621521797620860
30000000,3141222,1621521797720816
30000000,3206575,1621521797820776
30000000,4189126,1621521797920958
30000000,8130622,1621521798020735
30000000,4208015,1621521798120803
30000000,3178256,1621521798220743
30000000,3275467,1621521798320918
30000000,3160886,1621521798420894
30000000,2116365,1621521798520875
30000000,2092327,1621521798620797
30000000,3142834,1621521798720909
30000000,3204508,1621521798820896
30000000,4215231,1621521798920791
30000000,8071644,1621521799020757
30000000,4200114,1621521799120749
30000000,3156637,1621521799220796
30000000,5517427,1621521799320731
30000000,4186900,1621521799420901
30000000,2129097,1621521799520860
30000000,2088462,1621521799624844
30000000,3130881,1621521799720894
30000000,3210015,1621521799820784
30000000,4238770,1621521799920736
30000000,7969791,1621521800020823
30000000,4196667,1621521800120738
30000000,3199160,1621521800222026
30000000,4326750,1621521800320737
30000000,3155603,1621521800420888
30000000,2107549,1621521800520851
30000000,2082272,1621521800620783
30000000,3135879,1621521800720743
30000000,3200226,1621521800820737
30000000,4195258,1621521800920910
30000000,7982731,1621521801020809
30000000,4187271,1621521801120902
30000000,3168612,1621521801220848
30000000,3262331,1621521801320941
30000000,3155944,1621521801420883
30000000,2132427,1621521801520803
30000000,2083417,1621521801620731
30000000,3138858,1621521801720826
30000000,3207490,1621521801820898
30000000,4203882,1621521801920674
30000000,8075822,1621521802020734
30000000,4194132,1621521802120672
30000000,3180826,1621521802220744
30000000,3279266,1621521802320785
30000000,3175006,1621521802420865
30000000,2109350,1621521802520739
30000000,3217075,1621521802620795
30000000,3136574,1621521802720861
30000000,3205192,1621521802820882
30000000,4179206,1621521802920904
30000000,8033887,1621521803020731
30000000,4191721,1621521803120777
30000000,3164183,1621521803220889
30000000,3259406,1621521803320762
30000000,3162923,1621521803420839
30000000,5225141,1621521803520826
30000000,3166445,1621521803620880
30000000,3153397,1621521803720854
30000000,5730506,1621521803820725
30000000,4197931,1621521803920861
30000000,8046237,1621521804020740
30000000,4208137,1621521804120880
30000000,3155050,1621521804220673
30000000,6621966,1621521804320692
30000000,4204099,1621521804420730
30000000,2107661,1621521804520913
30000000,3159232,1621521804620752
30000000,3139260,1621521804720878
30000000,3200954,1621521804820705
30000000,4207171,1621521804920823
30000000,15014042,1621521805020736
30000000,4194231,1621521805120817
30000000,3150655,1621521805220733
30000000,3260277,1621521805320787
30000000,3179090,1621521805420904
30000000,2116274,1621521805520696
30000000,3204111,1621521805620828
30000000,3168607,1621521805720862
30000000,3214715,1621521805820729
30000000,4221311,1621521805920790
30000000,8131715,1621521806020688
30000000,4207619,1621521806120859
30000000,3167089,1621521806220813
30000000,3284326,1621521806320797
30000000,3164709,1621521806420684
30000000,2104601,1621521806520790
30000000,3178334,1621521806620893
30000000,3134810,1621521806720951
30000000,3204659,1621521806820681
30000000,4260385,1621521806920884
30000000,8149678,1621521807020766
30000000,4212940,1621521807120697
30000000,3173325,1621521807220940
30000000,3301319,1621521807320813
30000000,3214565,1621521807420913
30000000,2120365,1621521807520891
30000000,3180711,1621521807620841
30000000,3147175,1621521807720740
30000000,3204625,1621521807820944
30000000,4231409,1621521807920897
30000000,8075672,1621521808020659
30000000,4202962,1621521808120903
30000000,3185571,1621521808220730
30000000,4345428,1621521808320733
30000000,3155500,1621521808420740
30000000,2101381,1621521808520835
30000000,3211282,1621521808620963
30000000,3151154,1621521808720750
30000000,3194631,1621521808820730
30000000,4202563,1621521808920838
30000000,8208357,1621521809020747
30000000,4244301,1621521809120909
30000000,14296257,1621521809220841
30000000,14875034,1621521809320757
30000000,4147144,1621521809420896
30000000,12410691,1621521809520878
30000000,3578031,1621521809620735
30000000,3121015,1621521809720797
30000000,4969439,1621521809820733
30000000,30000000,1621521809920641
30000000,30000000,1621521810020684
42000000,42000000,1621521810120671
54000000,2820216,1621521810220818
