0	104000
93533	107000
15638	43827
28970	66000
43122	58368
2873	30000
946	30000
13	30000
283	30000
4207	30000
18700	66000
81727	81395
88124	115813
99751	105813
109497	129813
99716	110440
24006	88352
56821	118681
77737	108755
99826	103755
97856	89443
0	89443
0	89443
0	89443
0	89443
0	89443
0	89443
0	89443
0	89443
0	89443
0	89443
0	89443
0	89443
0	89443
0	89443
0	89443
0	89443
0	89443
0	89443
0	89443
0	89443
0	89443
0	89443
0	89443
0	89443
0	89443
0	89443
0	89443
0	89443
0	89443
0	89443
0	89443
0	89443
30282	101443
39766	30000
615	30000
214	30000
2112	30000
3240	30000
1177	30000
32786	78000
99656	109000
102135	106400
56378	51916
1343	41532
44016	68719
46567	44092
2127	30000
212	30000
2220	30000
911	30000
62809	114000
100166	104000
99740	104000
73964	89600
63549	119680
0	119680
0	119680
0	119680
0	119680
0	119680
0	119680
0	119680
0	119680
0	119680
0	119680
0	119680
0	119680
0	119680
0	119680
0	119680
0	119680
0	119680
0	119680
0	119680
0	119680
0	119680
0	119680
0	119680
0	119680
0	119680
0	119680
0	119680
0	119680
0	119680
0	119680
0	119680
0	119680
0	119680
0	119680
0	119680
0	119680
0	119680
1361	95744
27474	60816
50445	69641
1824	30000
20	30000
197	30000
2213	30000
1084	30000
1094	30000
358	30000
6399	42000
85327	109000
99900	104000
99749	104000
106752	107000
11781	54784
65610	115827
14031	37952
1447	30000
866	30000
196	30000
1522	30000
1075	30000
1119	30000
62111	90572
97916	85556
79419	74468
15928	59574
0	59574
0	59574
0	59574
0	59574
0	59574
0	59574
0	59574
0	59574
0	59574
0	59574
0	59574
0	59574
0	59574
0	59574
0	59574
0	59574
0	59574
0	59574
0	59574
0	59574
0	59574
0	59574
0	59574
0	59574
0	59574
0	59574
0	59574
0	59574
0	59574
0	59574
0	59574
0	59574
620	47659
72265	110127
5270	36085
985	30000
197	30000
2593	30000
2870	30000
7336	30000
81645	100800
99628	100800
100221	107800
107440	92032
98314	99926
60813	51161
36570	76928
55508	57818
2031	30000
634	30000
317	30000
3634	30000
74010	114000
99847	104000
99859	104000
103474	109000
72154	74934
0	74934
0	74934
0	74934
0	74934
0	74934
0	74934
0	74934
0	74934
0	74934
0	74934
0	74934
0	74934
0	74934
0	74934
0	74934
0	74934
0	74934
0	74934
0	74934
0	74934
0	74934
0	74934
0	74934
0	74934
0	74934
0	74934
0	74934
0	74934
0	74934
0	74934
0	74934
0	74934
0	74934
0	74934
0	74934
51914	95947
18320	49129
1361	30000
1034	30000
2945	30000
61285	114000
100174	104000
99729	104000
104255	102400
99537	109400
22187	53452
0	53452
0	53452
0	53452
0	53452
0	53452
0	53452
0	53452
0	53452
0	53452
0	53452
0	53452
0	53452
0	53452
0	53452
0	53452
0	53452
0	53452
0	53452
0	53452
0	53452
0	53452
0	53452
0	53452
0	53452
0	53452
0	53452
0	53452
0	53452
0	53452
0	53452
0	53452
0	53452
0	53452
0	53452
0	53452
0	53452
0	53452
0	53452
0	53452
0	53452
0	53452
0	53452
0	53452
0	53452
0	53452
0	53452
0	53452
0	53452
0	53452
0	53452
0	53452
0	53452
0	53452
0	53452
0	53452
0	53452
