0	96102
18687	51362
67416	64696
1928	33123
1279	30000
264	30000
1282	30000
2223	30000
839	30000
588	30000
54199	114000
99845	109000
92369	90618
63386	96108
7472	31491
4346	42000
57	30000
281	30000
43	30000
29913	57257
94453	105257
100071	112257
101855	114605
38390	87684
0	87684
0	87684
0	87684
0	87684
0	87684
0	87684
0	87684
0	87684
0	87684
0	87684
0	87684
0	87684
0	87684
0	87684
0	87684
0	87684
0	87684
0	87684
0	87684
0	87684
0	87684
0	87684
0	87684
0	87684
0	87684
0	87684
0	87684
0	87684
24492	70147
62166	91021
1251	58252
673	30000
488	30000
697	30000
172	30000
9	30000
9	30000
319	30000
1206	30000
3082	30000
297	30000
36621	61283
71242	90279
96078	105978
100317	107978
99737	102978
107389	111182
71136	67956
0	67956
0	67956
0	67956
0	67956
0	67956
0	67956
0	67956
0	67956
0	67956
0	67956
0	67956
0	67956
0	67956
0	67956
0	67956
0	67956
0	67956
0	67956
0	67956
0	67956
0	67956
0	67956
0	67956
0	67956
0	67956
0	67956
0	67956
0	67956
0	67956
0	67956
0	67956
0	67956
0	67956
0	67956
0	67956
0	67956
0	67956
0	67956
0	67956
0	67956
12372	54364
72393	87491
1194	55993
606	35835
637	30000
1320	30000
196	30000
1	30000
65	30000
1141	30000
1057	30000
974	30000
24636	66000
97673	109000
88237	68096
2755	30000
37911	90000
36075	46694
4394	30000
1389	30000
1552	30000
19681	66000
95824	109000
99764	104000
105251	112000
55175	68480
0	68480
0	68480
0	68480
0	68480
0	68480
0	68480
0	68480
0	68480
0	68480
0	68480
0	68480
0	68480
0	68480
0	68480
0	68480
0	68480
0	68480
0	68480
0	68480
0	68480
0	68480
0	68480
0	68480
0	68480
0	68480
0	68480
0	68480
0	68480
0	68480
0	68480
0	68480
0	68480
0	68480
0	68480
32187	66784
50283	75175
1184	38489
1185	30000
2	30000
201	30000
32	30000
893	30000
562	30000
207	30000
1397	30000
7177	42000
84919	109000
100214	104000
99092	116000
106588	159000
92464	81408
42936	100100
36774	71744
2205	30000
1408	30000
194	30000
1065	30000
872	30000
1482	30000
23860	56553
59199	60862
71844	74468
72957	74468
33171	47659
0	47659
0	47659
0	47659
0	47659
0	47659
0	47659
0	47659
0	47659
0	47659
0	47659
0	47659
0	47659
0	47659
0	47659
0	47659
0	47659
0	47659
0	47659
0	47659
0	47659
0	47659
0	47659
0	47659
0	47659
0	47659
0	47659
0	47659
0	47659
0	47659
0	47659
41898	98127
37279	101200
822	30000
1026	30000
181	30000
841	30000
399	30000
808	30000
660	30000
5142	30000
77551	114000
106122	128000
48660	45875
1332	57875
9053	37040
78891	96385
2620	39478
1248	30000
455	30000
2403	30000
2227	30000
8	30000
16619	30000
53251	60862
69358	74468
75182	74468
75958	74468
73752	74468
75195	74468
25736	47659
0	47659
0	47659
0	47659
0	47659
0	47659
0	47659
0	47659
0	47659
0	47659
0	47659
0	47659
0	47659
0	47659
0	47659
0	47659
0	47659
0	47659
0	47659
0	47659
0	47659
0	47659
0	47659
0	47659
0	47659
0	47659
0	47659
0	47659
0	47659
0	47659
0	47659
0	47659
0	47659
0	47659
0	47659
0	47659
0	47659
0	47659
0	47659
