30000000,2115404,1642191026994414
30000000,2128244,1642191027094303
30000000,2101014,1642191027197910
30000000,4182727,1642191027294502
30000000,1027539,1642191027394244
30000000,1041079,1642191027494645
30000000,1040898,1642191027594638
30000000,1043393,1642191027694155
30000000,1044136,1642191027794473
30000000,2083729,1642191027894636
30000000,2108514,1642191027994379
30000000,1047124,1642191028094429
30000000,2094038,1642191028194812
30000000,3160036,1642191028294233
30000000,1046523,1642191028394089
30000000,1045848,1642191028493791
30000000,1048885,1642191028594570
30000000,2032587,1642191028694574
30000000,1040463,1642191028794493
30000000,2077964,1642191028894631
30000000,2101514,1642191028994499
30000000,1034663,1642191029094363
30000000,2144118,1642191029194400
30000000,3156541,1642191029294550
30000000,1041548,1642191029394026
30000000,1040694,1642191029494111
30000000,1033719,1642191029593855
30000000,1045427,1642191029693980
30000000,1051346,1642191029794538
30000000,2082660,1642191029894498
30000000,2095124,1642191029994057
30000000,1045507,1642191030094551
30000000,2105644,1642191030194524
30000000,3167701,1642191030293865
30000000,3047161,1642191030394578
30000000,2084892,1642191030494373
30000000,1041017,1642191030594580
30000000,1035833,1642191030693987
30000000,1036874,1642191030794590
30000000,2081730,1642191030894640
30000000,2109249,1642191030994517
30000000,1039609,1642191031094515
30000000,3151289,1642191031193998
30000000,3221497,1642191031293848
30000000,1037338,1642191031394435
30000000,1042488,1642191031494478
30000000,1045220,1642191031598209
30000000,1047095,1642191031694645
30000000,2083222,1642191031794750
30000000,17242128,1642191031894005
30000000,2109234,1642191031994248
30000000,2024141,1642191032094547
30000000,1041558,1642191032194063
30000000,3151025,1642191032294544
30000000,1035228,1642191032394204
30000000,2085567,1642191032494315
30000000,1080008,1642191032594249
30000000,1046559,1642191032694513
30000000,2152423,1642191032798352
30000000,2080459,1642191032894525
30000000,2103244,1642191032994516
30000000,1043639,1642191033094173
30000000,2178930,1642191033194046
30000000,3148874,1642191033297899
30000000,1045082,1642191033394443
30000000,1035407,1642191033494107
30000000,1035559,1642191033594276
30000000,1041011,1642191033694274
30000000,1027286,1642191033794090
30000000,2076438,1642191033894303
30000000,2107642,1642191033994521
30000000,30000000,1642191034094635
30000000,30000000,1642191034194484
90000000,90000000,1642191034294361
150000000,150000000,1642191034394475
210000000,210000000,1642191034494728
270000000,270000000,1642191034594684
330000000,330000000,1642191034694401
390000000,390000000,1642191034794622
450000000,233167984,1642191034894344
510000000,196077726,1642191034994385
408000000,188102415,1642191035094384
326400000,99288603,1642191035194434
261120000,91111839,1642191035294271
208896000,1024313,1642191035395303
167116000,1027484,1642191035494608
133692000,1029846,1642191035594826
106953000,1048987,1642191035693730
85562000,32908563,1642191035793700
68449000,68449000,1642191035894497
68449000,68449000,1642191035998205
128449000,128449000,1642191036094599
188449000,188449000,1642191036194251
248449000,113449017,1642191036294505
308449000,159593447,1642191036394038
246759000,70972927,1642191036493869
197407000,1083890,1642191036593941
157925000,1037876,1642191036694873
126340000,39892248,1642191036794864
101072000,90129777,1642191036894724
101072000,1037289,1642191036993926
80857000,1037572,1642191037094534
64685000,1038787,1642191037194755
51748000,44938230,1642191037294800
51748000,51748000,1642191037394670
51748000,51748000,1642191037498187
111748000,111748000,1642191037594145
171748000,137196896,1642191037693650
231748000,52876967,1642191037794793
185398000,111085928,1642191037895069
148318000,148318000,1642191037994213
148318000,148318000,1642191038094296
208318000,208318000,1642191038193828
268318000,137996298,1642191038294186
328318000,46059815,1642191038394328
262654000,37079995,1642191038494770
210123000,47219003,1642191038594618
168098000,49343041,1642191038694833
134478000,1050550,1642191038794790
107582000,1032008,1642191038894860
86065000,1045821,1642191038994452
68852000,64799491,1642191039093894
68852000,68852000,1642191039194864
128852000,34103299,1642191039294573
188852000,1041013,1642191039393917
151081000,91373579,1642191039493935
120864000,47794088,1642191039594397
96691000,96691000,1642191039693990
96691000,96691000,1642191039794622
156691000,156691000,1642191039894334
216691000,216691000,1642191039993876
276691000,174815081,1642191040093807
336691000,64499963,1642191040194734
269352000,74690604,1642191040294645
215481000,163343704,1642191040394545
172384000,47647085,1642191040494365
137907000,137907000,1642191040597852
137907000,137907000,1642191040694585
197907000,33533600,1642191040794694
257907000,30434279,1642191040894572
206325000,3683309,1642191040994691
165060000,35433415,1642191041094694
132048000,132048000,1642191041194647
132048000,132048000,1642191041294691
192048000,192048000,1642191041394543
252048000,43959705,1642191041494537
312048000,30261581,1642191041594577
249638000,27952579,1642191041694633
199710000,22079329,1642191041794634
159768000,20480146,1642191041894767
127814000,68982659,1642191041994311
102251000,55384811,1642191042094203
81800000,55821517,1642191042194682
65440000,65440000,1642191042294592
65440000,65440000,1642191042394694
125440000,125440000,1642191042494769
185440000,185440000,1642191042594199
245440000,123603050,1642191042694043
305440000,127009086,1642191042794728
244352000,127636258,1642191042894602
195481000,25206025,1642191042993855
156384000,90281865,1642191043094882
125107000,78419579,1642191043194052
100085000,92695965,1642191043294582
100085000,1042091,1642191043394642
80068000,1037683,1642191043495142
64054000,60400935,1642191043594774
64054000,1040600,1642191043694235
51243000,1041746,1642191043794489
40994000,14858899,1642191043897784
32795000,1036380,1642191043994622
30000000,30000000,1642191044093779
30000000,30000000,1642191044194365
30000000,30000000,1642191044294340
90000000,87120916,1642191044394520
150000000,91511490,1642191044494262
210000000,1040117,1642191044593913
168000000,30699298,1642191044694423
134400000,28795291,1642191044794690
107520000,2042547,1642191044893790
86016000,46641447,1642191044994749
68812000,1033358,1642191045094237
55049000,1048243,1642191045193948
44039000,4919475,1642191045294701
35231000,25695257,1642191045393444
30000000,2149207,1642191045494264
30000000,1043217,1642191045594182
30000000,1041870,1642191045694719
30000000,29649265,1642191045793887
30000000,16292072,1642191045894242
90000000,3438943,1642191045994423
72000000,4708566,1642191046094619
57600000,1039020,1642191046194096
46080000,1045774,1642191046293943
36864000,36864000,1642191046394451
36864000,36864000,1642191046494113
96864000,52660329,1642191046598302
156864000,1039339,1642191046695887
125491000,1117779,1642191046794730
100392000,1035701,1642191046894569
80313000,2223115,1642191046994548
64250000,1043033,1642191047094254
51400000,1038330,1642191047193927
41120000,1034515,1642191047294639
32896000,32896000,1642191047394682
32896000,32896000,1642191047495019
92896000,92896000,1642191047594653
152896000,152896000,1642191047694283
212896000,98028506,1642191047794849
272896000,98142559,1642191047894719
218316000,99177203,1642191047994594
174652000,98016450,1642191048094302
139721000,19815567,1642191048194691
111776000,1039404,1642191048294406
89420000,1037316,1642191048394450
71536000,1036710,1642191048494595
57228000,1036553,1642191048594637
45782000,45782000,1642191048694531
45782000,45782000,1642191048794765
105782000,105782000,1642191048894785
165782000,33492051,1642191048994562
225782000,1032209,1642191049094566
180625000,1047602,1642191049194586
144500000,1047071,1642191049294731
115600000,1166688,1642191049393777
92480000,1046576,1642191049494717
73984000,1050162,1642191049594481
59187000,36975936,1642191049694477
47349000,1041313,1642191049794109
37879000,2185294,1642191049894531
30303000,1037799,1642191049993559
30000000,30000000,1642191050093899
30000000,30000000,1642191050194422
90000000,1034444,1642191050294155
150000000,61166138,1642191050394687
120000000,45248442,1642191050494754
96000000,1035744,1642191050594960
76800000,26305866,1642191050694766
61440000,1044517,1642191050794697
49152000,1040759,1642191050894520
39321000,3129047,1642191050994406
31456000,1039620,1642191051094397
30000000,2080914,1642191051194480
30000000,2082762,1642191051293793
30000000,1061828,1642191051394378
30000000,2361286,1642191051494596
30000000,1037856,1642191051594821
30000000,4289412,1642191051694454
30000000,21480061,1642191051794288
30000000,30000000,1642191051894328
30000000,30000000,1642191051994511
90000000,45925523,1642191052094004
150000000,127311960,1642191052194546
150000000,20672190,1642191052293835
120000000,59069822,1642191052394325
96000000,62870765,1642191052494647
76800000,1031844,1642191052593695
61440000,61440000,1642191052693864
61440000,61440000,1642191052793652
121440000,32661434,1642191052894638
181440000,86972865,1642191052994074
145152000,33916135,1642191053094429
116121000,116121000,1642191053194320
116121000,116121000,1642191053294178
176121000,176121000,1642191053394216
236121000,236121000,1642191053493453
296121000,154881922,1642191053594538
356121000,98029250,1642191053694379
284896000,98030470,1642191053794264
227916000,98153458,1642191053893991
182332000,58037896,1642191053994503
145865000,1042827,1642191054094225
116692000,1039847,1642191054194622
93353000,1036555,1642191054294826
74682000,1148417,1642191054394448
59745000,16345419,1642191054497508
47796000,1045175,1642191054594406
38236000,1021019,1642191054694237
30588000,1027134,1642191054793802
30000000,1020936,1642191054894523
30000000,1039339,1642191054994464
30000000,2092966,1642191055094240
30000000,2057275,1642191055194491
30000000,1035920,1642191055294768
30000000,1038860,1642191055393747
30000000,30000000,1642191055497306
30000000,30000000,1642191055594753
90000000,64821810,1642191055694297
150000000,37182211,1642191055794406
120000000,54629842,1642191055894365
96000000,47468628,1642191055994542
76800000,76800000,1642191056094102
76800000,76800000,1642191056194034
136800000,136800000,1642191056293875
196800000,158987425,1642191056394336
256800000,107301763,1642191056494744
205440000,112031228,1642191056593956
164352000,112528765,1642191056694549
131481000,131481000,1642191056794429
131481000,131481000,1642191056894277
191481000,188204681,1642191056994346
251481000,138447514,1642191057094357
311481000,237139958,1642191057194379
249184000,128390301,1642191057294323
199347000,128865786,1642191057393668
159477000,159477000,1642191057494421
159477000,159477000,1642191057594055
219477000,67865075,1642191057694669
279477000,35962175,1642191057794345
223581000,70115287,1642191057894515
178864000,131323642,1642191057994124
143091000,143091000,1642191058094277
143091000,143091000,1642191058194354
203091000,203091000,1642191058294402
263091000,263091000,1642191058394102
323091000,223244518,1642191058494030
383091000,127025571,1642191058594190
306472000,154745637,1642191058694350
245177000,4363660,1642191058793899
196141000,69597217,1642191058894209
156912000,51639116,1642191058994755
125529000,95492533,1642191059093532
100423000,57218877,1642191059194355
80338000,33604823,1642191059294394
64270000,64270000,1642191059394570
64270000,64247492,1642191059494366
124270000,24999036,1642191059594166
99416000,96205067,1642191059693908
99416000,36014044,1642191059794141
79532000,1042023,1642191059893802
63625000,5545303,1642191059994486
50900000,36020308,1642191060094414
40720000,2500506,1642191060194380
32576000,1042465,1642191060294180
30000000,30000000,1642191060394357
30000000,1326217,1642191060494493
90000000,1042332,1642191060594097
72000000,32821073,1642191060694252
57600000,1036118,1642191060794657
46080000,27889178,1642191060894239
36864000,36864000,1642191060994044
36864000,34581446,1642191061094370
96864000,2217756,1642191061194288
77491000,13365856,1642191061294137
61992000,42819136,1642191061394215
49593000,49593000,1642191061494382
49593000,49593000,1642191061594309
109593000,109593000,1642191061694192
169593000,169593000,1642191061794666
229593000,140028690,1642191061894321
289593000,126161134,1642191061993633
231674000,216171314,1642191062093843
231674000,152485375,1642191062194155
185339000,11882749,1642191062294459
148271000,32427335,1642191062394465
118616000,106477119,1642191062494111
118616000,65737114,1642191062594136
94892000,87525355,1642191062693815
94892000,94892000,1642191062793403
154892000,154406123,1642191062893625
214892000,138778057,1642191062993421
274892000,51606103,1642191063094212
219913000,44606809,1642191063194250
175930000,63693903,1642191063294148
140744000,138535587,1642191063394038
140744000,44584751,1642191063493659
112595000,30819092,1642191063594194
90076000,49028822,1642191063694117
72060000,72060000,1642191063793979
72060000,72060000,1642191063894334
132060000,132060000,1642191063994188
192060000,158179587,1642191064093552
252060000,1033108,1642191064193730
201648000,75846009,1642191064294109
161318000,57342379,1642191064394104
129054000,12656751,1642191064493892
103243000,52483939,1642191064593733
82594000,41756256,1642191064694011
66075000,60628776,1642191064793869
66075000,66075000,1642191064894035
66075000,66075000,1642191064993997
126075000,126075000,1642191065093670
186075000,186075000,1642191065193773
246075000,166980337,1642191065297142
306075000,51595560,1642191065393974
244860000,50217918,1642191065493351
195888000,103021318,1642191065594127
156710000,65208279,1642191065693939
125368000,50686403,1642191065793783
100294000,97968872,1642191065893879
100294000,32118955,1642191065993960
80235000,80235000,1642191066094072
80235000,80235000,1642191066193632
140235000,118517130,1642191066294088
200235000,38297925,1642191066393549
160188000,102760061,1642191066493925
128150000,128150000,1642191066593910
128150000,128150000,1642191066693692
188150000,188150000,1642191066793865
248150000,248150000,1642191066893887
308150000,308150000,1642191066993727
368150000,277895089,1642191067093842
428150000,297066659,1642191067193842
342520000,305988718,1642191067293999
342520000,149885938,1642191067393944
274016000,32640080,1642191067493939
219212000,1041720,1642191067594099
175369000,1045381,1642191067694005
140295000,1049738,1642191067793615
112236000,1037920,1642191067894174
89788000,7616799,1642191067993324
71830000,2105601,1642191068094187
57464000,1042987,1642191068197536
45971000,3310205,1642191068293953
36776000,4324732,1642191068397012
30000000,1030592,1642191068493999
30000000,1036439,1642191068593908
30000000,1035952,1642191068694019
30000000,1034189,1642191068793695
30000000,1032524,1642191068894039
30000000,1041141,1642191068994186
30000000,1057543,1642191069094127
30000000,1035649,1642191069194069
30000000,2078223,1642191069293970
30000000,3220351,1642191069394049
30000000,2153368,1642191069494062
30000000,6069553,1642191069594399
30000000,1088706,1642191069693827
30000000,1044452,1642191069794027
30000000,1046003,1642191069894227
30000000,24096582,1642191069994284
30000000,20536434,1642191070094458
30000000,30000000,1642191070194339
30000000,30000000,1642191070294297
90000000,1042431,1642191070394501
150000000,1060605,1642191070493397
120000000,1038160,1642191070594009
96000000,2119779,1642191070694147
76800000,1039954,1642191070794199
61440000,38615722,1642191070893900
49152000,1034210,1642191070994409
39321000,1039903,1642191071093498
31456000,1041719,1642191071193920
30000000,30000000,1642191071293557
30000000,30000000,1642191071397400
90000000,90000000,1642191071494299
150000000,150000000,1642191071594397
210000000,210000000,1642191071694344
270000000,270000000,1642191071794346
330000000,298032894,1642191071893898
390000000,265988827,1642191071994045
312000000,98707311,1642191072093727
249600000,1043381,1642191072194287
199680000,2221979,1642191072294408
159744000,13363770,1642191072394126
127795000,36105923,1642191072497252
102236000,40291541,1642191072594248
81788000,42969892,1642191072694200
65430000,11771671,1642191072793775
52344000,18200525,1642191072894077
41875000,21916863,1642191072994087
33500000,33500000,1642191073093960
33500000,33500000,1642191073193760
93500000,71053288,1642191073293943
153500000,80914029,1642191073393974
122800000,8860357,1642191073493966
98240000,25353978,1642191073597279
78592000,56206164,1642191073693570
62873000,13494700,1642191073794261
50298000,38366691,1642191073893985
40238000,31880164,1642191073993357
32190000,32190000,1642191074094534
32190000,32190000,1642191074194559
92190000,89076483,1642191074294202
152190000,87023851,1642191074394102
212190000,125807396,1642191074494203
169752000,1035358,1642191074594057
135801000,24569242,1642191074694015
108640000,1037386,1642191074793865
86912000,40985818,1642191074893867
69529000,1034802,1642191074993647
55623000,2103119,1642191075094287
44498000,1064742,1642191075194029
35598000,1045829,1642191075294000
30000000,1051672,1642191075394160
30000000,1074314,1642191075494117
30000000,1035548,1642191075593405
30000000,3305947,1642191075694127
30000000,1044928,1642191075794105
30000000,3282519,1642191075893898
30000000,2000000,1642191075993826
30000000,2090937,1642191076093772
30000000,1030660,1642191076193242
30000000,1038013,1642191076294019
30000000,1032706,1642191076394066
30000000,1080773,1642191076494022
30000000,1030579,1642191076594001
30000000,3160437,1642191076694053
30000000,1029536,1642191076794130
30000000,3183076,1642191076894188
30000000,3053682,1642191076993688
30000000,2078102,1642191077093862
30000000,2064375,1642191077194115
30000000,1039193,1642191077293995
30000000,1031965,1642191077393993
30000000,3089961,1642191077497744
30000000,1031000,1642191077593771
30000000,4154693,1642191077693162
30000000,1046144,1642191077793611
30000000,3167025,1642191077893773
30000000,2022337,1642191077993997
30000000,3182703,1642191078094390
30000000,1039755,1642191078193722
30000000,1036480,1642191078294069
30000000,1026720,1642191078393815
30000000,1037087,1642191078494158
30000000,1037110,1642191078593897
30000000,4163646,1642191078693977
30000000,3070638,1642191078793031
30000000,3149462,1642191078894011
30000000,1037097,1642191078993122
30000000,2108550,1642191079093585
30000000,3592211,1642191079193902
30000000,1039117,1642191079293875
30000000,1045213,1642191079393085
30000000,1042325,1642191079496911
30000000,1192871,1642191079593685
30000000,2116941,1642191079693672
30000000,1040621,1642191079793741
30000000,13553057,1642191079893676
30000000,1034756,1642191079994928
30000000,2100237,1642191080093803
30000000,2134638,1642191080193087
30000000,1050442,1642191080293142
30000000,3068625,1642191080393969
30000000,1029565,1642191080493988
30000000,1040341,1642191080594055
30000000,2171717,1642191080693164
30000000,1036189,1642191080793732
30000000,3228593,1642191080893194
30000000,1043838,1642191080993281
30000000,2098183,1642191081093224
30000000,2078735,1642191081193934
30000000,1047119,1642191081293121
30000000,1041154,1642191081393791
30000000,17760192,1642191081493987
30000000,2112681,1642191081593317
30000000,30000000,1642191081693372
30000000,30000000,1642191081793633
90000000,13154955,1642191081893613
150000000,1038089,1642191081994093
120000000,9477397,1642191082093587
96000000,65917699,1642191082193460
76800000,1027661,1642191082293640
61440000,39429047,1642191082393923
49152000,14432774,1642191082493633
39321000,1037680,1642191082593560
31456000,11151505,1642191082693636
30000000,30000000,1642191082793022
30000000,30000000,1642191082893821
90000000,62758045,1642191082992868
150000000,93910789,1642191083093782
120000000,103399041,1642191083192890
120000000,6490233,1642191083293408
96000000,14357395,1642191083392919
76800000,1034040,1642191083494031
61440000,1035302,1642191083594246
49152000,3488081,1642191083693722
39321000,19024311,1642191083793797
31456000,31456000,1642191083894029
31456000,31456000,1642191083993442
91456000,70029125,1642191084093106
73164000,73164000,1642191084194018
73164000,73164000,1642191084293207
133164000,133164000,1642191084393873
193164000,27566263,1642191084493951
253164000,39195665,1642191084593161
202531000,1036212,1642191084694241
162024000,102390990,1642191084793759
129619000,1073000,1642191084893523
103695000,4444087,1642191084993848
82956000,56967143,1642191085093967
66364000,1039950,1642191085194038
53091000,1041156,1642191085293072
42472000,2126675,1642191085393401
33977000,1039639,1642191085494159
30000000,1043622,1642191085593741
30000000,1040484,1642191085693959
30000000,3444651,1642191085793495
30000000,1033791,1642191085893183
30000000,1041347,1642191085993136
30000000,5240059,1642191086093193
30000000,1043230,1642191086193575
30000000,1038598,1642191086293697
30000000,2099884,1642191086393302
30000000,4606579,1642191086493672
30000000,1044518,1642191086593076
30000000,1032004,1642191086694032
30000000,2093741,1642191086793140
30000000,1035773,1642191086893565
30000000,1046184,1642191086994269
30000000,3114250,1642191087093947
30000000,1043421,1642191087194156
30000000,1039053,1642191087293468
30000000,2125859,1642191087393701
30000000,3165160,1642191087493795
30000000,2075929,1642191087593072
30000000,1030621,1642191087693591
30000000,2160176,1642191087793785
30000000,1036073,1642191087893852
30000000,1037136,1642191087994110
30000000,3156562,1642191088093640
30000000,1039780,1642191088193902
30000000,2078883,1642191088293752
30000000,2102665,1642191088393609
30000000,2071284,1642191088493489
30000000,1035266,1642191088593613
30000000,1078762,1642191088692724
30000000,3211317,1642191088793868
30000000,1042414,1642191088893854
30000000,1043202,1642191088993802
30000000,3154002,1642191089093749
30000000,1045249,1642191089193859
30000000,1051551,1642191089293903
30000000,2136622,1642191089393634
30000000,2090938,1642191089493358
30000000,1041337,1642191089593713
30000000,1038777,1642191089692945
30000000,3146503,1642191089793666
30000000,2129964,1642191089893815
30000000,1039476,1642191089993604
30000000,18805508,1642191090093549
30000000,1046389,1642191090193829
30000000,1039780,1642191090293905
30000000,2107683,1642191090393133
30000000,2106943,1642191090493771
30000000,2129196,1642191090593562
30000000,1089268,1642191090694217
30000000,2107047,1642191090793613
30000000,1049712,1642191090893729
30000000,1043349,1642191090993820
30000000,4157183,1642191091093767
30000000,1044452,1642191091194698
30000000,2122884,1642191091293392
30000000,2116935,1642191091393736
30000000,2082264,1642191091493898
30000000,1037706,1642191091593520
30000000,1044796,1642191091693245
30000000,2160243,1642191091793808
30000000,3563196,1642191091893447
30000000,2089140,1642191091993569
30000000,4231073,1642191092093152
30000000,1037860,1642191092193637
30000000,30000000,1642191092293770
30000000,30000000,1642191092393740
90000000,65995364,1642191092493744
150000000,62270556,1642191092593674
120000000,1043364,1642191092697322
96000000,1075492,1642191092793636
76800000,64174688,1642191092893721
76800000,62888972,1642191092993712
76800000,26403497,1642191093093148
61440000,1037478,1642191093193533
49152000,1027288,1642191093293166
39321000,39321000,1642191093393586
39321000,21452920,1642191093494042
99321000,44072517,1642191093593452
79456000,13277469,1642191093694238
63564000,25487975,1642191093793585
50851000,50851000,1642191093893814
50851000,50851000,1642191093993308
110851000,52230297,1642191094092907
170851000,11514118,1642191094193741
136680000,86109360,1642191094293316
109344000,50401289,1642191094393584
87475000,55078935,1642191094494037
69980000,67088557,1642191094593466
69980000,35535955,1642191094693825
55984000,44529373,1642191094796947
44787000,44399965,1642191094893475
44787000,44787000,1642191094993566
104787000,93194348,1642191095093851
164787000,21422057,1642191095197279
131829000,50528025,1642191095293459
105463000,105463000,1642191095393678
105463000,105463000,1642191095493522
165463000,53884554,1642191095593507
225463000,37100095,1642191095693708
180370000,60634986,1642191095793712
144296000,14298387,1642191095893146
115436000,22137424,1642191095993802
92348000,48356934,1642191096092860
73878000,50176969,1642191096193849
59102000,42984572,1642191096293487
47281000,47281000,1642191096392928
47281000,32941208,1642191096493490
107281000,45242391,1642191096593745
85824000,79268754,1642191096694396
85824000,85824000,1642191096793732
85824000,59538395,1642191096893259
145824000,8858261,1642191096993703
116659000,89086756,1642191097093845
93327000,37363473,1642191097192763
74661000,52104695,1642191097293935
59728000,52987362,1642191097393437
59728000,59728000,1642191097493873
59728000,59728000,1642191097594348
119728000,23683422,1642191097693263
179728000,120778238,1642191097793169
143782000,116311125,1642191097893723
143782000,38952203,1642191097993808
115025000,42245016,1642191098093025
92020000,32738048,1642191098193085
73616000,11096928,1642191098292829
58892000,1036445,1642191098396721
47113000,1037718,1642191098493600
37690000,1041916,1642191098593458
30152000,1042906,1642191098696392
30000000,22050890,1642191098792942
30000000,3591650,1642191098893977
30000000,4040982,1642191098992899
30000000,3147071,1642191099093329
30000000,2125619,1642191099192988
30000000,1047428,1642191099293009
30000000,1042878,1642191099393030
30000000,1039869,1642191099497671
30000000,1038659,1642191099593768
30000000,1042835,1642191099693821
30000000,4165864,1642191099793725
30000000,30000000,1642191099893585
30000000,30000000,1642191099992803
90000000,8504345,1642191100093971
150000000,19170716,1642191100194068
120000000,9796549,1642191100294259
96000000,11955014,1642191100393808
76800000,10821163,1642191100493512
61440000,43568349,1642191100592931
49152000,49152000,1642191100693590
49152000,43538498,1642191100793784
109152000,21276920,1642191100893736
87321000,10774289,1642191100993460
69856000,45038007,1642191101092977
55884000,51495549,1642191101193740
55884000,47821098,1642191101293666
55884000,11508341,1642191101394128
44707000,34333225,1642191101493748
35765000,15415159,1642191101593488
30000000,2081332,1642191101693291
30000000,20955856,1642191101793607
30000000,30000000,1642191101892907
30000000,28323419,1642191101993535
90000000,12870168,1642191102093498
150000000,2077664,1642191102194147
120000000,9420918,1642191102293022
96000000,87626829,1642191102393589
96000000,31366998,1642191102493706
76800000,16014029,1642191102593449
61440000,15637043,1642191102693543
49152000,49152000,1642191102793551
49152000,49152000,1642191102892738
109152000,109152000,1642191102993403
169152000,169152000,1642191103093436
229152000,179731523,1642191103193002
289152000,142996465,1642191103293635
231321000,53974175,1642191103393509
185056000,185056000,1642191103492920
185056000,55503410,1642191103592647
245056000,6689433,1642191103699391
196044000,13022245,1642191103792507
156835000,1038374,1642191103893704
125468000,16760159,1642191103993446
100374000,64363591,1642191104093718
80299000,3924404,1642191104193560
64239000,16076786,1642191104292904
51391000,1020027,1642191104393542
41112000,15724576,1642191104492732
32889000,1032568,1642191104593594
30000000,13940533,1642191104693148
30000000,30000000,1642191104794116
30000000,30000000,1642191104893590
90000000,65048870,1642191104993050
150000000,2110985,1642191105093640
120000000,52283132,1642191105193318
96000000,3355108,1642191105292443
76800000,27003983,1642191105392709
61440000,52875359,1642191105493543
61440000,1036608,1642191105593718
49152000,49152000,1642191105692723
49152000,45815606,1642191105792546
109152000,6686915,1642191105893561
169152000,1040666,1642191105993915
135321000,2090277,1642191106093390
108256000,1041369,1642191106193668
86604000,1051772,1642191106293365
69283000,1045741,1642191106393409
55426000,3366915,1642191106493591
44340000,1029127,1642191106592620
35472000,2120851,1642191106693814
30000000,1042565,1642191106796457
30000000,3092471,1642191106893539
30000000,1049390,1642191106993389
30000000,3111123,1642191107093473
30000000,2212207,1642191107193789
30000000,2080343,1642191107293533
30000000,2094714,1642191107393773
30000000,4135651,1642191107493733
30000000,1040790,1642191107592776
30000000,2098726,1642191107692878
30000000,1040730,1642191107793211
30000000,2089944,1642191107893410
30000000,4866023,1642191107993458
30000000,2104026,1642191108093367
30000000,1035826,1642191108193057
30000000,1038735,1642191108293455
30000000,1035798,1642191108393498
30000000,2116978,1642191108493570
30000000,1033603,1642191108593333
30000000,2114274,1642191108699788
30000000,1040508,1642191108793383
30000000,4107160,1642191108892679
30000000,3106425,1642191108993628
30000000,2101433,1642191109093721
30000000,1035961,1642191109193265
30000000,1043030,1642191109293204
30000000,1044992,1642191109393225
30000000,2106480,1642191109492790
30000000,1037883,1642191109593445
30000000,2096532,1642191109692895
30000000,1032401,1642191109793648
30000000,2089979,1642191109893283
30000000,3108404,1642191109993399
30000000,2109236,1642191110092834
30000000,1037123,1642191110193419
30000000,1039193,1642191110293478
30000000,1039453,1642191110393206
30000000,3199306,1642191110493410
30000000,1044072,1642191110593477
30000000,4144273,1642191110693028
30000000,10433646,1642191110793301
30000000,3173158,1642191110893104
30000000,2071885,1642191110993385
30000000,2100580,1642191111092871
30000000,1048239,1642191111192514
30000000,2073150,1642191111293219
30000000,1045753,1642191111392930
30000000,2111989,1642191111492411
30000000,1036235,1642191111593310
30000000,2134366,1642191111693116
30000000,1033476,1642191111792540
30000000,4027805,1642191111892742
30000000,2070111,1642191111993341
30000000,2080399,1642191112092975
30000000,1044214,1642191112192632
30000000,1039139,1642191112293492
30000000,1046411,1642191112393614
30000000,2111907,1642191112493092
30000000,1045008,1642191112593185
30000000,2118273,1642191112693307
30000000,1030601,1642191112793437
30000000,2096410,1642191112893276
30000000,2075553,1642191112992779
30000000,3131479,1642191113093461
30000000,1031148,1642191113193063
30000000,1027259,1642191113293388
30000000,1031550,1642191113393437
30000000,3197645,1642191113493399
30000000,2044816,1642191113593292
30000000,2098414,1642191113702430
30000000,1033236,1642191113793292
30000000,2093031,1642191113893078
30000000,2071816,1642191113993056
30000000,2101820,1642191114096856
30000000,1036050,1642191114192612
30000000,2149456,1642191114293082
30000000,1033523,1642191114393065
30000000,2115842,1642191114493191
30000000,1037140,1642191114592924
30000000,2150038,1642191114692808
30000000,1042566,1642191114792884
30000000,2149234,1642191114893148
30000000,2071005,1642191114993147
30000000,2113688,1642191115092849
30000000,1044871,1642191115193046
30000000,1034293,1642191115293099
30000000,1035935,1642191115393080
30000000,4117883,1642191115493323
30000000,1071280,1642191115593207
30000000,2111798,1642191115692676
30000000,10427234,1642191115792458
30000000,28540179,1642191115893517
30000000,3476079,1642191115992915
30000000,2110290,1642191116092897
30000000,3841896,1642191116196862
30000000,30000000,1642191116293042
30000000,30000000,1642191116392576
90000000,90000000,1642191116493397
150000000,150000000,1642191116592966
210000000,99358956,1642191116693025
270000000,1038575,1642191116793197
216000000,41057215,1642191116893345
172800000,1039276,1642191116993438
138240000,2111351,1642191117093107
110592000,1043304,1642191117193394
88473000,34208629,1642191117293054
70778000,10406675,1642191117392752
56622000,48949731,1642191117492612
56622000,20680514,1642191117593277
45297000,45297000,1642191117693112
45297000,36333018,1642191117792584
105297000,42140405,1642191117893632
84237000,44197808,1642191117992974
67389000,13870672,1642191118092631
53911000,3760699,1642191118193418
43128000,31798360,1642191118293247
34502000,30994089,1642191118392504
34502000,8416328,1642191118493043
30000000,30000000,1642191118592919
30000000,30000000,1642191118697874
90000000,23196253,1642191118793213
150000000,12453815,1642191118893348
120000000,11450953,1642191118996523
96000000,36832026,1642191119093572
76800000,45367183,1642191119193352
61440000,1068195,1642191119293387
49152000,4590835,1642191119393319
39321000,1033196,1642191119493504
31456000,1029642,1642191119593231
30000000,8331411,1642191119692669
30000000,2230965,1642191119793205
30000000,1039416,1642191119893432
30000000,1043076,1642191119993132
30000000,16809700,1642191120093287
30000000,1049359,1642191120193213
30000000,12506862,1642191120293332
30000000,1034341,1642191120392399
30000000,1038704,1642191120493420
30000000,1042127,1642191120593069
30000000,1087469,1642191120693104
30000000,2069941,1642191120792759
30000000,1040890,1642191120893271
30000000,1042273,1642191120993161
30000000,3197828,1642191121093312
30000000,1039693,1642191121193282
30000000,3379840,1642191121293460
30000000,24335334,1642191121393281
30000000,1031423,1642191121493018
30000000,10733341,1642191121593188
30000000,3222951,1642191121692827
30000000,30000000,1642191121793063
30000000,30000000,1642191121892531
90000000,90000000,1642191121992470
150000000,20669088,1642191122093483
210000000,36249605,1642191122193010
168000000,65478074,1642191122293269
134400000,134400000,1642191122392931
134400000,134400000,1642191122493445
194400000,194400000,1642191122592490
254400000,254400000,1642191122693028
314400000,84769059,1642191122793002
374400000,37617093,1642191122892256
299520000,46296180,1642191122993368
239616000,14839397,1642191123092895
191692000,1039029,1642191123192981
153353000,1035254,1642191123293315
122682000,10488700,1642191123392896
98145000,31751693,1642191123493047
78516000,36140230,1642191123592992
62812000,60431060,1642191123693382
62812000,62812000,1642191123793231
62812000,62812000,1642191123893123
122812000,119373199,1642191123992565
182812000,68745509,1642191124092723
242812000,9252083,1642191124192560
194249000,63781293,1642191124293212
155399000,9921910,1642191124393012
124319000,13122362,1642191124492491
99455000,48458624,1642191124596128
79564000,10284120,1642191124692637
63651000,40602617,1642191124793120
50920000,48432643,1642191124892517
50920000,31937514,1642191124992283
40736000,40736000,1642191125092877
40736000,40736000,1642191125193032
100736000,13626927,1642191125292405
160736000,52503860,1642191125392521
128588000,128588000,1642191125492494
128588000,97592101,1642191125593127
188588000,31913944,1642191125692686
150870000,9761777,1642191125792873
120696000,85801995,1642191125892809
96556000,41329768,1642191125993090
77244000,37018488,1642191126093113
61795000,61795000,1642191126192795
61795000,61795000,1642191126292280
121795000,76103835,1642191126392421
181795000,14976941,1642191126493024
145436000,22843245,1642191126596504
116348000,30660214,1642191126692321
93078000,17692507,1642191126793103
74462000,42341539,1642191126892344
59569000,59569000,1642191126992134
59569000,59569000,1642191127092881
119569000,32926480,1642191127192732
179569000,179569000,1642191127292859
179569000,179569000,1642191127392262
239569000,55132002,1642191127492992
299569000,24914493,1642191127592689
239655000,69108978,1642191127692895
191724000,54461851,1642191127792712
153379000,17351650,1642191127892958
122703000,40142639,1642191127993035
98162000,98162000,1642191128092292
98162000,98162000,1642191128192939
158162000,50914912,1642191128292566
218162000,10491898,1642191128393131
174529000,1031484,1642191128492699
139623000,1038586,1642191128593134
111698000,2381637,1642191128694018
89358000,1037735,1642191128792690
71486000,1041943,1642191128892615
57188000,1041900,1642191128992790
45750000,2111993,1642191129092300
36600000,1032553,1642191129192999
30000000,2284350,1642191129293028
30000000,3157553,1642191129392361
30000000,1035113,1642191129492874
30000000,1039022,1642191129592810
30000000,2069765,1642191129696199
30000000,1055653,1642191129793090
30000000,1035772,1642191129892571
30000000,1034690,1642191129996022
30000000,2154714,1642191130093012
30000000,2087260,1642191130192927
30000000,2119048,1642191130292895
30000000,3153333,1642191130392499
30000000,1041264,1642191130492921
30000000,1045992,1642191130593080
30000000,2072698,1642191130692227
30000000,1042153,1642191130792890
30000000,1044056,1642191130892526
30000000,1098991,1642191130992922
30000000,2102359,1642191131092079
30000000,1049864,1642191131192915
30000000,2107065,1642191131292864
30000000,5207612,1642191131393002
30000000,2092966,1642191131492725
30000000,1036173,1642191131593174
30000000,3495040,1642191131693393
30000000,1036089,1642191131792388
30000000,2107722,1642191131893008
30000000,2650495,1642191131992985
30000000,2110009,1642191132092611
30000000,1041503,1642191132192527
30000000,2108979,1642191132293166
30000000,4264412,1642191132392858
30000000,1031820,1642191132492656
30000000,2085533,1642191132593161
30000000,2273370,1642191132693062
30000000,2072242,1642191132793014
30000000,10807121,1642191132892116
30000000,1034234,1642191132993043
30000000,2113621,1642191133092662
30000000,10424571,1642191133192932
30000000,13477864,1642191133292963
30000000,30000000,1642191133393051
30000000,28520286,1642191133492748
90000000,43313884,1642191133592117
150000000,1042917,1642191133703634
120000000,30364136,1642191133793073
96000000,82007679,1642191133892749
96000000,34874810,1642191133992497
76800000,17398755,1642191134092765
61440000,1048896,1642191134192934
49152000,37544848,1642191134293057
39321000,39321000,1642191134393192
39321000,39321000,1642191134493068
99321000,99321000,1642191134592642
159321000,89032126,1642191134692260
219321000,1034511,1642191134792657
175456000,54245058,1642191134893277
140364000,25990690,1642191134992682
112291000,2102985,1642191135092784
89832000,17270408,1642191135192128
71865000,23556468,1642191135292374
57492000,1041193,1642191135392651
45993000,11206676,1642191135492898
36794000,36794000,1642191135592326
36794000,36794000,1642191135692583
96794000,33583660,1642191135796149
156794000,44001392,1642191135892498
125435000,1050412,1642191135992878
100348000,9795747,1642191136092197
80278000,8878206,1642191136196103
64222000,28438834,1642191136292694
51377000,30845634,1642191136392642
41101000,32804487,1642191136492515
32880000,32880000,1642191136592689
32880000,17850306,1642191136692051
92880000,34895269,1642191136792175
74304000,41841559,1642191136892691
59443000,36223543,1642191136992609
47554000,22823451,1642191137092332
38043000,16116003,1642191137192402
30434000,17004634,1642191137292627
30000000,27609160,1642191137392632
30000000,23551897,1642191137492726
30000000,27635669,1642191137592634
30000000,30000000,1642191137692358
30000000,30000000,1642191137792560
90000000,28809751,1642191137892461
150000000,45173576,1642191137992049
120000000,120000000,1642191138092598
120000000,120000000,1642191138192436
180000000,180000000,1642191138293169
240000000,1039255,1642191138392738
300000000,1038721,1642191138492939
240000000,27613016,1642191138592239
192000000,156898067,1642191138696858
192000000,95453520,1642191138792394
153600000,14345897,1642191138892713
122880000,1039207,1642191138992939
98304000,21744651,1642191139092732
78643000,18587367,1642191139192282
62914000,62914000,1642191139292518
62914000,31070677,1642191139392558
122914000,20502070,1642191139492366
98331000,28209321,1642191139592362
78664000,78664000,1642191139692294
78664000,27657479,1642191139792089
62931000,15098123,1642191139892829
50344000,10031197,1642191139992590
40275000,28988650,1642191140092945
32220000,29020539,1642191140192158
32220000,11206227,1642191140292127
30000000,10636682,1642191140392592
30000000,12379038,1642191140492223
30000000,9628744,1642191140592562
30000000,30000000,1642191140692700
30000000,30000000,1642191140792013
30000000,30000000,1642191140892813
90000000,53967380,1642191140992601
150000000,12111106,1642191141092456
120000000,48208246,1642191141192773
96000000,19287575,1642191141292274
76800000,10847427,1642191141392533
61440000,15011820,1642191141492134
49152000,16790240,1642191141592399
39321000,9346086,1642191141691875
31456000,20928900,1642191141792680
30000000,30000000,1642191141892081
30000000,20300699,1642191141992404
90000000,10895030,1642191142092404
72000000,16018102,1642191142192573
57600000,25897542,1642191142292326
46080000,25063255,1642191142392202
36864000,11934627,1642191142492131
30000000,8800507,1642191142592815
30000000,30000000,1642191142692307
30000000,30000000,1642191142792140
90000000,47722754,1642191142892344
150000000,8916496,1642191142992375
120000000,19262013,1642191143092051
96000000,21870249,1642191143192703
76800000,11434680,1642191143292680
61440000,61440000,1642191143395931
61440000,11383676,1642191143492503
121440000,16617057,1642191143592593
97152000,14000032,1642191143704705
77721000,77721000,1642191143792230
77721000,77721000,1642191143892154
137721000,106678958,1642191143992511
197721000,128812807,1642191144092589
158176000,114974893,1642191144192306
126540000,100341919,1642191144292632
101232000,1134014,1642191144392207
80985000,2042757,1642191144492651
64788000,1039001,1642191144592656
51830000,1039382,1642191144692599
41464000,1038821,1642191144792188
33171000,1081761,1642191144895891
30000000,1044586,1642191144992215
30000000,2153379,1642191145092575
30000000,5337704,1642191145192316
30000000,2139118,1642191145292227
30000000,1029589,1642191145396011
30000000,2121295,1642191145492265
30000000,1080769,1642191145592666
30000000,1028017,1642191145692661
30000000,1040291,1642191145792101
30000000,1041404,1642191145892111
30000000,2086760,1642191145992698
30000000,2098628,1642191146092126
30000000,8159635,1642191146192233
30000000,3075580,1642191146292909
30000000,1043397,1642191146392831
30000000,1045254,1642191146492337
30000000,1094995,1642191146593165
30000000,25176663,1642191146692567
30000000,1029202,1642191146792590
30000000,1036296,1642191146892844
30000000,8539822,1642191146992085
30000000,2098253,1642191147092070
30000000,2076282,1642191147192658
30000000,3122441,1642191147292971
30000000,10014294,1642191147392503
30000000,10013724,1642191147491966
30000000,17175677,1642191147592702
30000000,1041476,1642191147693069
30000000,1043973,1642191147793022
30000000,1032323,1642191147892595
30000000,9862068,1642191147992641
30000000,30000000,1642191148092814
30000000,30000000,1642191148192516
90000000,14907439,1642191148292650
150000000,1036876,1642191148392328
120000000,1048514,1642191148492421
96000000,1044962,1642191148592481
76800000,22480651,1642191148693877
61440000,8397166,1642191148792522
49152000,26056567,1642191148892876
39321000,1038237,1642191148992399
31456000,2169177,1642191149092854
30000000,10104177,1642191149192911
30000000,27438689,1642191149292878
30000000,18302055,1642191149392018
30000000,10292116,1642191149492843
30000000,5165600,1642191149592685
30000000,8923889,1642191149692056
30000000,9985904,1642191149792403
30000000,30000000,1642191149892580
30000000,10326065,1642191149992692
90000000,2107854,1642191150092654
72000000,1083590,1642191150192805
57600000,2231517,1642191150292614
46080000,1043353,1642191150392929
36864000,2096295,1642191150492740
30000000,1046946,1642191150592940
30000000,1048462,1642191150691783
30000000,1044966,1642191150792665
30000000,4274455,1642191150892833
30000000,1045847,1642191150992702
30000000,26540495,1642191151092800
30000000,17185510,1642191151192738
90000000,2492713,1642191151292228
72000000,22268566,1642191151392645
57600000,20365414,1642191151492766
46080000,8702636,1642191151592861
36864000,21239071,1642191151692823
30000000,30000000,1642191151792889
30000000,30000000,1642191151892820
90000000,90000000,1642191151992494
