30000000,1144499,1621530783321495
30000000,1156077,1621530783421411
30000000,1163400,1621530783521306
30000000,1140605,1621530783621359
30000000,1146051,1621530783721338
30000000,1145782,1621530783821376
30000000,1145019,1621530783921240
30000000,1192118,1621530784021288
30000000,1164358,1621530784121221
30000000,1151519,1621530784221379
30000000,1149747,1621530784321250
30000000,1183100,1621530784421184
30000000,1178796,1621530784521195
30000000,4684828,1621530784622584
30000000,2442556,1621530784725151
30000000,2231762,1621530784822058
30000000,2278191,1621530784921981
30000000,2215551,1621530785022005
30000000,2287248,1621530785122774
30000000,3300508,1621530785221315
30000000,2008382,1621530785322106
30000000,3427315,1621530785421509
30000000,1139220,1621530785522242
30000000,1139730,1621530785621861
30000000,2119403,1621530785721824
30000000,1199720,1621530785821603
30000000,1141601,1621530785921169
30000000,2028221,1621530786021221
30000000,1205677,1621530786122885
30000000,2292598,1621530786221110
30000000,3407748,1621530786321251
30000000,3460683,1621530786421213
30000000,2195377,1621530786527029
30000000,5701379,1621530786621950
30000000,3443841,1621530786722138
30000000,5460373,1621530786821868
30000000,3207890,1621530786921162
30000000,3241826,1621530787021919
30000000,3360639,1621530787121123
30000000,4442763,1621530787222556
30000000,3443536,1621530787322069
30000000,4337729,1621530787421169
30000000,4342451,1621530787522185
30000000,3364556,1621530787622111
30000000,6751905,1621530787721202
30000000,6695094,1621530787823559
30000000,6743321,1621530787925045
30000000,4372431,1621530788021110
30000000,4460470,1621530788121174
30000000,5504478,1621530788221073
30000000,4342079,1621530788321314
30000000,3209707,1621530788422086
30000000,5312798,1621530788523123
30000000,5376334,1621530788623612
30000000,5454384,1621530788721174
30000000,4379872,1621530788821958
30000000,7954160,1621530788922599
30000000,8835585,1621530789021779
30000000,7503772,1621530789125102
30000000,6674961,1621530789225131
30000000,6543411,1621530789322807
30000000,5453314,1621530789423694
30000000,7708659,1621530789522231
30000000,7920170,1621530789625204
30000000,6617050,1621530789723480
30000000,8695414,1621530789825124
30000000,5478206,1621530789921217
30000000,8857664,1621530790021108
30000000,6657007,1621530790122393
30000000,8002929,1621530790221102
30000000,5362358,1621530790322774
30000000,4283978,1621530790423050
30000000,6661265,1621530790523839
30000000,9055170,1621530790622695
30000000,10000271,1621530790722608
30000000,11353026,1621530790821078
30000000,10638898,1621530790923502
30000000,5486878,1621530791025856
30000000,6526135,1621530791121903
30000000,7577924,1621530791222135
30000000,7815501,1621530791322408
30000000,7972727,1621530791422018
30000000,7782318,1621530791522380
30000000,6584021,1621530791622341
30000000,7823675,1621530791721173
30000000,4262202,1621530791823633
30000000,5465782,1621530791922107
30000000,7763745,1621530792021119
30000000,4374807,1621530792122890
30000000,6752900,1621530792223770
30000000,6674524,1621530792322338
30000000,4407236,1621530792424404
30000000,5609859,1621530792522665
30000000,4543238,1621530792622196
30000000,4465397,1621530792722690
30000000,3332960,1621530792825976
30000000,6688854,1621530792927537
30000000,4390978,1621530793022035
30000000,5383687,1621530793121997
30000000,5682249,1621530793222100
30000000,5360052,1621530793321179
30000000,4415129,1621530793421189
30000000,7593032,1621530793521215
30000000,6347837,1621530793623398
30000000,5276859,1621530793723130
30000000,6319751,1621530793823324
30000000,7708435,1621530793922709
30000000,7332549,1621530794022841
30000000,7556667,1621530794122702
30000000,5541097,1621530794221951
30000000,4192604,1621530794321062
30000000,5541778,1621530794422572
30000000,6453509,1621530794523236
30000000,7805102,1621530794622458
30000000,6677039,1621530794723301
30000000,5318409,1621530794822210
30000000,5176407,1621530794921177
30000000,4312213,1621530795021251
30000000,6472309,1621530795122940
30000000,5675269,1621530795221142
30000000,7589539,1621530795321093
30000000,8930767,1621530795421972
30000000,5516616,1621530795522428
30000000,7815751,1621530795622524
30000000,8869491,1621530795721126
30000000,6402310,1621530795821224
30000000,6601945,1621530795921900
30000000,6483572,1621530796021971
30000000,5412115,1621530796121234
30000000,7745434,1621530796221198
30000000,4241589,1621530796322436
30000000,3305038,1621530796423215
30000000,6611495,1621530796522689
30000000,5491492,1621530796622324
30000000,4253735,1621530796723753
30000000,4353841,1621530796823169
30000000,7623287,1621530796922115
30000000,5539763,1621530797022729
30000000,6579007,1621530797122714
30000000,7536483,1621530797222878
30000000,5279635,1621530797323244
30000000,6733984,1621530797424516
30000000,12388023,1621530797521287
30000000,7696644,1621530797622048
30000000,8816049,1621530797722826
30000000,7660663,1621530797821991
30000000,6500014,1621530797921258
30000000,6758571,1621530798021125
30000000,7621662,1621530798121501
30000000,6655564,1621530798222027
30000000,5461085,1621530798325222
30000000,6580851,1621530798421951
30000000,6685302,1621530798522429
30000000,6340890,1621530798622250
30000000,6771845,1621530798724039
30000000,6522014,1621530798821135
30000000,8664463,1621530798921206
30000000,7545436,1621530799021292
30000000,4435561,1621530799121901
30000000,6617251,1621530799223104
30000000,5322306,1621530799321871
30000000,6746673,1621530799422516
30000000,5637271,1621530799521141
30000000,4434139,1621530799624141
30000000,6359546,1621530799721091
30000000,6458761,1621530799821143
30000000,5467092,1621530799922526
30000000,5484650,1621530800025373
30000000,3224880,1621530800121134
30000000,5725507,1621530800222062
30000000,6646094,1621530800321136
30000000,6621763,1621530800423208
30000000,5453968,1621530800522554
30000000,6672921,1621530800622572
30000000,5481171,1621530800721199
30000000,6397556,1621530800822975
30000000,4360832,1621530800923505
30000000,7723214,1621530801022010
30000000,6552257,1621530801122937
30000000,6724665,1621530801222900
30000000,5273838,1621530801322857
30000000,6624186,1621530801423935
30000000,6720515,1621530801521081
30000000,6824265,1621530801622447
30000000,5286338,1621530801721845
30000000,6758404,1621530801821151
30000000,5292730,1621530801922577
30000000,7742720,1621530802021923
30000000,8864190,1621530802121044
30000000,6697621,1621530802223210
30000000,9236063,1621530802321493
30000000,5470400,1621530802423045
30000000,6675096,1621530802522236
30000000,7965777,1621530802622412
30000000,6572935,1621530802723457
30000000,6592755,1621530802822301
30000000,7770469,1621530802921132
30000000,6282600,1621530803021212
30000000,5463119,1621530803121124
30000000,3274778,1621530803222918
30000000,7681848,1621530803321378
30000000,6488801,1621530803423738
30000000,6556924,1621530803522165
30000000,5421650,1621530803621121
30000000,6600570,1621530803721993
30000000,5609580,1621530803822220
30000000,5404737,1621530803921084
30000000,6507806,1621530804021236
30000000,6587770,1621530804122101
30000000,5493863,1621530804221078
30000000,7617632,1621530804324099
30000000,9134485,1621530804421085
30000000,6986647,1621530804521154
30000000,7738094,1621530804622174
30000000,6503259,1621530804721101
30000000,5230567,1621530804821931
30000000,5453653,1621530804921572
30000000,5616923,1621530805021180
30000000,5620278,1621530805123404
30000000,5484999,1621530805222761
30000000,6575505,1621530805322617
30000000,3256052,1621530805422331
30000000,7788453,1621530805526171
30000000,5636301,1621530805623398
30000000,7554767,1621530805723040
30000000,6560703,1621530805821098
30000000,7741878,1621530805921688
30000000,5505402,1621530806021967
30000000,6422023,1621530806121189
30000000,6754228,1621530806222876
30000000,5397732,1621530806321054
30000000,6664347,1621530806421340
30000000,7852162,1621530806526037
30000000,5562091,1621530806621244
30000000,5472836,1621530806722432
30000000,6519639,1621530806822602
30000000,6759753,1621530806922372
30000000,6626805,1621530807021851
30000000,6510248,1621530807123032
30000000,7391712,1621530807221907
30000000,5499719,1621530807321135
30000000,6491795,1621530807421956
30000000,5503447,1621530807523059
30000000,7761899,1621530807621184
30000000,5519620,1621530807721977
30000000,6434039,1621530807821162
30000000,4501040,1621530807921921
30000000,6680645,1621530808022018
30000000,6344662,1621530808124332
30000000,6589673,1621530808221210
30000000,7638530,1621530808321193
30000000,4325411,1621530808421106
30000000,4312635,1621530808523183
30000000,4474880,1621530808622013
30000000,7706269,1621530808722134
30000000,5227821,1621530808823501
30000000,7764636,1621530808923511
30000000,7558018,1621530809021111
30000000,6456960,1621530809121197
30000000,5514815,1621530809223334
30000000,6632175,1621530809326637
30000000,5363994,1621530809422626
30000000,5503423,1621530809525059
30000000,6690086,1621530809621109
30000000,7555728,1621530809721273
30000000,6658270,1621530809822083
30000000,5514961,1621530809922531
30000000,6582008,1621530810021227
30000000,4590945,1621530810121207
30000000,4441867,1621530810225192
30000000,4466754,1621530810325055
30000000,4437576,1621530810425058
30000000,5464837,1621530810525936
30000000,3298512,1621530810622121
30000000,5462803,1621530810721183
30000000,7554313,1621530810822675
30000000,4433994,1621530810922908
30000000,4456221,1621530811021959
30000000,6426477,1621530811124668
30000000,5662833,1621530811221427
30000000,11243316,1621530811323768
30000000,5265211,1621530811421071
30000000,8879797,1621530811522455
30000000,6513953,1621530811621132
30000000,6415844,1621530811725224
30000000,9881284,1621530811824014
30000000,5506295,1621530811922769
30000000,8852165,1621530812021929
30000000,5671125,1621530812121928
30000000,7893478,1621530812221124
30000000,4320090,1621530812325058
30000000,5522670,1621530812423502
30000000,4359461,1621530812528567
30000000,7627627,1621530812621117
30000000,5662809,1621530812722832
30000000,6647538,1621530812821208
30000000,5370912,1621530812925173
30000000,6450049,1621530813021203
30000000,7679520,1621530813121848
30000000,6691153,1621530813221744
30000000,7520603,1621530813321943
30000000,8801350,1621530813422594
30000000,6418236,1621530813525093
30000000,7648385,1621530813621070
30000000,6719223,1621530813721032
30000000,5693472,1621530813821264
30000000,6618155,1621530813922244
30000000,8793789,1621530814021380
30000000,7355731,1621530814122060
30000000,8736425,1621530814221146
30000000,6381457,1621530814321065
30000000,6511828,1621530814423987
30000000,8665120,1621530814521816
30000000,6326236,1621530814622636
30000000,7512373,1621530814721183
30000000,5606614,1621530814823790
30000000,5393334,1621530814922746
30000000,7647791,1621530815022794
30000000,5364363,1621530815122205
30000000,6675759,1621530815221095
30000000,5503289,1621530815322649
30000000,6650266,1621530815421335
30000000,5326112,1621530815521133
30000000,4343992,1621530815621109
30000000,8915427,1621530815721968
30000000,5616716,1621530815822176
30000000,7661824,1621530815922057
30000000,3346750,1621530816021099
30000000,6509590,1621530816122292
30000000,5418308,1621530816223422
30000000,8889882,1621530816322484
30000000,6510463,1621530816421079
30000000,7358581,1621530816523636
30000000,5391239,1621530816623269
30000000,6448524,1621530816721192
30000000,5382429,1621530816825125
30000000,5381830,1621530816922118
30000000,5413320,1621530817022811
30000000,6677977,1621530817122977
30000000,4312489,1621530817222290
30000000,4283958,1621530817322571
30000000,6783109,1621530817421077
30000000,5239376,1621530817525095
30000000,3178272,1621530817621849
30000000,4370351,1621530817721199
30000000,4491513,1621530817823355
30000000,6842698,1621530817921252
30000000,8848064,1621530818023147
30000000,7809947,1621530818124050
30000000,8734807,1621530818222936
30000000,6504969,1621530818322209
30000000,8764126,1621530818422754
30000000,7596289,1621530818524774
30000000,8907970,1621530818621253
30000000,6559614,1621530818721876
30000000,5716952,1621530818822463
30000000,7827916,1621530818925098
30000000,5306548,1621530819022050
30000000,5454938,1621530819123055
30000000,7469856,1621530819225185
30000000,6376336,1621530819321109
30000000,4304806,1621530819424421
30000000,7365669,1621530819521737
30000000,7571531,1621530819622869
30000000,6561235,1621530819721795
30000000,7574192,1621530819821922
30000000,5537650,1621530819922436
30000000,5506513,1621530820021061
30000000,6599583,1621530820121997
30000000,5421667,1621530820221801
30000000,5439938,1621530820321074
30000000,6472833,1621530820421217
30000000,5602648,1621530820521114
30000000,6552547,1621530820621884
30000000,6513909,1621530820721193
30000000,6698939,1621530820822281
30000000,5576841,1621530820921062
30000000,6773360,1621530821021076
30000000,6586118,1621530821122792
30000000,5609629,1621530821221139
30000000,7879186,1621530821322828
30000000,6688440,1621530821422173
30000000,4255315,1621530821524001
30000000,4364376,1621530821621055
30000000,5062578,1621530821721917
30000000,5403763,1621530821822429
30000000,4273739,1621530821922732
30000000,6667982,1621530822021986
30000000,7797133,1621530822121092
30000000,6627221,1621530822222326
30000000,5538813,1621530822323670
30000000,6372413,1621530822422234
30000000,6460574,1621530822522032
30000000,5452497,1621530822622190
30000000,6603003,1621530822721096
30000000,7077099,1621530822821451
30000000,4530179,1621530822922666
30000000,6580492,1621530823022636
30000000,6379557,1621530823121965
30000000,7663892,1621530823222148
30000000,6469484,1621530823321118
30000000,5541990,1621530823422960
30000000,6491497,1621530823522687
30000000,6727919,1621530823621993
30000000,5628000,1621530823721052
30000000,5336192,1621530823821129
30000000,5374252,1621530823922239
30000000,5438237,1621530824023544
30000000,6568122,1621530824121985
30000000,3430212,1621530824221887
30000000,6583405,1621530824321907
30000000,3304753,1621530824422310
30000000,9019700,1621530824525248
30000000,5466750,1621530824623953
30000000,5537296,1621530824722812
30000000,6537982,1621530824821176
30000000,5599593,1621530824921106
30000000,6606682,1621530825021087
30000000,3131505,1621530825121231
30000000,5475108,1621530825225079
30000000,6786745,1621530825321183
30000000,5633450,1621530825421127
30000000,7740266,1621530825521211
30000000,3350866,1621530825621268
30000000,6700794,1621530825721224
30000000,4314742,1621530825825761
30000000,7513416,1621530825921188
30000000,7341213,1621530826022797
30000000,6418567,1621530826122081
30000000,6438841,1621530826223328
30000000,6586453,1621530826321149
30000000,7388500,1621530826423562
30000000,4383186,1621530826521192
30000000,6548574,1621530826623964
30000000,7698647,1621530826721305
30000000,7677737,1621530826824137
30000000,7718306,1621530826921121
30000000,7705998,1621530827021086
30000000,6594647,1621530827121219
30000000,6856253,1621530827222745
30000000,8679474,1621530827323378
30000000,5379519,1621530827421236
30000000,4444998,1621530827523072
30000000,6776944,1621530827621895
30000000,5368229,1621530827721280
30000000,7740064,1621530827821221
30000000,7788056,1621530827922859
30000000,5301086,1621530828021178
30000000,6768585,1621530828121145
30000000,6590807,1621530828221098
30000000,6533384,1621530828321099
30000000,6665704,1621530828425733
30000000,7746012,1621530828522845
30000000,6546739,1621530828623466
30000000,7531531,1621530828723788
30000000,7894964,1621530828821375
30000000,8766964,1621530828923522
30000000,6466223,1621530829023194
30000000,8254288,1621530829121942
30000000,8692522,1621530829221162
30000000,12290385,1621530829321117
30000000,6690425,1621530829423529
30000000,7447042,1621530829521954
30000000,5468357,1621530829621175
30000000,6605749,1621530829721111
30000000,5319873,1621530829821282
30000000,8629723,1621530829921200
30000000,8735685,1621530830025825
30000000,8940325,1621530830121163
30000000,5528225,1621530830222378
30000000,7443041,1621530830321953
30000000,5711391,1621530830426540
30000000,5410591,1621530830521210
30000000,6508770,1621530830621073
30000000,5708438,1621530830724287
30000000,5597578,1621530830822726
30000000,4441959,1621530830922118
30000000,4449572,1621530831021146
30000000,5339027,1621530831123484
30000000,5498950,1621530831223499
30000000,3261343,1621530831321908
30000000,5711807,1621530831421080
30000000,4217698,1621530831522216
30000000,6620455,1621530831621215
30000000,5519683,1621530831721123
30000000,7534788,1621530831821198
30000000,6794738,1621530831922617
30000000,5362799,1621530832023000
30000000,4442642,1621530832123392
30000000,6597560,1621530832221904
30000000,5468976,1621530832322016
30000000,5477480,1621530832421170
30000000,6642004,1621530832521847
30000000,5365759,1621530832621153
30000000,5369507,1621530832721162
30000000,7813309,1621530832822121
30000000,7781751,1621530832922718
30000000,7619695,1621530833021101
30000000,7734376,1621530833121195
30000000,6745328,1621530833221135
30000000,6639513,1621530833321090
30000000,7741152,1621530833421692
30000000,5490699,1621530833521070
30000000,7668467,1621530833621225
30000000,3142183,1621530833722684
30000000,5427634,1621530833821083
30000000,5533250,1621530833921227
30000000,7496857,1621530834022096
30000000,4375011,1621530834121258
30000000,4563218,1621530834222044
30000000,7566524,1621530834321151
30000000,7745464,1621530834421130
30000000,5493775,1621530834521840
30000000,6447697,1621530834621981
30000000,5495698,1621530834724698
30000000,7540885,1621530834821176
30000000,8941249,1621530834921054
30000000,5266479,1621530835023809
30000000,6609220,1621530835122583
30000000,7464163,1621530835221283
30000000,4238129,1621530835321203
30000000,5877198,1621530835421819
30000000,6723801,1621530835521162
30000000,8829532,1621530835621229
30000000,4482524,1621530835722075
30000000,5393082,1621530835821902
30000000,6432036,1621530835922416
30000000,5566531,1621530836021229
30000000,7906757,1621530836123634
30000000,6464165,1621530836222160
30000000,6961429,1621530836321257
30000000,6542328,1621530836421311
30000000,6639759,1621530836524113
30000000,7726657,1621530836621169
30000000,5323255,1621530836722362
30000000,5439394,1621530836821764
30000000,10962446,1621530836921573
30000000,6598656,1621530837023534
30000000,6540094,1621530837122056
30000000,11005941,1621530837222084
30000000,5316045,1621530837323510
30000000,6425146,1621530837421256
30000000,5271579,1621530837521093
30000000,8819847,1621530837621148
30000000,6624335,1621530837723918
30000000,6452569,1621530837826484
30000000,8942285,1621530837923861
30000000,6381094,1621530838021132
30000000,6289027,1621530838121968
30000000,6610362,1621530838221157
30000000,6576605,1621530838321152
30000000,5507102,1621530838422712
30000000,6705145,1621530838522284
30000000,6480791,1621530838622027
30000000,7710176,1621530838721960
30000000,5492031,1621530838821151
30000000,4421146,1621530838921122
30000000,5489323,1621530839025093
30000000,3264324,1621530839121093
30000000,5532240,1621530839222124
30000000,6705517,1621530839324129
30000000,5396345,1621530839425085
30000000,4336621,1621530839523499
30000000,4335981,1621530839621948
30000000,3138653,1621530839724608
30000000,4336632,1621530839822102
30000000,6609554,1621530839921149
30000000,6908046,1621530840023841
30000000,4329948,1621530840121234
30000000,4482243,1621530840222616
30000000,5361292,1621530840323478
30000000,7574731,1621530840424202
30000000,5334015,1621530840523472
30000000,4475541,1621530840626567
30000000,6667103,1621530840722010
30000000,5368239,1621530840822637
30000000,4398869,1621530840921080
30000000,8822773,1621530841021083
30000000,4350391,1621530841121074
30000000,6576855,1621530841226234
30000000,7558502,1621530841322537
30000000,7507422,1621530841422625
30000000,6629208,1621530841521118
30000000,7242446,1621530841621120
30000000,8759430,1621530841726285
30000000,7783577,1621530841821296
30000000,8970617,1621530841923450
30000000,6421110,1621530842022017
30000000,6877400,1621530842121200
30000000,7798304,1621530842222521
30000000,7885608,1621530842321922
30000000,7886221,1621530842422443
30000000,6737869,1621530842521148
30000000,7916538,1621530842621191
30000000,7794754,1621530842721123
30000000,6751217,1621530842821124
30000000,6339536,1621530842921106
30000000,6811084,1621530843022520
30000000,8832128,1621530843122127
30000000,5577686,1621530843223217
30000000,7495928,1621530843321102
30000000,7596027,1621530843421141
30000000,6361486,1621530843523000
30000000,9764502,1621530843622235
30000000,7504909,1621530843721101
30000000,7532372,1621530843823268
30000000,6515588,1621530843921992
30000000,9825825,1621530844021137
30000000,7701400,1621530844123162
30000000,6350048,1621530844222507
30000000,5741587,1621530844322001
30000000,6839722,1621530844421071
30000000,5256689,1621530844521885
30000000,7500052,1621530844621982
30000000,6683182,1621530844722905
30000000,5568013,1621530844822008
30000000,6558727,1621530844921088
30000000,5524357,1621530845021155
30000000,3249416,1621530845121995
30000000,4325903,1621530845222077
30000000,6605862,1621530845321856
30000000,5321237,1621530845422651
30000000,6711934,1621530845521184
30000000,7502911,1621530845621090
30000000,5402676,1621530845722179
30000000,9912987,1621530845821455
30000000,5496591,1621530845924075
30000000,7871016,1621530846022363
30000000,6305709,1621530846122139
30000000,7903622,1621530846221997
30000000,6716423,1621530846322712
30000000,8816275,1621530846423242
30000000,5536239,1621530846524244
30000000,7692953,1621530846622801
30000000,5429778,1621530846721349
30000000,5425824,1621530846821225
30000000,5586153,1621530846925348
30000000,6729955,1621530847022922
30000000,4376876,1621530847122662
30000000,5438706,1621530847222036
30000000,6718089,1621530847322349
30000000,6437602,1621530847422345
30000000,4349411,1621530847521083
30000000,5514827,1621530847621103
30000000,4408743,1621530847721934
30000000,7817164,1621530847823223
30000000,5547138,1621530847922161
30000000,5563195,1621530848021097
30000000,4383197,1621530848123496
30000000,6735537,1621530848221604
30000000,3165309,1621530848321162
30000000,4333835,1621530848421199
30000000,5325564,1621530848521220
30000000,2088297,1621530848621076
30000000,5291924,1621530848721136
30000000,6939157,1621530848821054
30000000,6399851,1621530848922554
30000000,6375244,1621530849021174
30000000,4264753,1621530849121079
30000000,5405640,1621530849221179
30000000,6460727,1621530849321086
30000000,4335087,1621530849421990
30000000,7805933,1621530849521116
30000000,4432422,1621530849621539
30000000,6476642,1621530849721081
30000000,5328991,1621530849821126
30000000,7760299,1621530849921106
30000000,6530023,1621530850021434
30000000,4264123,1621530850121273
30000000,3082412,1621530850225274
30000000,4364354,1621530850321084
30000000,6485125,1621530850421076
30000000,8691986,1621530850525870
30000000,6671171,1621530850621104
30000000,6512885,1621530850721911
30000000,6358477,1621530850821158
30000000,6438543,1621530850922044
30000000,6443376,1621530851023474
30000000,7614870,1621530851122991
30000000,6493011,1621530851221278
30000000,5354420,1621530851325957
30000000,7688702,1621530851422085
30000000,5507228,1621530851521858
30000000,7804154,1621530851622237
30000000,7817549,1621530851721084
30000000,7749287,1621530851821156
30000000,5515309,1621530851921819
30000000,8688361,1621530852022127
30000000,6987873,1621530852122049
30000000,5633120,1621530852221138
30000000,5396654,1621530852321476
30000000,8654398,1621530852421079
30000000,6424467,1621530852522589
30000000,6526831,1621530852621229
30000000,5376293,1621530852721999
30000000,6726214,1621530852821123
30000000,5457992,1621530852921067
30000000,7955063,1621530853021082
30000000,7689846,1621530853122024
30000000,4435904,1621530853222887
30000000,6376118,1621530853326132
30000000,5443985,1621530853421071
30000000,5311461,1621530853522625
30000000,5372061,1621530853621161
30000000,5343550,1621530853721884
30000000,5428814,1621530853821179
30000000,6595083,1621530853921154
30000000,5274495,1621530854021099
30000000,5754635,1621530854121145
30000000,4336941,1621530854221184
30000000,6380597,1621530854322221
30000000,6625406,1621530854426134
30000000,2263166,1621530854523557
30000000,5444166,1621530854621090
30000000,4587274,1621530854721181
30000000,4406524,1621530854821121
30000000,6682368,1621530854921053
30000000,6588910,1621530855021934
30000000,5412710,1621530855121104
30000000,4672612,1621530855222339
30000000,5488459,1621530855325983
30000000,8835133,1621530855422248
30000000,5431077,1621530855521089
30000000,8763220,1621530855626479
30000000,5374507,1621530855722907
30000000,6436337,1621530855826661
30000000,6567974,1621530855921973
30000000,5620629,1621530856021112
30000000,5506450,1621530856121931
30000000,6598641,1621530856221109
30000000,6677239,1621530856321151
30000000,7879252,1621530856422060
30000000,5613259,1621530856523018
30000000,6552386,1621530856623030
30000000,3298903,1621530856721969
30000000,5594142,1621530856821112
30000000,4316601,1621530856922827
30000000,6807318,1621530857021956
30000000,3291164,1621530857122804
30000000,5568317,1621530857221102
30000000,6676302,1621530857326000
30000000,6525631,1621530857424262
30000000,7701087,1621530857522002
30000000,5382074,1621530857621206
30000000,6719401,1621530857721201
30000000,5455305,1621530857821106
30000000,6529333,1621530857921181
30000000,5409122,1621530858021926
30000000,5203641,1621530858122408
30000000,10744924,1621530858223672
30000000,6456318,1621530858321153
30000000,8023549,1621530858425237
30000000,5415176,1621530858523793
30000000,6704008,1621530858622442
30000000,7739361,1621530858721671
30000000,4325652,1621530858821142
30000000,7629133,1621530858922063
30000000,5463184,1621530859023317
30000000,7838740,1621530859121230
30000000,4438870,1621530859221079
30000000,6571213,1621530859322055
30000000,5546808,1621530859422046
30000000,8741361,1621530859523795
30000000,6544872,1621530859623069
30000000,5369790,1621530859722966
30000000,6393270,1621530859823068
30000000,6591699,1621530859921179
30000000,6612179,1621530860021203
30000000,4350642,1621530860122031
30000000,3385317,1621530860226394
30000000,3479336,1621530860321176
30000000,6470142,1621530860423273
30000000,6632288,1621530860521131
30000000,7037783,1621530860621136
30000000,4372290,1621530860722060
30000000,5254717,1621530860826046
30000000,4393232,1621530860922041
30000000,5482629,1621530861021073
30000000,3269206,1621530861123197
30000000,6614126,1621530861222768
30000000,4341440,1621530861323248
30000000,5576540,1621530861422387
30000000,6492086,1621530861522238
30000000,9525823,1621530861621110
30000000,7815109,1621530861723502
30000000,7549647,1621530861822124
30000000,5405587,1621530861924059
30000000,6486833,1621530862026620
30000000,7886771,1621530862122835
30000000,8514666,1621530862222269
30000000,7333586,1621530862323087
30000000,10076151,1621530862421120
30000000,6623295,1621530862521492
30000000,6407821,1621530862623357
30000000,8663184,1621530862721187
30000000,6356460,1621530862821647
30000000,6702082,1621530862921131
30000000,6797272,1621530863023684
30000000,5414479,1621530863121794
30000000,5354039,1621530863222119
30000000,5397225,1621530863322545
30000000,7639367,1621530863425145
30000000,10002848,1621530863525156
30000000,6597245,1621530863622198
30000000,7648501,1621530863721914
30000000,5402888,1621530863822811
30000000,6653236,1621530863922441
30000000,6692114,1621530864022739
30000000,6763778,1621530864121876
30000000,6595803,1621530864224523
30000000,6665929,1621530864321161
30000000,6338356,1621530864421469
30000000,6624670,1621530864522527
30000000,5608852,1621530864622994
30000000,7827982,1621530864721213
30000000,6574395,1621530864821108
30000000,4183332,1621530864921897
30000000,9992305,1621530865022117
30000000,3251410,1621530865122515
30000000,6467336,1621530865222320
30000000,6626955,1621530865325692
30000000,7577903,1621530865421190
30000000,5513603,1621530865522714
30000000,8721921,1621530865623167
30000000,5448435,1621530865726468
30000000,5489625,1621530865821146
30000000,5394109,1621530865921087
30000000,7632614,1621530866021160
30000000,5703103,1621530866122916
30000000,5472467,1621530866221816
30000000,6777688,1621530866322000
30000000,5638074,1621530866425272
30000000,8801621,1621530866521155
30000000,7808294,1621530866621077
30000000,10045133,1621530866722806
30000000,8623922,1621530866821142
30000000,6513225,1621530866921257
30000000,6623799,1621530867022595
30000000,5500216,1621530867121096
30000000,5497873,1621530867221184
30000000,6408553,1621530867322174
30000000,7561251,1621530867424659
30000000,8941516,1621530867521080
30000000,10248575,1621530867622500
30000000,6561105,1621530867721175
30000000,6600285,1621530867821334
30000000,3333280,1621530867923276
30000000,5467932,1621530868022222
30000000,5153377,1621530868122028
30000000,5554724,1621530868221834
30000000,5552946,1621530868321083
30000000,4246462,1621530868421144
30000000,6587903,1621530868521147
30000000,9803761,1621530868621938
30000000,5263705,1621530868721090
30000000,5378777,1621530868821126
30000000,5432265,1621530868922190
30000000,9890346,1621530869022157
30000000,5391599,1621530869122045
30000000,5429377,1621530869221293
30000000,6554304,1621530869321881
30000000,6582389,1621530869422646
30000000,6422141,1621530869521800
30000000,6481429,1621530869621832
30000000,5461580,1621530869721709
30000000,4499981,1621530869821978
30000000,5726795,1621530869921253
30000000,6632736,1621530870021397
30000000,8078759,1621530870121164
30000000,5451166,1621530870221133
30000000,5445838,1621530870321188
30000000,5490526,1621530870421230
30000000,6535966,1621530870525048
30000000,6442124,1621530870621980
30000000,6437023,1621530870722765
30000000,6530363,1621530870821252
30000000,8753849,1621530870921157
30000000,5409623,1621530871022362
30000000,5515935,1621530871121099
30000000,9904319,1621530871221222
30000000,5296378,1621530871323045
30000000,6527965,1621530871421948
30000000,8802179,1621530871522060
30000000,6525932,1621530871622856
30000000,6481567,1621530871721130
30000000,5521256,1621530871821246
30000000,5508095,1621530871922526
30000000,5476452,1621530872021091
30000000,4218991,1621530872122281
30000000,7645531,1621530872222919
30000000,4468203,1621530872321124
30000000,6318854,1621530872421103
30000000,8764879,1621530872522423
30000000,7694004,1621530872621228
30000000,5379001,1621530872721174
30000000,7976838,1621530872822145
30000000,5612310,1621530872922365
30000000,8748822,1621530873022357
30000000,5468827,1621530873122726
30000000,6687329,1621530873223141
30000000,6423000,1621530873325132
30000000,6662943,1621530873421101
30000000,5804366,1621530873522517
30000000,7699355,1621530873621884
30000000,6558218,1621530873721153
30000000,5665759,1621530873822017
30000000,8791241,1621530873921118
30000000,7681562,1621530874021318
30000000,5960835,1621530874122702
30000000,8440856,1621530874221334
30000000,7569338,1621530874321221
30000000,6539530,1621530874422046
30000000,6623409,1621530874522360
30000000,7474230,1621530874621093
30000000,4464654,1621530874723819
30000000,6639342,1621530874821230
30000000,6408274,1621530874921910
30000000,7457784,1621530875021940
30000000,5462924,1621530875121073
30000000,5505283,1621530875221274
30000000,7655736,1621530875321120
30000000,8743999,1621530875421144
30000000,6521997,1621530875522001
30000000,6556235,1621530875622683
30000000,6704749,1621530875721104
30000000,5747499,1621530875822011
30000000,7495375,1621530875921133
30000000,5331002,1621530876023023
30000000,6281225,1621530876121253
30000000,5532284,1621530876222098
30000000,5520918,1621530876321232
30000000,5439263,1621530876421252
30000000,7857539,1621530876522327
30000000,5454586,1621530876625184
30000000,7559792,1621530876721159
30000000,7862219,1621530876823478
30000000,6610004,1621530876921844
30000000,7720344,1621530877022484
30000000,6879729,1621530877121991
30000000,7515970,1621530877222989
30000000,7900248,1621530877321352
30000000,5690466,1621530877423204
30000000,7707473,1621530877521067
30000000,6737682,1621530877622094
30000000,7750137,1621530877721980
30000000,6701489,1621530877821125
30000000,6387525,1621530877922769
30000000,9817681,1621530878022060
30000000,5485259,1621530878121104
30000000,6655363,1621530878221163
30000000,8978398,1621530878321285
30000000,6566021,1621530878425175
30000000,7659218,1621530878522434
30000000,5385737,1621530878621254
30000000,7880541,1621530878722759
30000000,5728655,1621530878821951
30000000,6707888,1621530878923170
30000000,8743411,1621530879021212
30000000,7631909,1621530879121868
30000000,8827049,1621530879221089
30000000,7759619,1621530879321095
30000000,8612866,1621530879421486
30000000,7742940,1621530879521115
30000000,7688966,1621530879622811
30000000,6605979,1621530879721211
30000000,6842259,1621530879821199
30000000,5540039,1621530879921150
30000000,7833930,1621530880021083
30000000,6587921,1621530880121880
30000000,5336651,1621530880221113
30000000,4336897,1621530880323105
30000000,4379537,1621530880421401
30000000,6644852,1621530880525120
30000000,8000841,1621530880622317
30000000,7784250,1621530880721333
30000000,8905272,1621530880821322
30000000,7976742,1621530880922431
30000000,7887822,1621530881021192
30000000,4553999,1621530881121155
30000000,7701035,1621530881222021
30000000,5608790,1621530881324290
30000000,5415324,1621530881422444
30000000,5474797,1621530881523618
30000000,5294507,1621530881622183
30000000,7593654,1621530881721214
30000000,7673699,1621530881822741
30000000,6869200,1621530881922219
30000000,7736742,1621530882021927
30000000,6293714,1621530882122633
30000000,8816074,1621530882221214
30000000,6507217,1621530882322527
30000000,5323714,1621530882421160
30000000,4297981,1621530882525935
30000000,7628991,1621530882621389
30000000,5296033,1621530882721150
30000000,6617257,1621530882822693
30000000,8788211,1621530882921320
30000000,6642399,1621530883021069
30000000,5593813,1621530883121255
30000000,5645414,1621530883221225
30000000,3316172,1621530883323737
30000000,4311258,1621530883421944
30000000,5783524,1621530883521060
30000000,4300871,1621530883621288
30000000,3231259,1621530883721093
30000000,6612766,1621530883821263
30000000,4566251,1621530883922531
30000000,5560766,1621530884021163
30000000,4431803,1621530884121171
30000000,6611584,1621530884221136
30000000,4316740,1621530884321252
30000000,4322739,1621530884421161
30000000,3105730,1621530884521109
30000000,5480800,1621530884621133
30000000,5445263,1621530884726027
30000000,4467004,1621530884822833
30000000,8677613,1621530884921151
30000000,7640594,1621530885022242
30000000,6708579,1621530885123903
30000000,6567616,1621530885226870
30000000,3171360,1621530885321176
30000000,4244670,1621530885421235
30000000,5566890,1621530885522122
30000000,5415597,1621530885624317
30000000,6510345,1621530885725650
30000000,6607064,1621530885822402
30000000,7742532,1621530885921506
30000000,6598184,1621530886021532
30000000,5470020,1621530886121234
30000000,7835834,1621530886221300
30000000,6680201,1621530886322645
30000000,6576565,1621530886427863
30000000,7790019,1621530886521957
30000000,6570074,1621530886622128
30000000,5383353,1621530886722769
30000000,6553406,1621530886822803
30000000,6506046,1621530886922655
30000000,6591874,1621530887021195
30000000,6471756,1621530887121127
30000000,6460397,1621530887221237
30000000,6492289,1621530887321902
30000000,6532300,1621530887421087
30000000,4320558,1621530887521113
30000000,5502329,1621530887621061
30000000,5429157,1621530887721115
30000000,5372340,1621530887821212
30000000,3252617,1621530887921122
30000000,8827198,1621530888021430
30000000,4679137,1621530888121986
30000000,7700659,1621530888222481
30000000,5389737,1621530888321170
30000000,4613104,1621530888421207
30000000,8895603,1621530888521177
30000000,4306323,1621530888624017
30000000,7529378,1621530888721928
30000000,4448839,1621530888823021
30000000,5203257,1621530888922941
30000000,5293788,1621530889022071
30000000,4381061,1621530889122825
30000000,6606408,1621530889224527
30000000,5426148,1621530889322472
30000000,7604543,1621530889423934
30000000,7514553,1621530889523304
30000000,6499128,1621530889625058
30000000,4231637,1621530889724603
30000000,6499212,1621530889821924
30000000,5523603,1621530889923726
30000000,4593208,1621530890022005
30000000,7626972,1621530890123414
30000000,7496216,1621530890222430
30000000,5432890,1621530890323193
30000000,6490542,1621530890421200
30000000,6365866,1621530890521935
30000000,6593220,1621530890622032
30000000,6609298,1621530890722355
30000000,9147506,1621530890821163
30000000,7746486,1621530890925711
30000000,8796909,1621530891021298
30000000,7575505,1621530891122171
30000000,5295204,1621530891222280
30000000,7740493,1621530891321263
30000000,5654629,1621530891426269
30000000,6646009,1621530891521144
30000000,5413950,1621530891621095
30000000,6543946,1621530891721211
30000000,6433970,1621530891821127
30000000,7633706,1621530891922635
30000000,4285055,1621530892022799
30000000,5362045,1621530892124212
30000000,6959777,1621530892225173
30000000,6667837,1621530892322483
30000000,11422027,1621530892421874
30000000,6381942,1621530892522576
30000000,9711166,1621530892621339
30000000,7485070,1621530892721269
30000000,7441482,1621530892822044
30000000,6629402,1621530892923601
30000000,6696991,1621530893021460
30000000,7673832,1621530893123363
30000000,7812210,1621530893221214
30000000,7641822,1621530893322793
30000000,6863925,1621530893425844
30000000,6510765,1621530893522536
30000000,7783963,1621530893621192
30000000,6640215,1621530893721927
30000000,7810652,1621530893826263
30000000,5349293,1621530893925949
30000000,7536725,1621530894021177
30000000,7742931,1621530894121380
30000000,4269795,1621530894222727
30000000,7641914,1621530894322232
30000000,8809013,1621530894421471
30000000,6459191,1621530894521500
30000000,5496251,1621530894621108
30000000,6490326,1621530894722143
30000000,4306137,1621530894821294
30000000,5585344,1621530894921724
30000000,5336240,1621530895022545
30000000,5331077,1621530895121087
30000000,6453266,1621530895222021
30000000,6417495,1621530895322456
30000000,6664063,1621530895421171
30000000,6499529,1621530895521223
30000000,5300476,1621530895622695
30000000,4276387,1621530895721057
30000000,5238585,1621530895821759
30000000,7940446,1621530895921147
30000000,6476304,1621530896021352
30000000,7860986,1621530896121981
30000000,5390365,1621530896221157
30000000,4173956,1621530896321189
30000000,5515497,1621530896421506
30000000,5410654,1621530896522284
30000000,6693022,1621530896622656
30000000,4386253,1621530896721936
30000000,4573055,1621530896822335
30000000,7752798,1621530896921902
30000000,6419867,1621530897022302
30000000,3402901,1621530897124368
30000000,5464023,1621530897226766
30000000,5583477,1621530897323880
30000000,6438212,1621530897421143
30000000,8941130,1621530897523339
30000000,4197353,1621530897622030
30000000,7732805,1621530897721855
30000000,5363113,1621530897821145
30000000,7736360,1621530897922030
30000000,5777500,1621530898022596
30000000,10263135,1621530898122718
30000000,6340021,1621530898222996
30000000,6581188,1621530898321155
30000000,7592197,1621530898422039
30000000,7605777,1621530898522887
30000000,6657485,1621530898623675
30000000,6747755,1621530898721169
30000000,6630688,1621530898821192
30000000,5427003,1621530898921179
30000000,6424005,1621530899023415
30000000,5486281,1621530899122355
30000000,6458132,1621530899221110
30000000,4422524,1621530899321068
30000000,4248666,1621530899421330
30000000,5362787,1621530899522137
30000000,5373098,1621530899622027
30000000,5379010,1621530899722757
30000000,5297355,1621530899821146
30000000,5458178,1621530899925929
30000000,7548355,1621530900021954
30000000,5861428,1621530900121099
30000000,6659456,1621530900221182
30000000,5768528,1621530900323565
30000000,9036490,1621530900421912
30000000,6703039,1621530900522226
30000000,5356533,1621530900622798
30000000,7776667,1621530900721075
30000000,5450559,1621530900822077
30000000,6478262,1621530900921144
30000000,6654669,1621530901021206
30000000,5314366,1621530901121114
30000000,5823274,1621530901222639
30000000,6861726,1621530901321264
30000000,5396270,1621530901421172
30000000,6357792,1621530901522130
30000000,5644337,1621530901622405
30000000,7764809,1621530901722553
30000000,5458770,1621530901821207
30000000,5350528,1621530901924046
30000000,4273900,1621530902021230
30000000,7020519,1621530902123712
30000000,6458821,1621530902221965
30000000,7475586,1621530902321087
30000000,6551589,1621530902421115
30000000,6561270,1621530902522533
30000000,6665010,1621530902625466
30000000,4355570,1621530902723444
30000000,6685751,1621530902822156
30000000,6556954,1621530902921175
30000000,4493324,1621530903023494
30000000,9715654,1621530903122600
30000000,4308577,1621530903221913
30000000,4379745,1621530903323512
30000000,4315628,1621530903421145
30000000,4390594,1621530903521213
30000000,6643209,1621530903622229
30000000,5409363,1621530903723637
30000000,5226288,1621530903821235
30000000,6671555,1621530903922373
30000000,3260050,1621530904022107
30000000,7607507,1621530904121084
30000000,5456048,1621530904221098
30000000,6463863,1621530904322626
30000000,9006029,1621530904421158
30000000,5438788,1621530904521147
30000000,8571946,1621530904621995
30000000,6748294,1621530904725114
30000000,7554898,1621530904822012
30000000,8506104,1621530904921121
30000000,6354345,1621530905021985
30000000,6461073,1621530905121196
30000000,7610961,1621530905223525
30000000,6355132,1621530905321085
30000000,6290438,1621530905421147
30000000,7903319,1621530905523038
30000000,6367487,1621530905621196
30000000,6591884,1621530905721246
30000000,6601241,1621530905823343
30000000,5660666,1621530905922569
30000000,5545603,1621530906021209
30000000,4469952,1621530906121152
30000000,6470628,1621530906221204
30000000,4490496,1621530906323611
30000000,4329574,1621530906422079
30000000,7945782,1621530906521306
30000000,5428671,1621530906622088
30000000,6434539,1621530906722206
30000000,6528592,1621530906822859
30000000,6407126,1621530906923432
30000000,6569075,1621530907022881
30000000,8811427,1621530907121254
30000000,5262659,1621530907223221
30000000,6433895,1621530907323940
30000000,8594232,1621530907422722
30000000,8547042,1621530907521089
30000000,8990486,1621530907622015
30000000,6464246,1621530907721102
30000000,6563975,1621530907821337
30000000,8842490,1621530907921229
30000000,6298741,1621530908021251
30000000,6367542,1621530908122154
30000000,6481221,1621530908221097
30000000,5342747,1621530908321155
30000000,6812773,1621530908421291
30000000,5378742,1621530908522976
30000000,9673944,1621530908623360
30000000,8712730,1621530908722415
30000000,7675094,1621530908821082
30000000,7536507,1621530908921091
30000000,6404427,1621530909021296
30000000,6539517,1621530909122191
30000000,6530917,1621530909221240
30000000,6470185,1621530909323126
30000000,7567877,1621530909423008
30000000,6333971,1621530909521147
30000000,5305632,1621530909621151
30000000,6559078,1621530909722458
30000000,8685369,1621530909822203
30000000,6738715,1621530909922723
30000000,6863127,1621530910021096
30000000,4437715,1621530910121854
30000000,5619770,1621530910222068
30000000,8826664,1621530910321337
30000000,4268532,1621530910422925
30000000,6197973,1621530910521143
30000000,6799350,1621530910622424
30000000,7744366,1621530910722944
30000000,6639232,1621530910821078
30000000,5341121,1621530910921843
30000000,5346827,1621530911021866
30000000,5655244,1621530911123623
30000000,4692294,1621530911222223
30000000,6633925,1621530911322147
30000000,7775297,1621530911422391
30000000,4409800,1621530911525097
30000000,5559606,1621530911622945
30000000,6520970,1621530911722557
30000000,6480870,1621530911821911
30000000,5566546,1621530911925126
30000000,5460888,1621530912023576
30000000,6793314,1621530912124066
30000000,6549692,1621530912221480
30000000,6578909,1621530912323182
30000000,5711764,1621530912421956
30000000,6496517,1621530912521193
30000000,6589879,1621530912622574
30000000,7745459,1621530912721185
30000000,6573259,1621530912821999
30000000,5449603,1621530912925079
30000000,6638082,1621530913022081
30000000,6422899,1621530913122011
30000000,7610138,1621530913221264
30000000,7754322,1621530913322333
30000000,6341348,1621530913421505
30000000,5642632,1621530913523455
30000000,5348044,1621530913622230
30000000,7506885,1621530913722227
30000000,7797280,1621530913821302
30000000,4341747,1621530913923243
30000000,7762557,1621530914021280
30000000,7652374,1621530914122776
30000000,5426882,1621530914222746
30000000,6396677,1621530914321082
30000000,5306950,1621530914421270
30000000,4247787,1621530914521143
30000000,5327316,1621530914622080
30000000,6561424,1621530914721093
30000000,7810837,1621530914821064
30000000,6614338,1621530914921299
30000000,7884512,1621530915021126
30000000,6606911,1621530915125095
30000000,4322878,1621530915222356
30000000,11501077,1621530915321432
30000000,6636379,1621530915421259
30000000,4308199,1621530915522151
30000000,4147936,1621530915622053
30000000,4376960,1621530915721188
30000000,5562842,1621530915821171
30000000,4339479,1621530915922469
30000000,6416773,1621530916022963
30000000,7715263,1621530916123595
30000000,8842528,1621530916222643
30000000,6458073,1621530916321166
30000000,6288595,1621530916421124
30000000,5470495,1621530916522653
30000000,6622488,1621530916621287
30000000,10140320,1621530916721125
30000000,7405824,1621530916822201
30000000,6517475,1621530916922671
30000000,7273629,1621530917021252
30000000,4280877,1621530917121195
30000000,5376616,1621530917222033
30000000,6635965,1621530917322003
30000000,7484533,1621530917421103
30000000,5433147,1621530917521149
30000000,7665163,1621530917623170
30000000,6584015,1621530917721430
30000000,7683009,1621530917821094
30000000,6746899,1621530917921861
30000000,8808849,1621530918022043
30000000,7736284,1621530918121172
30000000,9662565,1621530918221212
30000000,6601918,1621530918321097
30000000,7937028,1621530918421271
30000000,6408566,1621530918522300
30000000,8598407,1621530918622372
30000000,11181349,1621530918721892
30000000,7590403,1621530918821117
30000000,6540805,1621530918921299
30000000,5569649,1621530919021197
30000000,6459259,1621530919123828
30000000,6430210,1621530919221225
30000000,5544585,1621530919321066
30000000,6570995,1621530919422168
30000000,5391936,1621530919522291
30000000,5402287,1621530919621133
30000000,5655701,1621530919721091
30000000,6534787,1621530919822937
30000000,7776725,1621530919921167
30000000,6337209,1621530920021144
30000000,7782370,1621530920123405
30000000,5336301,1621530920221118
30000000,6470432,1621530920321182
30000000,7880340,1621530920421148
30000000,7641941,1621530920522715
30000000,6690348,1621530920623041
30000000,7770382,1621530920723212
30000000,5573683,1621530920823879
30000000,5515948,1621530920922037
30000000,4242414,1621530921023854
30000000,6601310,1621530921121097
30000000,7697369,1621530921223492
30000000,8995605,1621530921323881
30000000,6554678,1621530921421129
30000000,6856006,1621530921523238
30000000,7712308,1621530921622394
30000000,8653649,1621530921721121
30000000,7791461,1621530921821193
30000000,5457861,1621530921921072
30000000,5320491,1621530922022052
30000000,6547328,1621530922121178
30000000,7732906,1621530922221167
30000000,10082623,1621530922321099
30000000,8866041,1621530922422672
30000000,6512229,1621530922522506
30000000,7644922,1621530922621211
30000000,5699599,1621530922722059
30000000,6642243,1621530922822312
30000000,6439701,1621530922923051
30000000,6633695,1621530923022473
30000000,7628056,1621530923122401
30000000,6623677,1621530923226209
30000000,6489027,1621530923322670
30000000,6559491,1621530923421249
30000000,7739851,1621530923521135
30000000,5473101,1621530923623788
30000000,7688404,1621530923723894
30000000,7479809,1621530923823653
30000000,7736681,1621530923921167
30000000,6669485,1621530924021097
30000000,5418897,1621530924121194
30000000,7680595,1621530924221802
30000000,6588126,1621530924321175
30000000,5480258,1621530924421183
30000000,4495080,1621530924521927
30000000,5438870,1621530924621096
30000000,6864356,1621530924721308
30000000,5428760,1621530924823612
30000000,6368304,1621530924921090
30000000,6480262,1621530925021094
30000000,4316242,1621530925121066
30000000,4305419,1621530925221093
30000000,6336539,1621530925321140
30000000,6546400,1621530925421089
30000000,3249653,1621530925521880
30000000,7592797,1621530925621147
30000000,4193190,1621530925721125
30000000,5387593,1621530925821109
30000000,8153755,1621530925921256
30000000,4304780,1621530926021127
30000000,5535201,1621530926121136
30000000,4487099,1621530926221086
30000000,4263559,1621530926321147
30000000,5472762,1621530926425159
30000000,4280153,1621530926525100
30000000,5648337,1621530926625858
30000000,5399064,1621530926727249
30000000,7719888,1621530926827012
30000000,7356584,1621530926925141
30000000,9859833,1621530927025295
30000000,7451783,1621530927125174
30000000,7683380,1621530927225171
30000000,5338903,1621530927325131
30000000,5341049,1621530927425132
30000000,7541683,1621530927529149
30000000,6797849,1621530927629181
30000000,6490793,1621530927729522
30000000,5502155,1621530927821432
30000000,5316714,1621530927921213
30000000,5544978,1621530928021151
30000000,5362395,1621530928121154
30000000,6723078,1621530928221118
30000000,5429345,1621530928321102
30000000,8764032,1621530928421123
30000000,4229517,1621530928521150
30000000,4377789,1621530928621099
30000000,6686257,1621530928721180
30000000,5463679,1621530928821117
30000000,4194094,1621530928921206
30000000,4461643,1621530929022153
30000000,5381826,1621530929123724
30000000,7778435,1621530929222025
30000000,4632013,1621530929321839
30000000,6563058,1621530929421962
30000000,5489145,1621530929521193
30000000,5341365,1621530929621190
30000000,6749884,1621530929721255
30000000,6657448,1621530929822392
30000000,8796004,1621530929924121
30000000,6339634,1621530930022072
30000000,6582513,1621530930122084
30000000,7537638,1621530930221203
30000000,6779907,1621530930322231
30000000,7882333,1621530930423014
30000000,6609514,1621530930526282
30000000,5461546,1621530930623013
30000000,7667973,1621530930721943
30000000,5494165,1621530930821844
30000000,5485440,1621530930921780
30000000,5429497,1621530931021209
30000000,5558542,1621530931122006
30000000,6555259,1621530931221975
30000000,4403924,1621530931322837
30000000,8821909,1621530931421116
30000000,6408070,1621530931521188
30000000,5703708,1621530931623565
30000000,5679027,1621530931721291
30000000,6709271,1621530931822715
30000000,4366820,1621530931921164
30000000,7564419,1621530932021102
30000000,5962477,1621530932123637
30000000,8950767,1621530932223298
30000000,6427805,1621530932323835
30000000,5324992,1621530932423391
30000000,5449180,1621530932523715
30000000,6624054,1621530932621246
30000000,6633954,1621530932723307
30000000,6456037,1621530932821323
30000000,5436483,1621530932921144
30000000,5581384,1621530933022028
30000000,6874605,1621530933123626
30000000,5334611,1621530933223170
30000000,7668954,1621530933322188
30000000,6636377,1621530933422950
30000000,9993923,1621530933521349
30000000,6449497,1621530933622301
30000000,5354037,1621530933721194
30000000,4333751,1621530933822013
30000000,6501825,1621530933922861
30000000,5476258,1621530934025315
30000000,5417704,1621530934121976
30000000,8014578,1621530934221125
30000000,4437950,1621530934322130
30000000,8793018,1621530934421250
30000000,7599434,1621530934522054
30000000,5472008,1621530934621111
30000000,7716337,1621530934725973
30000000,4638824,1621530934821167
30000000,8803811,1621530934922894
30000000,6653499,1621530935023111
30000000,8791837,1621530935122620
30000000,7612094,1621530935222636
30000000,7516583,1621530935321132
30000000,8863089,1621530935422759
30000000,6504170,1621530935523460
30000000,9886948,1621530935621215
30000000,6531566,1621530935722332
30000000,7560302,1621530935822779
30000000,8732398,1621530935921503
30000000,7665039,1621530936023596
30000000,5405549,1621530936121044
30000000,6632543,1621530936222285
30000000,6798084,1621530936321350
30000000,5582098,1621530936426286
30000000,5565275,1621530936526027
30000000,6560878,1621530936622088
30000000,6754951,1621530936725237
30000000,6498468,1621530936821429
30000000,5417796,1621530936924209
30000000,5264757,1621530937022075
30000000,5526664,1621530937124180
30000000,6687127,1621530937222799
30000000,7972366,1621530937321358
30000000,6476066,1621530937422573
30000000,6510033,1621530937521261
30000000,4631025,1621530937623441
30000000,6719265,1621530937725210
30000000,7743919,1621530937821241
30000000,8946146,1621530937922550
30000000,5325872,1621530938022752
30000000,7615921,1621530938122146
30000000,6571140,1621530938222176
30000000,7846822,1621530938322111
30000000,6467734,1621530938422051
30000000,7809184,1621530938522050
30000000,6604444,1621530938622690
30000000,4251118,1621530938722681
30000000,9885761,1621530938821439
30000000,7929982,1621530938922785
30000000,7828368,1621530939025267
30000000,5532505,1621530939122163
30000000,7581661,1621530939221377
30000000,8773144,1621530939321283
30000000,6920351,1621530939421461
30000000,5296624,1621530939521219
30000000,6437181,1621530939622691
30000000,6595476,1621530939721228
30000000,6805040,1621530939821305
30000000,7873186,1621530939921183
30000000,6423341,1621530940025351
30000000,5498958,1621530940121144
30000000,5599639,1621530940223066
30000000,7932803,1621530940321110
30000000,6623785,1621530940423341
30000000,7647685,1621530940521188
30000000,5804284,1621530940623478
30000000,6692016,1621530940722195
30000000,6731727,1621530940825992
30000000,6618605,1621530940923365
30000000,6578612,1621530941021935
30000000,6598853,1621530941122820
30000000,6473490,1621530941223837
30000000,8625240,1621530941322794
30000000,6555814,1621530941421146
30000000,5447594,1621530941521219
30000000,5431390,1621530941621201
30000000,8946823,1621530941722850
30000000,6554270,1621530941821208
30000000,6442063,1621530941922747
30000000,6405509,1621530942021228
30000000,5471662,1621530942122456
30000000,6655335,1621530942221439
30000000,4306958,1621530942322785
30000000,5337012,1621530942421946
30000000,8892430,1621530942521115
30000000,6480220,1621530942622023
30000000,7388513,1621530942721072
30000000,5253550,1621530942823736
30000000,5592452,1621530942921290
30000000,1102588,1621530943021930
30000000,4416788,1621530943121095
30000000,5509155,1621530943224452
30000000,7781395,1621530943321126
30000000,4319276,1621530943422729
30000000,3363846,1621530943523489
30000000,4141415,1621530943621089
30000000,3364878,1621530943721499
30000000,5691872,1621530943821086
30000000,4397004,1621530943922163
30000000,5632825,1621530944021094
30000000,6645608,1621530944125856
30000000,6558789,1621530944222006
30000000,7588593,1621530944321269
30000000,6564564,1621530944426544
30000000,6467933,1621530944522884
30000000,6505569,1621530944622040
30000000,6605453,1621530944721235
30000000,8746219,1621530944821178
30000000,6363158,1621530944923252
30000000,8781010,1621530945022318
30000000,7626039,1621530945123795
30000000,7676644,1621530945221298
30000000,5455158,1621530945322817
30000000,8950647,1621530945421059
30000000,4799757,1621530945521227
30000000,4305338,1621530945622118
30000000,4618586,1621530945723290
30000000,3273171,1621530945823027
30000000,5527098,1621530945921545
30000000,4605964,1621530946023016
30000000,6445881,1621530946121119
30000000,5550818,1621530946221124
30000000,5457923,1621530946322936
30000000,4219219,1621530946421106
30000000,4406943,1621530946522695
30000000,7793515,1621530946621201
30000000,3311424,1621530946722142
30000000,5488267,1621530946821227
30000000,5614796,1621530946922294
30000000,6428937,1621530947021035
30000000,4471484,1621530947123856
30000000,8865368,1621530947222282
30000000,4321849,1621530947322840
30000000,5450017,1621530947422275
30000000,5343590,1621530947524092
30000000,6480798,1621530947624324
30000000,5299031,1621530947722678
30000000,6787580,1621530947821260
30000000,5505779,1621530947921993
30000000,5623561,1621530948021119
30000000,5365397,1621530948121438
30000000,7640286,1621530948221320
30000000,6478372,1621530948321347
30000000,5349712,1621530948421268
30000000,6463319,1621530948522803
30000000,6559354,1621530948621529
30000000,6572987,1621530948721170
30000000,6382138,1621530948822835
30000000,4471253,1621530948921148
30000000,8749436,1621530949021504
30000000,4357014,1621530949123531
30000000,6431434,1621530949223316
30000000,6770689,1621530949325313
30000000,5423156,1621530949422844
30000000,7572669,1621530949521425
30000000,6808243,1621530949623770
30000000,5453732,1621530949727710
30000000,6470276,1621530949821981
30000000,6521598,1621530949923301
30000000,5640021,1621530950021460
30000000,7924803,1621530950121356
30000000,5392262,1621530950222061
30000000,6484645,1621530950322681
30000000,6283660,1621530950422814
30000000,6590566,1621530950523525
30000000,7747631,1621530950623408
30000000,6338888,1621530950721139
30000000,5580814,1621530950821909
30000000,7650246,1621530950922615
30000000,5464899,1621530951022866
30000000,5588229,1621530951121108
30000000,5425948,1621530951223731
30000000,3271338,1621530951322906
30000000,5581132,1621530951422735
30000000,5690512,1621530951522223
30000000,7788508,1621530951622975
30000000,9893496,1621530951723563
30000000,3338264,1621530951821887
30000000,6612373,1621530951922156
30000000,4590165,1621530952023479
30000000,8590996,1621530952122097
30000000,9011505,1621530952223942
30000000,6711008,1621530952328841
30000000,5570889,1621530952422264
30000000,4326741,1621530952523130
30000000,5426403,1621530952621285
30000000,5374708,1621530952722840
30000000,8727852,1621530952821218
30000000,7519970,1621530952925061
30000000,7752894,1621530953025164
30000000,7705144,1621530953122582
30000000,8562253,1621530953224546
30000000,6608815,1621530953323327
30000000,6550683,1621530953425489
30000000,7670233,1621530953521357
30000000,5426943,1621530953622787
30000000,6446298,1621530953727062
30000000,4440336,1621530953821092
30000000,4403435,1621530953922527
30000000,5345869,1621530954021170
30000000,6875441,1621530954121472
30000000,6339597,1621530954223023
30000000,8551996,1621530954322732
30000000,5372878,1621530954422319
30000000,6504126,1621530954522097
30000000,10001552,1621530954621283
30000000,6506951,1621530954722800
30000000,7396631,1621530954821376
30000000,6374687,1621530954926530
30000000,5589330,1621530955021258
30000000,4387737,1621530955122227
30000000,5319533,1621530955222118
30000000,5431271,1621530955322946
30000000,5763821,1621530955423327
30000000,5413583,1621530955521473
30000000,5355191,1621530955622764
30000000,6760396,1621530955722634
30000000,3442138,1621530955823974
30000000,7621109,1621530955921308
30000000,7812814,1621530956022980
30000000,7948301,1621530956122191
30000000,4618347,1621530956221877
30000000,5472665,1621530956322952
30000000,8675480,1621530956421529
30000000,5395369,1621530956526025
30000000,7731540,1621530956622300
30000000,6569609,1621530956722881
30000000,10083009,1621530956821146
30000000,6721205,1621530956922200
30000000,6721971,1621530957021243
30000000,4477942,1621530957121865
30000000,5385554,1621530957222906
30000000,5398472,1621530957322706
30000000,6467529,1621530957422306
30000000,7694502,1621530957522683
30000000,10166812,1621530957625257
30000000,6475873,1621530957722705
30000000,8114928,1621530957821377
30000000,5351839,1621530957928776
30000000,5422701,1621530958022248
30000000,7648576,1621530958121340
30000000,6689544,1621530958222125
30000000,5499804,1621530958321218
30000000,6566759,1621530958421125
30000000,6545036,1621530958522242
30000000,6588307,1621530958622698
30000000,7694036,1621530958722955
30000000,5522681,1621530958822428
30000000,4410652,1621530958923572
30000000,6271789,1621530959021468
30000000,8420174,1621530959122169
30000000,6686221,1621530959222235
30000000,5565834,1621530959322208
30000000,7706214,1621530959421496
30000000,6658844,1621530959521436
30000000,4219261,1621530959621163
30000000,8787043,1621530959721162
30000000,7748573,1621530959822646
30000000,6664347,1621530959923301
30000000,10019960,1621530960021378
30000000,6607333,1621530960123699
30000000,6440777,1621530960222915
30000000,7785460,1621530960322741
30000000,5291389,1621530960421480
30000000,5515894,1621530960521414
30000000,5709300,1621530960622206
30000000,5251521,1621530960722201
30000000,3286928,1621530960823913
30000000,6644947,1621530960922055
30000000,6762754,1621530961022198
30000000,5908705,1621530961121298
30000000,5760696,1621530961222258
30000000,6572068,1621530961322036
30000000,4475672,1621530961422249
30000000,4281156,1621530961521472
30000000,4499430,1621530961621422
30000000,5461778,1621530961721219
30000000,5468742,1621530961825156
30000000,7658468,1621530961921305
30000000,8739066,1621530962022018
30000000,4437045,1621530962121157
30000000,5736942,1621530962221329
30000000,4574158,1621530962322752
30000000,4681568,1621530962422763
30000000,3445845,1621530962524011
30000000,6665894,1621530962621538
30000000,7834231,1621530962721201
30000000,6671225,1621530962826010
30000000,7492264,1621530962923122
30000000,8845183,1621530963021181
30000000,7927406,1621530963123000
30000000,5492192,1621530963221154
30000000,7741410,1621530963322895
30000000,1191890,1621530963421402
30000000,1207410,1621530963521429
30000000,1196170,1621530963621340
30000000,1142940,1621530963721495
30000000,1146359,1621530963822174
30000000,1156797,1621530963921403
30000000,1154061,1621530964021207
30000000,1164109,1621530964122175
30000000,1153766,1621530964221384
30000000,1148534,1621530964321144
30000000,1154083,1621530964421313
30000000,1150300,1621530964521325
30000000,1150285,1621530964621262
30000000,1148725,1621530964721352
30000000,1209509,1621530964821327
30000000,1160332,1621530964921231
30000000,1145270,1621530965021226
30000000,1163157,1621530965121194
30000000,2280885,1621530965221146
30000000,1157847,1621530965321574
30000000,1166091,1621530965421478
30000000,1171713,1621530965521401
30000000,1169310,1621530965621339
30000000,1158358,1621530965721299
30000000,1170604,1621530965821317
30000000,1151945,1621530965921247
30000000,1158128,1621530966021178
30000000,1210535,1621530966121453
30000000,1148505,1621530966221472
30000000,1146820,1621530966321282
30000000,1153095,1621530966421530
30000000,1147156,1621530966521269
30000000,1150990,1621530966621278
30000000,1153831,1621530966721172
30000000,1165799,1621530966821228
30000000,1155324,1621530966921367
30000000,1173797,1621530967021403
30000000,1202532,1621530967122340
30000000,1172841,1621530967221189
30000000,1146440,1621530967321151
30000000,1165909,1621530967421304
30000000,1240318,1621530967521504
30000000,1171348,1621530967621346
30000000,1153126,1621530967721232
30000000,1149150,1621530967821210
30000000,1157556,1621530967921371
30000000,1165427,1621530968021305
30000000,1158546,1621530968121358
30000000,1153254,1621530968221289
30000000,1145214,1621530968321400
30000000,1182985,1621530968421437
30000000,1162136,1621530968521328
30000000,1154957,1621530968621343
30000000,1153781,1621530968721416
30000000,1200799,1621530968821411
30000000,1221295,1621530968921246
30000000,1183297,1621530969021385
30000000,1162207,1621530969121208
30000000,1202876,1621530969221491
30000000,1156599,1621530969321387
30000000,1204072,1621530969421293
30000000,1167164,1621530969521496
30000000,1175329,1621530969621249
30000000,1151759,1621530969721137
30000000,1150573,1621530969821099
30000000,1189010,1621530969921180
30000000,1156195,1621530970021170
30000000,1166332,1621530970121154
30000000,1147142,1621530970221421
30000000,1180902,1621530970321217
30000000,1198561,1621530970421301
30000000,1157930,1621530970521456
30000000,1143821,1621530970621244
30000000,1192831,1621530970721385
30000000,1147546,1621530970821341
30000000,1181602,1621530970925244
30000000,1158093,1621530971021178
30000000,1168791,1621530971121612
30000000,1146139,1621530971221274
30000000,1226835,1621530971321407
30000000,1168325,1621530971421718
30000000,1193222,1621530971521432
30000000,1151328,1621530971621426
30000000,1170403,1621530971721263
30000000,1160906,1621530971821405
30000000,1152395,1621530971921268
30000000,1208681,1621530972021191
30000000,1198176,1621530972121450
30000000,1163383,1621530972221300
30000000,1147389,1621530972321352
30000000,1153811,1621530972425190
30000000,1157358,1621530972521274
30000000,1183612,1621530972621382
30000000,1155732,1621530972721246
30000000,1146996,1621530972821262
30000000,1145634,1621530972921493
30000000,1192648,1621530973021157
30000000,1183647,1621530973121198
30000000,1146725,1621530973221442
30000000,1150653,1621530973321285
30000000,1166222,1621530973421450
30000000,1163316,1621530973521369
30000000,1182288,1621530973621355
30000000,1152218,1621530973721235
30000000,1146874,1621530973821391
30000000,1195442,1621530973921456
30000000,1151841,1621530974021393
30000000,1152949,1621530974121460
30000000,1141606,1621530974221472
30000000,1152477,1621530974321426
30000000,1165572,1621530974421416
30000000,1155749,1621530974521514
30000000,1141562,1621530974621307
30000000,1142164,1621530974721402
30000000,1152733,1621530974821467
30000000,1147220,1621530974921393
30000000,1159364,1621530975021307
30000000,1202874,1621530975121465
30000000,2278399,1621530975221240
30000000,1189369,1621530975321301
30000000,1150276,1621530975421314
30000000,1186156,1621530975521166
30000000,1161775,1621530975621369
30000000,1210293,1621530975721258
30000000,1159217,1621530975821384
30000000,1154161,1621530975921316
30000000,1157908,1621530976021443
30000000,1195226,1621530976121394
30000000,1150020,1621530976221473
30000000,1151074,1621530976321262
30000000,1149705,1621530976421347
30000000,1150951,1621530976521502
30000000,1176097,1621530976621441
30000000,1145958,1621530976721272
30000000,1167873,1621530976821341
30000000,1148790,1621530976921346
30000000,1167717,1621530977025236
30000000,1211846,1621530977121506
30000000,1153684,1621530977221404
30000000,1150812,1621530977321451
30000000,1158134,1621530977421460
30000000,1204069,1621530977521346
30000000,1180653,1621530977621476
30000000,1141863,1621530977721510
30000000,1142293,1621530977821335
30000000,1192789,1621530977921428
30000000,1146607,1621530978021374
30000000,1171194,1621530978121341
30000000,1162153,1621530978221300
30000000,1142456,1621530978321384
30000000,1145416,1621530978421527
30000000,1154421,1621530978521377
30000000,1147796,1621530978621459
30000000,1142581,1621530978721317
30000000,1139040,1621530978821268
30000000,1214176,1621530978921269
30000000,1214824,1621530979021161
30000000,1186294,1621530979121197
30000000,1207156,1621530979221367
30000000,1149314,1621530979321407
30000000,1145029,1621530979421516
30000000,1197067,1621530979521363
30000000,1159065,1621530979621396
30000000,1149838,1621530979721493
30000000,1147580,1621530979821224
30000000,1150125,1621530979921463
30000000,1142918,1621530980021329
30000000,1161475,1621530980121183
30000000,1156546,1621530980221162
30000000,1184209,1621530980321465
30000000,1163623,1621530980421323
30000000,1180690,1621530980521465
30000000,1174649,1621530980621272
30000000,1170643,1621530980721219
30000000,1143074,1621530980821267
30000000,1152652,1621530980921460
30000000,1147330,1621530981021310
30000000,1167753,1621530981121531
30000000,1181269,1621530981221293
30000000,1156706,1621530981321296
30000000,1174890,1621530981421424
30000000,1187331,1621530981521513
30000000,1150456,1621530981621360
30000000,1148341,1621530981721330
30000000,1163562,1621530981821300
30000000,1145903,1621530981921508
30000000,1143072,1621530982021365
30000000,1180507,1621530982121403
30000000,1186491,1621530982221403
30000000,1163672,1621530982321425
30000000,1153436,1621530982421270
30000000,1148474,1621530982521400
30000000,1153693,1621530982621475
30000000,1156653,1621530982721300
30000000,1148931,1621530982821305
30000000,1151297,1621530982921235
30000000,1152758,1621530983021260
30000000,1161920,1621530983121394
30000000,1193603,1621530983221360
30000000,1153653,1621530983321177
30000000,1144739,1621530983421456
30000000,1217084,1621530983525209
30000000,1156328,1621530983621253
30000000,1150901,1621530983721221
30000000,1150159,1621530983821292
30000000,1143268,1621530983921194
30000000,1147381,1621530984021272
30000000,1168013,1621530984121454
30000000,1158197,1621530984221473
30000000,1178189,1621530984321250
30000000,1165949,1621530984421185
30000000,1175264,1621530984521488
30000000,1157830,1621530984621330
30000000,1148090,1621530984721342
30000000,1140176,1621530984821247
30000000,1153554,1621530984921291
30000000,1155615,1621530985021307
30000000,1180038,1621530985121367
30000000,1160764,1621530985221390
30000000,1123311,1621530985321176
30000000,1148381,1621530985421395
30000000,1164679,1621530985521453
30000000,1223358,1621530985621134
30000000,1237620,1621530985721196
30000000,1238299,1621530985821283
30000000,1142442,1621530985921201
30000000,1149152,1621530986021291
30000000,1163113,1621530986121233
30000000,1144531,1621530986221409
30000000,1156092,1621530986321211
30000000,1163761,1621530986421465
30000000,1142177,1621530986521336
30000000,1149330,1621530986621379
30000000,1150503,1621530986721318
30000000,1146283,1621530986821402
30000000,1150230,1621530986921178
30000000,1169902,1621530987021433
30000000,1194013,1621530987121566
30000000,1210275,1621530987221179
30000000,1147296,1621530987321152
30000000,1188980,1621530987421422
30000000,1166955,1621530987521249
30000000,1155286,1621530987621260
30000000,1153670,1621530987721279
30000000,1152966,1621530987821262
30000000,1155460,1621530987921171
30000000,1153239,1621530988021284
30000000,1170556,1621530988121479
30000000,1178872,1621530988221330
30000000,1151195,1621530988321468
30000000,1168065,1621530988421326
30000000,1221617,1621530988521462
30000000,1141027,1621530988621230
30000000,1144435,1621530988721223
30000000,1144001,1621530988821278
30000000,1208000,1621530988921300
30000000,1210283,1621530989021355
30000000,1187827,1621530989121620
30000000,1199504,1621530989221384
30000000,1160640,1621530989321293
30000000,1201610,1621530989421423
30000000,1187904,1621530989521377
30000000,1153418,1621530989621449
30000000,1158087,1621530989721487
30000000,1216517,1621530989821302
30000000,1150829,1621530989921423
30000000,1155079,1621530990021439
30000000,1170877,1621530990121427
30000000,1167342,1621530990221334
30000000,1156567,1621530990321241
30000000,1156958,1621530990421183
30000000,1204803,1621530990521261
30000000,1163204,1621530990621317
30000000,1215573,1621530990721204
30000000,1159096,1621530990821377
30000000,1158292,1621530990921337
30000000,1162633,1621530991021167
30000000,1181875,1621530991121432
30000000,1200250,1621530991221370
30000000,1157435,1621530991321199
30000000,1147897,1621530991421499
30000000,1218298,1621530991521411
30000000,1216090,1621530991621475
30000000,1156421,1621530991721441
30000000,1152486,1621530991821290
30000000,1158481,1621530991921465
30000000,1163283,1621530992021309
30000000,1201898,1621530992121361
30000000,1157774,1621530992221407
30000000,1147301,1621530992321446
30000000,1168094,1621530992421472
30000000,1254483,1621530992521377
30000000,1153255,1621530992621493
30000000,1150994,1621530992721360
30000000,1150016,1621530992821354
30000000,1173983,1621530992921244
30000000,1176119,1621530993022283
30000000,1141447,1621530993121422
30000000,1154747,1621530993221474
30000000,1153370,1621530993321456
30000000,1172057,1621530993421348
30000000,1166982,1621530993521449
30000000,1164170,1621530993621424
30000000,1156170,1621530993721357
30000000,1149926,1621530993821469
30000000,1178017,1621530993925174
30000000,1172392,1621530994021321
30000000,1146430,1621530994121387
30000000,1149745,1621530994221372
30000000,1176150,1621530994321387
30000000,1173606,1621530994421423
30000000,1152731,1621530994521178
30000000,1158595,1621530994621416
30000000,1151158,1621530994721420
30000000,1150141,1621530994821321
30000000,1145978,1621530994921391
30000000,1170164,1621530995021467
30000000,1151841,1621530995121382
30000000,1171224,1621530995221279
30000000,1150766,1621530995321330
30000000,1166718,1621530995421186
30000000,1161277,1621530995521306
30000000,1159741,1621530995621379
30000000,5000000,1621530995721371
30000000,1120020,1621530995821465
30000000,1168866,1621530995921507
30000000,1150642,1621530996021183
30000000,1177661,1621530996121501
30000000,1143566,1621530996221491
30000000,1152718,1621530996321457
30000000,1164999,1621530996421517
30000000,1155405,1621530996521215
30000000,1145160,1621530996621392
30000000,1238523,1621530996721348
30000000,1147344,1621530996821347
30000000,1147687,1621530996921383
30000000,1151215,1621530997021364
30000000,1168457,1621530997121478
30000000,1204525,1621530997221312
30000000,1156514,1621530997321327
30000000,1160987,1621530997421195
30000000,1182827,1621530997521417
30000000,1221177,1621530997621434
30000000,1179725,1621530997721391
30000000,1160261,1621530997821464
30000000,1205926,1621530997921387
30000000,1196396,1621530998021348
30000000,1168466,1621530998121444
30000000,1164769,1621530998221412
30000000,1147960,1621530998321903
30000000,1154460,1621530998421368
30000000,1209130,1621530998521309
30000000,1159107,1621530998621441
30000000,1151454,1621530998721217
30000000,1179964,1621530998821387
30000000,1160477,1621530998921285
30000000,1154788,1621530999021298
30000000,1215654,1621530999121544
30000000,1216502,1621530999221459
30000000,1162392,1621530999321300
30000000,1163037,1621530999421255
30000000,1180700,1621530999521242
30000000,1166871,1621530999621362
30000000,1202792,1621530999721419
30000000,1176033,1621530999821242
30000000,1156661,1621530999921348
30000000,1149494,1621531000021441
30000000,1173607,1621531000121261
30000000,1159806,1621531000221214
30000000,1161347,1621531000321262
30000000,1144435,1621531000421408
30000000,1162661,1621531000521447
30000000,1196081,1621531000621458
30000000,1215542,1621531000721436
30000000,1211765,1621531000821297
30000000,1170325,1621531000921151
30000000,1152077,1621531001021449
30000000,1169984,1621531001121226
30000000,1156182,1621531001221419
30000000,1147075,1621531001321410
30000000,1167989,1621531001421154
30000000,1176723,1621531001521451
30000000,1167456,1621531001621376
30000000,1173497,1621531001721380
30000000,1153770,1621531001821332
30000000,1162528,1621531001921387
30000000,1206156,1621531002021220
30000000,1174429,1621531002121418
30000000,1195647,1621531002221353
30000000,1154375,1621531002321397
30000000,1146219,1621531002421195
30000000,1157667,1621531002521457
30000000,1151837,1621531002621355
30000000,1154121,1621531002721386
30000000,1144674,1621531002821227
30000000,1202110,1621531002921542
30000000,1178816,1621531003021276
30000000,1175402,1621531003121530
30000000,1167948,1621531003221266
30000000,1215181,1621531003321440
30000000,1152082,1621531003421231
30000000,1162244,1621531003521229
30000000,1191576,1621531003621160
30000000,1200491,1621531003721286
30000000,1149347,1621531003821242
30000000,1158718,1621531003921161
30000000,1154622,1621531004021436
30000000,1171580,1621531004121509
30000000,1144659,1621531004221450
30000000,1144920,1621531004321332
30000000,1184311,1621531004421226
30000000,1166840,1621531004521192
30000000,1153298,1621531004621416
30000000,1149407,1621531004721314
30000000,1145954,1621531004821266
30000000,1152156,1621531004921205
30000000,1163637,1621531005021138
30000000,1175166,1621531005121300
30000000,1165914,1621531005221141
30000000,1153774,1621531005321350
30000000,1145448,1621531005421451
30000000,1222065,1621531005521441
30000000,1157229,1621531005621213
30000000,1155754,1621531005721135
30000000,1152979,1621531005821233
30000000,1152264,1621531005921193
30000000,1185131,1621531006021337
30000000,1169624,1621531006121455
30000000,1177311,1621531006221480
30000000,1173964,1621531006321254
30000000,1148288,1621531006421243
30000000,1151247,1621531006521345
30000000,1157749,1621531006621301
30000000,1159029,1621531006721338
30000000,1162477,1621531006825192
30000000,1152256,1621531006921253
30000000,1167827,1621531007021356
30000000,1165537,1621531007121420
30000000,1260206,1621531007221348
30000000,1151215,1621531007321438
30000000,1186672,1621531007421316
30000000,1204732,1621531007522328
30000000,1160460,1621531007621216
30000000,1154190,1621531007721414
30000000,1145347,1621531007821402
30000000,1143682,1621531007925524
30000000,1160426,1621531008021443
30000000,1180235,1621531008121449
30000000,1157525,1621531008221372
30000000,1153704,1621531008321216
30000000,1150717,1621531008421250
30000000,1204711,1621531008525371
30000000,1144292,1621531008621317
30000000,1148102,1621531008721420
30000000,1146313,1621531008821401
30000000,1152540,1621531008921339
30000000,1156607,1621531009021230
30000000,1220005,1621531009121460
30000000,1226353,1621531009221263
30000000,1164397,1621531009321380
30000000,1143010,1621531009421473
30000000,1170464,1621531009521224
30000000,1153463,1621531009625374
30000000,1152506,1621531009722029
30000000,1163651,1621531009821351
30000000,1145812,1621531009921381
30000000,1142703,1621531010021433
30000000,1170398,1621531010121322
30000000,1145809,1621531010221345
30000000,1143987,1621531010321244
30000000,1144538,1621531010421532
30000000,1150692,1621531010521132
30000000,1148484,1621531010621207
30000000,1148962,1621531010721455
30000000,1219686,1621531010821214
30000000,1161704,1621531010921305
30000000,1146993,1621531011021326
30000000,1186682,1621531011121354
30000000,1154444,1621531011221263
30000000,1151335,1621531011321250
30000000,1148055,1621531011421324
30000000,1189379,1621531011521579
30000000,1159649,1621531011625331
30000000,1156218,1621531011721412
30000000,1151156,1621531011821200
30000000,1154473,1621531011925223
30000000,1155570,1621531012021123
30000000,1175154,1621531012121399
30000000,1166118,1621531012221395
30000000,1155099,1621531012321384
30000000,1153248,1621531012421219
30000000,1200623,1621531012521260
30000000,1146238,1621531012621143
30000000,1144539,1621531012721407
30000000,1151720,1621531012821341
30000000,1155725,1621531012921315
30000000,1154056,1621531013022310
30000000,1151876,1621531013121356
30000000,1169154,1621531013221228
30000000,1168695,1621531013321328
30000000,1152714,1621531013421342
30000000,1228134,1621531013521326
30000000,1162764,1621531013621254
30000000,1139574,1621531013725196
30000000,1201826,1621531013821444
30000000,1199351,1621531013921216
30000000,1146979,1621531014021255
30000000,1154522,1621531014121226
30000000,1162615,1621531014221336
30000000,1160422,1621531014321270
30000000,1159895,1621531014421296
30000000,1162305,1621531014521299
30000000,1152117,1621531014621433
30000000,1159464,1621531014721499
30000000,1151505,1621531014821187
30000000,1155836,1621531014921272
30000000,1154131,1621531015021257
30000000,1174373,1621531015121295
30000000,1186923,1621531015221408
30000000,1167613,1621531015321368
30000000,1144984,1621531015421181
30000000,1172864,1621531015521312
30000000,1218080,1621531015621246
30000000,1208049,1621531015721394
30000000,1209143,1621531015821379
30000000,1160893,1621531015921223
30000000,1142297,1621531016021367
30000000,1152573,1621531016121340
30000000,1166226,1621531016221253
30000000,1161932,1621531016321215
30000000,1218937,1621531016421415
30000000,1146206,1621531016521453
30000000,1147650,1621531016621396
30000000,1146339,1621531016721326
30000000,1140275,1621531016821195
30000000,1153402,1621531016921320
30000000,1152228,1621531017021209
30000000,1157990,1621531017121552
30000000,1146137,1621531017221279
30000000,1176889,1621531017325162
30000000,1150822,1621531017421318
30000000,1188291,1621531017525221
30000000,1149127,1621531017621394
30000000,1149414,1621531017721226
30000000,1178499,1621531017825243
30000000,1140770,1621531017921221
30000000,1155108,1621531018021178
30000000,1179665,1621531018121441
30000000,1148378,1621531018221138
30000000,1174044,1621531018321225
30000000,1152737,1621531018421452
30000000,1165378,1621531018521232
30000000,1152172,1621531018621221
30000000,1148086,1621531018721194
30000000,1149184,1621531018821425
30000000,1149546,1621531018921431
30000000,1150106,1621531019021269
30000000,1223386,1621531019121167
