30000000,29875038,1621458037456142
30000000,22788738,1621458037558214
42000000,3633040,1621458037655968
33600000,4699227,1621458037757528
30000000,19653447,1621458037970908
30000000,22862224,1621458038056044
30000000,22085809,1621458038157217
30000000,21770405,1621458038256820
30000000,12303488,1621458038359933
30000000,11573921,1621458038457436
30000000,15348453,1621458038556959
30000000,8792191,1621458038657439
30000000,9259592,1621458038756008
30000000,12657712,1621458038859960
30000000,10008356,1621458038960107
30000000,10021396,1621458039056765
30000000,12878561,1621458039156011
30000000,12054807,1621458039261536
30000000,22336390,1621458039356752
30000000,30000000,1621458039455969
30000000,27029407,1621458039558045
42000000,38284898,1621458039657367
42000000,42000000,1621458039757407
42000000,39297299,1621458039857777
54000000,43492738,1621458039958601
54000000,54000000,1621458040056931
54000000,54000000,1621458040158009
54000000,54000000,1621458040257703
66000000,44900108,1621458040357836
78000000,56079747,1621458040458070
62400000,47618830,1621458040559904
49920000,49920000,1621458040657326
49920000,49920000,1621458040757064
61920000,61920000,1621458040856302
73920000,62126765,1621458040959873
85920000,60410724,1621458041056645
68736000,68736000,1621458041156756
68736000,68736000,1621458041255852
80736000,68210445,1621458041357566
92736000,66331359,1621458041459445
74188000,67350864,1621458041556667
74188000,72705103,1621458041657930
74188000,74188000,1621458041759830
74188000,65300042,1621458041858116
86188000,76908498,1621458041955952
86188000,67605454,1621458042060695
68950000,68950000,1621458042156688
68950000,68950000,1621458042255887
68950000,68950000,1621458042357779
80950000,72701854,1621458042459799
92950000,82358345,1621458042556908
92950000,77345236,1621458042656012
92950000,81163538,1621458042755979
92950000,70818088,1621458042855985
74360000,72745657,1621458042958657
74360000,74360000,1621458043056705
74360000,74360000,1621458043157236
86360000,71479851,1621458043256054
98360000,75129480,1621458043356939
78688000,78688000,1621458043457307
78688000,76052534,1621458043557715
90688000,57513329,1621458043658344
72550000,62062169,1621458043756316
72550000,54090224,1621458043859265
58040000,57667694,1621458043959903
58040000,58040000,1621458044058571
58040000,58040000,1621458044163068
70040000,53508671,1621458044256015
82040000,60082321,1621458044356632
65632000,60770356,1621458044457157
65632000,51928553,1621458044556746
52505000,49746560,1621458044657881
52505000,52505000,1621458044759029
52505000,52505000,1621458044857540
64505000,63309404,1621458044956066
76505000,61804971,1621458045059814
76505000,66356064,1621458045157138
76505000,70454405,1621458045256825
76505000,76103867,1621458045357263
76505000,73290407,1621458045457366
88505000,76696488,1621458045557067
88505000,72641038,1621458045659202
88505000,72808155,1621458045757387
88505000,72737125,1621458045858164
83505000,49509312,1621458045960430
66804000,60945000,1621458046056621
66804000,64177666,1621458046156219
66804000,65687687,1621458046264741
66804000,63544770,1621458046357732
66804000,66804000,1621458046457616
66804000,66804000,1621458046560531
78804000,63324838,1621458046660577
78804000,59747598,1621458046759880
63043000,59301752,1621458046858890
63043000,63043000,1621458046956826
75043000,61426708,1621458047057858
87043000,54266149,1621458047157706
69634000,46719999,1621458047257822
55707000,49775716,1621458047356058
55707000,55225252,1621458047457145
55707000,47281074,1621458047561244
55707000,55707000,1621458047660732
55707000,55707000,1621458047756817
67707000,59387103,1621458047859852
79707000,61732792,1621458047956732
63765000,63765000,1621458048058291
63765000,63765000,1621458048158040
75765000,70456593,1621458048257516
87765000,70465138,1621458048357839
87765000,74352545,1621458048456002
87765000,77828296,1621458048557185
87765000,70502901,1621458048660432
82765000,53218024,1621458048757254
66212000,60525925,1621458048859969
66212000,62351210,1621458048956080
66212000,56801624,1621458049064706
66212000,61011478,1621458049156777
66212000,63935880,1621458049256027
66212000,63751780,1621458049360598
66212000,66212000,1621458049457243
66212000,64801705,1621458049555995
78212000,62066537,1621458049661451
62569000,57181093,1621458049761573
62569000,56726275,1621458049857081
62569000,56848871,1621458049957382
62569000,57980628,1621458050060005
62569000,61567374,1621458050157368
62569000,54116697,1621458050257822
62569000,62569000,1621458050355998
62569000,62569000,1621458050459956
74569000,60018256,1621458050557644
86569000,54853873,1621458050660835
69255000,55832317,1621458050756802
69255000,55974266,1621458050859871
69255000,65908944,1621458050962876
69255000,59417733,1621458051063306
69255000,65560802,1621458051156053
69255000,58870888,1621458051257444
64255000,58838125,1621458051359942
64255000,64255000,1621458051458543
64255000,64255000,1621458051557493
76255000,63662205,1621458051656659
88255000,65619077,1621458051756858
70604000,67361370,1621458051863901
70604000,70604000,1621458051957305
70604000,70604000,1621458052056764
82604000,54439106,1621458052158258
94604000,64556498,1621458052259848
75683000,50922899,1621458052356061
60546000,51811989,1621458052455848
60546000,55947487,1621458052555945
60546000,56074866,1621458052657688
60546000,57235030,1621458052758144
60546000,60546000,1621458052860212
60546000,58499244,1621458052958337
72546000,60205493,1621458053057950
72546000,57861040,1621458053158044
58036000,58036000,1621458053256686
58036000,58036000,1621458053359838
70036000,70036000,1621458053457408
82036000,72161318,1621458053557196
82036000,65364922,1621458053658508
65628000,65628000,1621458053758008
65628000,65628000,1621458053856795
65628000,65628000,1621458053958478
77628000,64138018,1621458054058217
89628000,42076374,1621458054160418
71702000,58121562,1621458054257207
71702000,59092275,1621458054357588
71702000,61096284,1621458054457521
71702000,64315373,1621458054558409
71702000,64753745,1621458054660794
66702000,61986495,1621458054760634
66702000,46578501,1621458054857138
53361000,53361000,1621458054959855
53361000,53361000,1621458055056806
65361000,58947304,1621458055157676
77361000,55796565,1621458055255950
61888000,59413741,1621458055361457
61888000,61888000,1621458055457745
61888000,61236169,1621458055557285
73888000,62937803,1621458055656875
73888000,55184103,1621458055759852
59110000,58872309,1621458055855986
59110000,59110000,1621458055956826
59110000,57943095,1621458056057370
71110000,64054935,1621458056156833
71110000,49993716,1621458056258135
56888000,56667377,1621458056355932
56888000,56888000,1621458056457382
68888000,62714259,1621458056557502
80888000,49544719,1621458056659113
64710000,59242437,1621458056756802
64710000,59134050,1621458056859667
64710000,59070048,1621458056956052
64710000,62587104,1621458057059982
64710000,64710000,1621458057155939
64710000,62215769,1621458057257723
76710000,61462071,1621458057357354
76710000,59364984,1621458057456679
61368000,50183948,1621458057556661
61368000,52945919,1621458057661357
61368000,56019889,1621458057757077
61368000,53039772,1621458057856756
61368000,58177608,1621458057956008
61368000,59153557,1621458058060003
61368000,61368000,1621458058157008
61368000,61368000,1621458058257169
73368000,62578501,1621458058358952
85368000,66308111,1621458058457528
68294000,63837243,1621458058559976
68294000,68294000,1621458058662233
68294000,68294000,1621458058758238
80294000,61223172,1621458058857095
64235000,64235000,1621458058956114
64235000,64235000,1621458059058369
76235000,76235000,1621458059159877
88235000,61008490,1621458059258265
70588000,56394527,1621458059358104
56470000,56366984,1621458059456799
56470000,56470000,1621458059562092
56470000,56470000,1621458059657418
68470000,60597030,1621458059759080
80470000,63551414,1621458059858658
64376000,64376000,1621458059957559
64376000,64376000,1621458060057276
76376000,61446685,1621458060159811
88376000,58561217,1621458060259928
70700000,63437131,1621458060356097
70700000,59265353,1621458060455918
70700000,64157367,1621458060564553
70700000,67663626,1621458060659949
70700000,70700000,1621458060757327
70700000,60622632,1621458060856736
82700000,59103556,1621458060959998
66160000,60690115,1621458061056037
66160000,55236305,1621458061157704
66160000,49267270,1621458061260362
52928000,51117872,1621458061356886
52928000,52928000,1621458061456092
52928000,52928000,1621458061556916
64928000,59305820,1621458061658532
76928000,57193388,1621458061757270
61542000,56635488,1621458061856001
61542000,59384808,1621458061961306
61542000,61124877,1621458062057391
61542000,46887155,1621458062157101
49233000,49233000,1621458062255974
49233000,49233000,1621458062358390
61233000,53982837,1621458062458237
73233000,52915219,1621458062559005
58586000,51403820,1621458062656947
58586000,57086717,1621458062756925
58586000,58586000,1621458062856573
58586000,58586000,1621458062957096
58586000,58586000,1621458063056596
70586000,70586000,1621458063157531
82586000,59056469,1621458063257862
94586000,63389284,1621458063357084
75668000,73542585,1621458063457488
75668000,72843205,1621458063562018
75668000,75026377,1621458063657179
75668000,69488182,1621458063766884
75668000,75331349,1621458063856788
75668000,66278660,1621458063959956
75668000,66085341,1621458064055962
75668000,74470898,1621458064156063
75668000,71737788,1621458064260646
75668000,57246505,1621458064358721
60534000,57881840,1621458064459858
60534000,57465296,1621458064556592
60534000,55389406,1621458064659865
60534000,60534000,1621458064756020
60534000,60534000,1621458064857658
72534000,64140116,1621458064957074
84534000,63429777,1621458065058059
67627000,66213944,1621458065158498
67627000,62703949,1621458065258079
67627000,67457280,1621458065355954
67627000,64288747,1621458065458113
67627000,67627000,1621458065561446
67627000,67627000,1621458065656934
79627000,60467336,1621458065758655
91627000,60903989,1621458065857384
73301000,63178141,1621458065957418
73301000,58170621,1621458066056752
58640000,58640000,1621458066160462
58640000,58640000,1621458066258016
70640000,69034092,1621458066360783
82640000,58781295,1621458066461368
66112000,55471750,1621458066557440
66112000,63760109,1621458066663451
66112000,66112000,1621458066756844
66112000,62891957,1621458066858729
78112000,55927119,1621458066957946
62489000,61504903,1621458067056801
62489000,62489000,1621458067156723
62489000,62489000,1621458067260844
74489000,63710355,1621458067356017
86489000,68136858,1621458067460838
69191000,56619009,1621458067556829
69191000,58856179,1621458067659952
69191000,56616498,1621458067757726
69191000,61301232,1621458067856080
69191000,58557557,1621458067959954
64191000,43426160,1621458068058979
51352000,51352000,1621458068156160
51352000,51352000,1621458068257334
63352000,53498411,1621458068357160
75352000,59703525,1621458068457329
60281000,60281000,1621458068557413
60281000,59867220,1621458068657499
72281000,61103863,1621458068756768
84281000,59691210,1621458068858013
67424000,56593203,1621458068961752
67424000,54966332,1621458069056760
67424000,61722920,1621458069156775
67424000,50532707,1621458069264232
53939000,53939000,1621458069357433
53939000,53939000,1621458069459868
65939000,51204587,1621458069557039
52751000,50959421,1621458069660607
52751000,52751000,1621458069756605
52751000,52751000,1621458069859931
64751000,59063504,1621458069957237
76751000,56657119,1621458070056742
61400000,59884170,1621458070157410
61400000,61400000,1621458070256844
73400000,64961969,1621458070361848
85400000,69060481,1621458070458644
85400000,55359767,1621458070556986
68320000,65937948,1621458070657772
68320000,67234908,1621458070757760
68320000,68320000,1621458070856885
68320000,62424628,1621458070961125
80320000,55046243,1621458071058084
64256000,60432257,1621458071156871
64256000,58991645,1621458071257934
64256000,64256000,1621458071357580
64256000,61022571,1621458071459865
76256000,60374351,1621458071557414
61004000,61004000,1621458071657005
61004000,58896073,1621458071757278
73004000,64521019,1621458071856959
73004000,60538440,1621458071957170
73004000,69956215,1621458072056110
73004000,72813740,1621458072159901
73004000,71229083,1621458072257459
73004000,68045073,1621458072359838
73004000,62915162,1621458072457766
73004000,56426636,1621458072556722
58403000,58403000,1621458072656124
58403000,42782165,1621458072759050
46722000,46722000,1621458072857841
46722000,46722000,1621458072959408
46722000,46722000,1621458073059789
46722000,46722000,1621458073156667
58722000,54035961,1621458073258200
70722000,43265424,1621458073358411
56577000,56577000,1621458073456954
56577000,56577000,1621458073557390
68577000,61933919,1621458073656964
80577000,65218903,1621458073762356
80577000,68045750,1621458073860471
80577000,69544742,1621458073959831
80577000,72200185,1621458074059674
80577000,61066606,1621458074160482
64461000,55020599,1621458074262416
64461000,63038250,1621458074357428
64461000,64461000,1621458074457768
64461000,60512992,1621458074560695
76461000,53655756,1621458074657979
61168000,60195007,1621458074757988
61168000,59302769,1621458074858049
61168000,59540221,1621458074957006
61168000,58923605,1621458075059864
61168000,61168000,1621458075157653
61168000,61168000,1621458075256796
61168000,61168000,1621458075357362
73168000,59614576,1621458075456730
85168000,64405899,1621458075559966
68134000,59584358,1621458075657310
68134000,56281133,1621458075756019
68134000,61326202,1621458075857404
68134000,55194790,1621458075957271
68134000,60268835,1621458076059916
68134000,56878959,1621458076157985
63134000,55126665,1621458076257303
63134000,63038352,1621458076360671
63134000,57323900,1621458076460607
63134000,52177985,1621458076561480
63134000,57935070,1621458076656796
63134000,56626812,1621458076756020
63134000,53662480,1621458076857325
63134000,55861543,1621458076960047
58134000,47481460,1621458077057269
58134000,52804648,1621458077159894
58134000,54330532,1621458077256563
58134000,58134000,1621458077355986
58134000,57957515,1621458077455955
70134000,52482832,1621458077556856
56107000,56107000,1621458077657101
56107000,56107000,1621458077758042
68107000,62170712,1621458077857765
80107000,64586413,1621458077958260
80107000,60060616,1621458078056812
64085000,60958237,1621458078162236
64085000,59357994,1621458078257261
64085000,59123083,1621458078359766
64085000,56035575,1621458078457285
64085000,61459129,1621458078557409
64085000,64085000,1621458078658024
64085000,64085000,1621458078757071
76085000,52660356,1621458078857907
88085000,55261763,1621458078955985
70468000,50832024,1621458079059074
56374000,56374000,1621458079157418
56374000,49611354,1621458079257953
68374000,52367462,1621458079357885
54699000,48127623,1621458079457640
54699000,54699000,1621458079557455
54699000,54699000,1621458079658251
66699000,59647366,1621458079756656
78699000,59075293,1621458079856809
62959000,61562199,1621458079960627
62959000,62959000,1621458080055921
62959000,62959000,1621458080159939
74959000,74959000,1621458080255967
86959000,70929102,1621458080360317
98959000,72528232,1621458080460808
79167000,54348488,1621458080558287
63333000,63333000,1621458080661371
63333000,57663377,1621458080757442
75333000,60053823,1621458080856893
60266000,60266000,1621458080956806
60266000,58811535,1621458081058376
60266000,60266000,1621458081159885
72266000,58702123,1621458081259986
84266000,53137440,1621458081358937
67412000,64424294,1621458081456824
67412000,55723635,1621458081558350
67412000,67412000,1621458081658612
67412000,63046643,1621458081758798
79412000,65112973,1621458081858766
79412000,69502665,1621458081957955
79412000,65025018,1621458082058264
79412000,72012708,1621458082156703
79412000,67760890,1621458082256765
74412000,70137533,1621458082359880
74412000,68348462,1621458082456107
74412000,61315410,1621458082560713
74412000,70987576,1621458082660701
74412000,60504963,1621458082757615
74412000,68348371,1621458082857708
74412000,66554187,1621458082959043
69412000,67022901,1621458083056021
69412000,64297669,1621458083157677
69412000,55135224,1621458083258053
55529000,50551526,1621458083358762
55529000,55529000,1621458083456084
55529000,50536551,1621458083556886
67529000,53114540,1621458083657807
54023000,54023000,1621458083756861
54023000,54023000,1621458083868126
66023000,64866184,1621458083957410
78023000,59561315,1621458084057574
62418000,62418000,1621458084157594
62418000,62418000,1621458084256004
74418000,62777643,1621458084358167
86418000,63804981,1621458084457416
69134000,57989663,1621458084557317
69134000,69134000,1621458084663839
69134000,69134000,1621458084758831
81134000,73022895,1621458084859273
93134000,63218132,1621458084959842
74507000,59165360,1621458085058992
59605000,59605000,1621458085156012
59605000,59605000,1621458085257091
71605000,63356027,1621458085360279
83605000,58662027,1621458085457444
66884000,60539601,1621458085561173
66884000,44405442,1621458085659157
53507000,53507000,1621458085756066
53507000,53507000,1621458085857006
65507000,49172526,1621458085956849
77507000,44749463,1621458086059908
62005000,54074608,1621458086156763
62005000,57585625,1621458086257324
62005000,62005000,1621458086357903
62005000,62005000,1621458086456823
74005000,64579796,1621458086558575
86005000,67200716,1621458086656636
68804000,68804000,1621458086756994
68804000,63540742,1621458086861073
80804000,65606184,1621458086957434
80804000,71486240,1621458087060594
80804000,57285140,1621458087157466
64643000,58379040,1621458087256892
64643000,45802158,1621458087362819
51714000,51714000,1621458087456169
51714000,51470441,1621458087557685
63714000,59024687,1621458087657426
75714000,59056126,1621458087757361
60571000,60571000,1621458087857390
60571000,60000300,1621458087957535
72571000,69658380,1621458088060820
72571000,60395390,1621458088157381
72571000,57665157,1621458088258007
58056000,58056000,1621458088356134
58056000,58056000,1621458088456887
70056000,60001165,1621458088557913
82056000,59724381,1621458088656661
65644000,65644000,1621458088757669
65644000,60948284,1621458088857423
77644000,57813720,1621458088961350
62115000,56523896,1621458089057199
62115000,62115000,1621458089156063
62115000,60807781,1621458089258713
74115000,67318102,1621458089356656
74115000,65269492,1621458089457423
74115000,57708740,1621458089558002
59292000,59292000,1621458089656733
59292000,59292000,1621458089757949
71292000,66411537,1621458089856027
83292000,50255040,1621458089958516
66633000,51840546,1621458090059920
53306000,53306000,1621458090156939
53306000,44217845,1621458090258579
65306000,54895748,1621458090361089
65306000,53410704,1621458090459848
65306000,55055936,1621458090556797
65306000,62776686,1621458090657638
65306000,57831396,1621458090755959
65306000,65306000,1621458090860678
65306000,65306000,1621458090956915
77306000,69698478,1621458091057474
89306000,66376807,1621458091157027
71444000,65066495,1621458091257470
71444000,70728292,1621458091360087
71444000,60067373,1621458091460701
71444000,60600702,1621458091557981
71444000,57445700,1621458091656053
71444000,54578556,1621458091757001
57155000,53537777,1621458091857911
57155000,57155000,1621458091957403
57155000,57155000,1621458092059858
69155000,63625132,1621458092156811
81155000,62236733,1621458092256853
64924000,62980546,1621458092357089
64924000,64693586,1621458092457280
64924000,64924000,1621458092557305
64924000,64924000,1621458092662448
76924000,76201007,1621458092758137
88924000,64674210,1621458092857441
71139000,62725224,1621458092956840
71139000,58545721,1621458093056401
71139000,61447641,1621458093157419
71139000,57258657,1621458093262510
71139000,61227871,1621458093363495
66139000,60637507,1621458093456917
66139000,56190221,1621458093556751
66139000,66139000,1621458093657841
66139000,63957299,1621458093756007
66139000,60440569,1621458093865167
66139000,55715213,1621458093957276
66139000,60054415,1621458094059901
66139000,51282394,1621458094159897
52911000,52911000,1621458094257661
52911000,52911000,1621458094357444
64911000,54241437,1621458094457516
76911000,58691442,1621458094559256
61528000,54392305,1621458094660824
61528000,60267216,1621458094756733
61528000,56360370,1621458094858256
61528000,61528000,1621458094956880
61528000,61528000,1621458095059473
73528000,68758255,1621458095156608
85528000,64894576,1621458095257451
68422000,68422000,1621458095356851
68422000,67091811,1621458095457925
80422000,64311853,1621458095556012
64337000,64337000,1621458095657755
64337000,64337000,1621458095761667
76337000,69264991,1621458095858391
88337000,79043086,1621458095960491
88337000,72441783,1621458096057579
88337000,69832273,1621458096157355
70669000,70669000,1621458096255988
70669000,56883445,1621458096359079
82669000,56770754,1621458096459619
66135000,57378062,1621458096557286
66135000,65943242,1621458096655965
66135000,55363299,1621458096757899
66135000,62056447,1621458096857467
66135000,55582575,1621458096960165
66135000,61841934,1621458097060696
66135000,60357362,1621458097158273
66135000,66135000,1621458097257352
66135000,66135000,1621458097358864
66135000,66135000,1621458097455906
66135000,66135000,1621458097560182
78135000,59593185,1621458097657911
90135000,69880740,1621458097759952
72108000,61777986,1621458097859930
72108000,61822580,1621458097956006
72108000,72108000,1621458098058535
72108000,72108000,1621458098158163
84108000,67549887,1621458098257993
96108000,58910721,1621458098359811
76886000,53971087,1621458098457297
61508000,61508000,1621458098556070
61508000,52145665,1621458098659952
61508000,59813293,1621458098756029
61508000,60394345,1621458098857429
73508000,57116084,1621458098957142
58806000,56111105,1621458099056795
58806000,56391499,1621458099155977
58806000,58806000,1621458099255904
58806000,58806000,1621458099363219
70806000,57764987,1621458099457569
82806000,59310733,1621458099556062
66244000,66244000,1621458099657582
66244000,63743128,1621458099757476
78244000,60339491,1621458099856674
62595000,54418301,1621458099957825
62595000,50144234,1621458100061261
62595000,58670145,1621458100161521
62595000,57751101,1621458100256817
62595000,57223045,1621458100356673
62595000,55562163,1621458100459060
62595000,62595000,1621458100560789
62595000,62595000,1621458100656842
74595000,64330119,1621458100757529
86595000,59125222,1621458100858038
69276000,57355715,1621458100964746
69276000,63832592,1621458101057905
69276000,60837765,1621458101160628
69276000,64227531,1621458101256098
69276000,62914796,1621458101360802
69276000,68845506,1621458101460632
69276000,63704836,1621458101559782
69276000,65369433,1621458101659834
69276000,43773873,1621458101763547
55420000,55296892,1621458101856023
55420000,48640227,1621458101957947
55420000,55420000,1621458102060761
55420000,55420000,1621458102160103
67420000,58659871,1621458102255920
79420000,55042744,1621458102356743
63536000,59830659,1621458102458004
63536000,58988744,1621458102556666
63536000,56955929,1621458102655888
63536000,58589886,1621458102757380
63536000,49757489,1621458102859854
50828000,50828000,1621458102959836
50828000,50828000,1621458103057159
62828000,49940747,1621458103156851
74828000,51990671,1621458103258000
59862000,59862000,1621458103356880
59862000,47592785,1621458103457950
47889000,47889000,1621458103556086
47889000,47889000,1621458103660401
59889000,59889000,1621458103759157
71889000,57283604,1621458103858906
83889000,66119431,1621458103958651
67111000,67020750,1621458104057254
67111000,67111000,1621458104157595
67111000,67111000,1621458104257338
79111000,71106560,1621458104356522
91111000,67493186,1621458104456775
72888000,66705107,1621458104557459
72888000,61466121,1621458104662883
72888000,64861058,1621458104755883
72888000,68618469,1621458104859895
72888000,66112798,1621458104960778
72888000,55435355,1621458105058843
58310000,53958722,1621458105156584
58310000,51719442,1621458105257396
58310000,50638201,1621458105357651
58310000,58310000,1621458105456069
58310000,56346599,1621458105557305
70310000,55180146,1621458105657538
56248000,55259468,1621458105759896
56248000,54477177,1621458105858717
56248000,56248000,1621458105958027
56248000,56248000,1621458106055951
68248000,68248000,1621458106155958
80248000,66576006,1621458106257987
92248000,69611873,1621458106357815
73798000,67576527,1621458106457882
73798000,64627668,1621458106559797
73798000,68358537,1621458106658214
73798000,62332439,1621458106756769
73798000,63786448,1621458106857511
73798000,56980056,1621458106956852
59038000,57336059,1621458107056091
59038000,52943061,1621458107156851
71038000,59602748,1621458107256824
71038000,59260777,1621458107355968
71038000,64359070,1621458107458985
71038000,65985496,1621458107557496
71038000,56349811,1621458107658020
56830000,51913148,1621458107757443
56830000,54530496,1621458107856910
56830000,53182084,1621458107956005
56830000,55557713,1621458108064742
56830000,54008052,1621458108161818
56830000,53465763,1621458108258859
56830000,53116047,1621458108357576
56830000,56830000,1621458108456910
56830000,52700384,1621458108556768
68830000,54870243,1621458108657499
55064000,54707229,1621458108758292
55064000,51215425,1621458108856898
67064000,50675734,1621458108959796
53651000,45561958,1621458109058852
53651000,53651000,1621458109159646
53651000,53651000,1621458109256804
65651000,45795465,1621458109359830
77651000,49105263,1621458109458691
62120000,51469390,1621458109555951
62120000,62120000,1621458109658136
62120000,62120000,1621458109758224
74120000,62291261,1621458109857955
74120000,67550888,1621458109961366
74120000,66905696,1621458110058328
74120000,60793853,1621458110159814
74120000,68741261,1621458110256831
74120000,67403330,1621458110361256
69120000,47241841,1621458110457820
55296000,55296000,1621458110556243
55296000,55296000,1621458110664735
55296000,55296000,1621458110756947
67296000,64688624,1621458110860394
79296000,54346149,1621458110956903
63436000,63104892,1621458111056811
63436000,63436000,1621458111156684
63436000,63436000,1621458111256743
63436000,63436000,1621458111362623
75436000,71311557,1621458111459995
87436000,63789735,1621458111557876
69948000,62434621,1621458111656656
69948000,66897688,1621458111757211
69948000,58192293,1621458111856187
69948000,69948000,1621458111963000
69948000,63388581,1621458112057468
81948000,64940497,1621458112159929
65558000,61755393,1621458112257686
65558000,59247765,1621458112355858
65558000,64947984,1621458112463203
65558000,63604407,1621458112559814
65558000,65558000,1621458112656749
65558000,65558000,1621458112759843
77558000,61506167,1621458112859838
89558000,61759749,1621458112958366
71646000,55057377,1621458113057001
57316000,57316000,1621458113155993
57316000,56630144,1621458113256104
69316000,60712078,1621458113356574
81316000,60732642,1621458113458047
65052000,59592216,1621458113558309
65052000,62625383,1621458113656582
65052000,65052000,1621458113756639
65052000,60917097,1621458113856688
65052000,59902995,1621458113957197
65052000,53569986,1621458114059158
65052000,54998889,1621458114155978
65052000,58344473,1621458114257648
65052000,59729366,1621458114359856
60052000,58938529,1621458114458385
60052000,57080570,1621458114561778
60052000,60052000,1621458114655994
60052000,60052000,1621458114758657
72052000,62111784,1621458114858129
84052000,61602917,1621458114957541
67241000,67241000,1621458115057264
67241000,65360215,1621458115156835
79241000,78486886,1621458115256757
79241000,69586617,1621458115357868
79241000,66343497,1621458115456717
79241000,62827157,1621458115556762
63392000,54989777,1621458115657336
63392000,63392000,1621458115759983
63392000,62286227,1621458115856795
63392000,59887726,1621458115959872
63392000,63392000,1621458116059863
63392000,63392000,1621458116157343
63392000,63392000,1621458116259627
75392000,61609368,1621458116355986
87392000,61170508,1621458116456872
69913000,63876555,1621458116561188
69913000,61045259,1621458116657802
69913000,56936169,1621458116756993
69913000,65061092,1621458116856051
69913000,56464711,1621458116956271
69913000,57260349,1621458117060364
64913000,63005904,1621458117155986
64913000,53308471,1621458117257470
64913000,58362336,1621458117358429
64913000,64913000,1621458117459844
64913000,63554088,1621458117556744
76913000,65963366,1621458117661148
76913000,68307052,1621458117757299
76913000,67024329,1621458117857410
76913000,68899381,1621458117956789
76913000,63346032,1621458118061315
71913000,68520999,1621458118158559
71913000,47654701,1621458118268778
57530000,57530000,1621458118360202
57530000,57530000,1621458118460395
69530000,55619634,1621458118556082
55624000,55624000,1621458118661334
55624000,55624000,1621458118757992
67624000,57460933,1621458118856072
79624000,57107177,1621458118961478
63699000,56904472,1621458119058673
63699000,59127799,1621458119156135
63699000,63699000,1621458119257457
63699000,63699000,1621458119359912
75699000,60655217,1621458119455992
87699000,60577948,1621458119557571
70159000,62170663,1621458119657375
70159000,69329740,1621458119760963
70159000,63637492,1621458119858096
70159000,69869852,1621458119957708
70159000,69723417,1621458120063411
70159000,67706166,1621458120157663
70159000,70159000,1621458120256821
70159000,70159000,1621458120356724
82159000,70035439,1621458120457798
94159000,57226631,1621458120558730
75327000,48916589,1621458120656885
60261000,54675403,1621458120761730
60261000,55263826,1621458120855982
60261000,55171962,1621458120956730
60261000,55533358,1621458121056004
60261000,52653001,1621458121158398
60261000,60261000,1621458121257828
60261000,57217079,1621458121358294
72261000,63380064,1621458121456789
72261000,66315881,1621458121556692
72261000,69845574,1621458121666106
72261000,71644661,1621458121760716
72261000,72261000,1621458121858265
84261000,62698282,1621458121958754
67408000,65949062,1621458122059904
67408000,62991089,1621458122155910
67408000,59497796,1621458122258311
67408000,58124055,1621458122357015
67408000,59900905,1621458122457078
67408000,63536721,1621458122556926
67408000,56186620,1621458122657004
67408000,61412747,1621458122759878
62408000,56589447,1621458122857320
62408000,45303401,1621458122958185
49926000,49926000,1621458123057128
49926000,49926000,1621458123156807
61926000,51812176,1621458123255971
73926000,56978311,1621458123360221
59140000,45451398,1621458123458534
47312000,47312000,1621458123561527
47312000,47312000,1621458123659875
59312000,59312000,1621458123756897
71312000,60333106,1621458123864354
83312000,57431271,1621458123955904
66649000,60468730,1621458124056788
66649000,60312499,1621458124157397
66649000,66649000,1621458124256041
66649000,64241894,1621458124358918
78649000,56823393,1621458124459821
62919000,61528664,1621458124556840
62919000,62020121,1621458124657258
74919000,65618898,1621458124756043
74919000,67959837,1621458124857412
74919000,68275115,1621458124958156
74919000,62105045,1621458125060662
74919000,63694141,1621458125159841
74919000,69523292,1621458125257434
69919000,52164064,1621458125357828
55935000,55935000,1621458125456077
55935000,48598262,1621458125558378
67935000,54359287,1621458125656020
67935000,59677255,1621458125759859
67935000,58674764,1621458125857330
67935000,57624481,1621458125957372
67935000,62729257,1621458126057284
67935000,67935000,1621458126156701
67935000,66523111,1621458126256694
79935000,64213460,1621458126359991
79935000,59830324,1621458126456779
63948000,48226411,1621458126560981
51158000,51158000,1621458126659874
51158000,51158000,1621458126757736
63158000,59128581,1621458126857154
75158000,53510247,1621458126956713
60126000,55993223,1621458127057843
60126000,60126000,1621458127159839
60126000,60126000,1621458127255924
72126000,67662201,1621458127357310
84126000,66741781,1621458127457194
67300000,61746158,1621458127558090
67300000,65587163,1621458127659956
67300000,58690250,1621458127755975
67300000,67300000,1621458127856915
67300000,62662119,1621458127956793
79300000,63139616,1621458128058251
63440000,63440000,1621458128157760
63440000,62980238,1621458128259858
63440000,63239950,1621458128356710
63440000,58264604,1621458128457401
63440000,54984889,1621458128556760
75440000,52869920,1621458128657979
60352000,59847514,1621458128760467
60352000,59618674,1621458128860304
60352000,52134133,1621458128958591
72352000,57725910,1621458129059875
57881000,53785999,1621458129159871
57881000,56470851,1621458129258602
57881000,57881000,1621458129357488
69881000,65386823,1621458129456858
81881000,64989708,1621458129562054
65504000,65504000,1621458129659527
65504000,65504000,1621458129758444
77504000,62957155,1621458129858101
89504000,69265796,1621458129955994
71603000,58770419,1621458130057735
71603000,56909531,1621458130159920
57282000,57282000,1621458130256064
57282000,56580701,1621458130363501
69282000,58446517,1621458130456006
69282000,54539944,1621458130557001
55425000,55425000,1621458130656744
55425000,55425000,1621458130756017
67425000,58964993,1621458130856768
79425000,58075172,1621458130959845
63540000,48456940,1621458131059778
50832000,50832000,1621458131159960
50832000,50832000,1621458131256793
62832000,56483678,1621458131359948
74832000,43761216,1621458131458903
59865000,56373654,1621458131555981
59865000,52596848,1621458131657910
59865000,59359596,1621458131756644
59865000,52266533,1621458131860505
71865000,49837325,1621458131956817
57492000,49750930,1621458132059567
57492000,57492000,1621458132158079
57492000,57492000,1621458132257439
69492000,54390739,1621458132358829
81492000,62303343,1621458132455976
65193000,49014384,1621458132558574
52154000,52154000,1621458132655960
52154000,52154000,1621458132755897
52154000,52154000,1621458132856854
64154000,53604723,1621458132956860
76154000,62700562,1621458133056790
76154000,65864573,1621458133156868
76154000,69688460,1621458133258384
76154000,73951190,1621458133357906
76154000,69805914,1621458133456729
76154000,66346487,1621458133557666
76154000,72942674,1621458133658456
71154000,60889042,1621458133756093
71154000,66006799,1621458133857396
71154000,58161393,1621458133956076
71154000,57462225,1621458134056008
71154000,61281082,1621458134159314
66154000,62677443,1621458134260330
66154000,55782053,1621458134356745
66154000,59371600,1621458134456056
66154000,61805907,1621458134556015
66154000,65382939,1621458134657710
66154000,60915422,1621458134757154
66154000,59566042,1621458134855951
66154000,66154000,1621458134961304
66154000,66154000,1621458135057435
78154000,59668351,1621458135156923
90154000,59212172,1621458135256844
72123000,61987469,1621458135356905
72123000,63083799,1621458135459284
72123000,70691145,1621458135558191
72123000,53994470,1621458135661770
57698000,55365389,1621458135759825
57698000,57698000,1621458135856783
57698000,57698000,1621458135956039
69698000,54513846,1621458136059965
81698000,58098961,1621458136156756
65358000,61612648,1621458136259900
65358000,61317987,1621458136355965
65358000,61631266,1621458136458176
65358000,65358000,1621458136556888
65358000,65358000,1621458136658183
77358000,65677675,1621458136756940
89358000,71446046,1621458136860038
71486000,69093948,1621458136959878
71486000,57186035,1621458137058104
57188000,57188000,1621458137156799
57188000,57188000,1621458137256786
69188000,60545360,1621458137356657
81188000,67372185,1621458137455803
81188000,65828779,1621458137558130
81188000,75272818,1621458137660431
81188000,68656484,1621458137759827
81188000,53962773,1621458137857745
64950000,58763132,1621458137956054
64950000,55246582,1621458138056820
64950000,64950000,1621458138156859
64950000,58624822,1621458138255835
76950000,62290080,1621458138355954
76950000,62459162,1621458138457815
76950000,64814443,1621458138560655
76950000,55595836,1621458138657957
61560000,61560000,1621458138756390
61560000,61560000,1621458138857502
73560000,57619034,1621458138960606
85560000,49351640,1621458139058020
68448000,59936459,1621458139156844
68448000,45547431,1621458139258885
54758000,54086864,1621458139357111
54758000,54758000,1621458139456988
54758000,54758000,1621458139558058
66758000,64072059,1621458139656686
78758000,61476595,1621458139759035
63006000,60238906,1621458139858507
63006000,63006000,1621458139957471
63006000,63006000,1621458140058065
75006000,67796539,1621458140157073
87006000,66898605,1621458140257036
69604000,67630864,1621458140358231
69604000,69604000,1621458140458073
69604000,69604000,1621458140561187
69604000,62177994,1621458140659215
81604000,53025760,1621458140758746
65283000,53939995,1621458140856054
65283000,60609442,1621458140959272
65283000,56642867,1621458141057042
65283000,62198752,1621458141161367
65283000,59640488,1621458141258765
65283000,65283000,1621458141358208
65283000,65283000,1621458141456738
77283000,67782090,1621458141556045
89283000,64215735,1621458141662727
71426000,58766720,1621458141757149
71426000,63874047,1621458141857915
71426000,71426000,1621458141956826
71426000,66324449,1621458142059083
83426000,59033338,1621458142161175
66740000,66740000,1621458142259889
66740000,54207887,1621458142355947
66740000,48332849,1621458142458190
53392000,52750690,1621458142559781
53392000,53392000,1621458142659818
65392000,60451734,1621458142757526
77392000,60341508,1621458142858857
61913000,61913000,1621458142958117
61913000,61913000,1621458143058222
73913000,65894276,1621458143157088
85913000,66481703,1621458143257275
68730000,68730000,1621458143356318
68730000,58425261,1621458143458168
80730000,57041000,1621458143556954
64584000,59223250,1621458143656840
64584000,63069373,1621458143757668
64584000,64584000,1621458143861172
64584000,62983900,1621458143960779
76584000,59462864,1621458144056945
61267000,61267000,1621458144159931
61267000,61267000,1621458144259916
73267000,62612284,1621458144364569
73267000,61987150,1621458144456790
73267000,58043920,1621458144556730
58613000,58613000,1621458144656736
58613000,58613000,1621458144757993
70613000,61060190,1621458144858010
82613000,62560123,1621458144956024
66090000,65164326,1621458145058936
66090000,60373888,1621458145157451
66090000,66090000,1621458145260861
66090000,57738047,1621458145358482
78090000,56329442,1621458145456093
62472000,59894730,1621458145556767
62472000,62472000,1621458145659193
62472000,62472000,1621458145755922
74472000,62495012,1621458145856776
86472000,70294825,1621458145956784
86472000,66574767,1621458146059839
69177000,65072197,1621458146157617
69177000,65837142,1621458146257358
69177000,56275409,1621458146358100
69177000,64737684,1621458146459834
69177000,50734072,1621458146558957
55341000,51610708,1621458146656050
55341000,52450270,1621458146764596
55341000,55341000,1621458146856737
55341000,55341000,1621458146957317
67341000,62323550,1621458147058186
79341000,65689949,1621458147156274
79341000,66009828,1621458147256015
79341000,67178321,1621458147358192
79341000,70104583,1621458147457826
79341000,69646394,1621458147557936
74341000,60686003,1621458147661008
74341000,58080728,1621458147760010
59472000,54019922,1621458147857441
59472000,59472000,1621458147958296
59472000,57793121,1621458148058197
71472000,58028731,1621458148156085
71472000,58852734,1621458148257754
71472000,64027655,1621458148357298
71472000,56377809,1621458148457518
57177000,57177000,1621458148556819
57177000,57177000,1621458148657427
69177000,60541148,1621458148757437
81177000,57416457,1621458148858263
64941000,57283011,1621458148957376
64941000,63102732,1621458149059942
64941000,62883930,1621458149156030
64941000,62643981,1621458149259009
64941000,60961824,1621458149358054
64941000,52848791,1621458149457680
64941000,59082307,1621458149561782
64941000,60301842,1621458149662641
64941000,56336109,1621458149757386
64941000,55476078,1621458149856844
59941000,57533357,1621458149958070
59941000,59688219,1621458150058088
59941000,59941000,1621458150162771
59941000,59941000,1621458150257750
71941000,60381665,1621458150359838
83941000,53094957,1621458150456036
67152000,62295137,1621458150559890
67152000,53903743,1621458150660605
67152000,65748165,1621458150756758
67152000,64768277,1621458150856772
79152000,65094488,1621458150956747
79152000,64950525,1621458151059814
79152000,56994075,1621458151157234
63321000,59889455,1621458151256732
63321000,61255626,1621458151359919
63321000,63321000,1621458151457369
63321000,63321000,1621458151557453
75321000,60810021,1621458151657262
87321000,53842645,1621458151758392
69856000,57617165,1621458151856797
69856000,56009790,1621458151956806
69856000,62729419,1621458152057251
69856000,63791069,1621458152157773
69856000,62381720,1621458152256889
69856000,59740551,1621458152356708
64856000,62084401,1621458152457012
64856000,62519452,1621458152557968
64856000,64856000,1621458152663750
64856000,64856000,1621458152759891
76856000,58756890,1621458152856095
88856000,65257016,1621458152956935
71084000,62350187,1621458153061100
71084000,56049985,1621458153159889
56867000,53900529,1621458153260009
56867000,56272970,1621458153357282
68867000,57023475,1621458153456780
68867000,60317234,1621458153557751
68867000,62474173,1621458153657917
68867000,64123917,1621458153757590
68867000,60533304,1621458153857994
68867000,64720247,1621458153956780
68867000,63830378,1621458154060568
68867000,57730298,1621458154159823
63867000,49161339,1621458154258975
51093000,51093000,1621458154361605
51093000,51093000,1621458154460516
63093000,61799193,1621458154558323
75093000,65334134,1621458154661074
75093000,61060298,1621458154757554
75093000,60065557,1621458154856790
60074000,57508058,1621458154960749
60074000,60074000,1621458155056868
60074000,60074000,1621458155159959
72074000,67145344,1621458155260007
84074000,65110421,1621458155356660
67259000,58730569,1621458155460012
67259000,51519794,1621458155556754
53807000,53807000,1621458155655976
53807000,53807000,1621458155758252
65807000,60146592,1621458155857415
77807000,55803998,1621458155963611
62245000,60404196,1621458156057062
62245000,59632079,1621458156159285
62245000,62245000,1621458156257872
62245000,62245000,1621458156357485
74245000,66007803,1621458156457259
86245000,64958743,1621458156557723
68996000,59082151,1621458156656778
68996000,54284974,1621458156761337
55196000,55196000,1621458156855963
55196000,55196000,1621458156957186
67196000,56297243,1621458157057432
79196000,60148976,1621458157157258
63356000,63356000,1621458157256689
63356000,63356000,1621458157356051
75356000,65532444,1621458157455887
87356000,51146351,1621458157558431
69884000,59272211,1621458157659890
69884000,56572214,1621458157759813
69884000,62932371,1621458157856072
69884000,59015838,1621458157957350
69884000,66080145,1621458158057312
69884000,64086612,1621458158156781
64884000,61869472,1621458158256023
64884000,63457834,1621458158361116
64884000,64884000,1621458158461719
64884000,64884000,1621458158558442
76884000,74140479,1621458158656850
76884000,61592664,1621458158758361
76884000,59005545,1621458158860501
61507000,48169332,1621458158957904
49205000,43233730,1621458159060439
49205000,41606517,1621458159157478
49205000,49205000,1621458159255911
49205000,49205000,1621458159361738
61205000,58367994,1621458159456939
73205000,43637726,1621458159557907
58564000,50486979,1621458159658085
58564000,50210626,1621458159756935
58564000,58472668,1621458159861859
58564000,58564000,1621458159958565
58564000,58564000,1621458160057376
70564000,57446975,1621458160156798
82564000,50233158,1621458160257695
66051000,60935463,1621458160356812
66051000,54221439,1621458160466887
66051000,66051000,1621458160559617
66051000,66051000,1621458160658116
78051000,68905482,1621458160756731
90051000,58120065,1621458160858293
72040000,60569207,1621458160956953
72040000,63470859,1621458161057746
72040000,67040743,1621458161156772
72040000,66616771,1621458161256586
72040000,72040000,1621458161357430
72040000,72040000,1621458161457609
84040000,78966684,1621458161558726
84040000,70336292,1621458161656694
84040000,73269966,1621458161760809
84040000,69506363,1621458161858789
84040000,64466046,1621458161957403
67232000,67232000,1621458162064059
67232000,60578729,1621458162159842
79232000,66897949,1621458162259856
79232000,73165234,1621458162357323
79232000,72782271,1621458162459834
79232000,70412185,1621458162559795
79232000,60842691,1621458162660384
63385000,60397555,1621458162756945
63385000,53654670,1621458162858332
63385000,61626919,1621458162956026
63385000,60833805,1621458163057901
63385000,63385000,1621458163156814
63385000,63385000,1621458163261525
75385000,64805015,1621458163358150
87385000,65099224,1621458163457763
69908000,69908000,1621458163556914
69908000,54948642,1621458163658574
55926000,55926000,1621458163757290
55926000,50837550,1621458163859809
67926000,55516277,1621458163955859
67926000,56456991,1621458164056723
67926000,53003301,1621458164158193
54340000,54340000,1621458164259802
54340000,54340000,1621458164356625
66340000,60448526,1621458164459612
78340000,55266770,1621458164555881
62672000,58961835,1621458164658032
62672000,62672000,1621458164758789
62672000,54852611,1621458164856775
74672000,70996569,1621458164957672
74672000,68468169,1621458165060420
74672000,68297435,1621458165156835
74672000,70549595,1621458165257731
86672000,67106495,1621458165358411
69337000,64084658,1621458165455924
69337000,60424983,1621458165561839
69337000,69337000,1621458165659130
69337000,69337000,1621458165759901
81337000,61566706,1621458165857438
93337000,63564966,1621458165958431
74669000,60362114,1621458166059313
74669000,57768373,1621458166156979
59735000,59735000,1621458166260807
59735000,59735000,1621458166357373
71735000,62254888,1621458166456049
71735000,61700773,1621458166557452
71735000,65743505,1621458166657934
71735000,66861380,1621458166762030
71735000,63984146,1621458166858147
71735000,68271588,1621458166955881
71735000,60821663,1621458167061178
66735000,50734006,1621458167158807
53388000,53388000,1621458167256822
53388000,53388000,1621458167359841
65388000,48276263,1621458167459947
52310000,50345188,1621458167560616
52310000,52310000,1621458167659858
52310000,52310000,1621458167755953
64310000,56761862,1621458167856678
76310000,60846151,1621458167961972
61048000,48174171,1621458168055897
48838000,48838000,1621458168156656
48838000,48838000,1621458168259486
60838000,60838000,1621458168355856
72838000,64069522,1621458168456872
84838000,62489920,1621458168559329
67870000,61320627,1621458168657801
67870000,50096978,1621458168764232
54296000,54296000,1621458168855994
54296000,54296000,1621458168958001
66296000,66296000,1621458169056088
78296000,69720333,1621458169156048
90296000,60463172,1621458169259941
72236000,67119346,1621458169355923
72236000,52667529,1621458169457915
57788000,57788000,1621458169556825
57788000,57788000,1621458169657895
69788000,60474137,1621458169756777
81788000,57119883,1621458169858156
65430000,60722587,1621458169960011
65430000,55106934,1621458170059762
65430000,62869137,1621458170156051
65430000,64233243,1621458170258665
65430000,59996554,1621458170356814
65430000,65430000,1621458170456767
65430000,65430000,1621458170557161
65430000,65430000,1621458170661499
77430000,73878746,1621458170757442
89430000,70469729,1621458170859934
71544000,71544000,1621458170956849
71544000,59478525,1621458171057609
71544000,64288177,1621458171161043
71544000,59943842,1621458171259128
71544000,68091280,1621458171361551
71544000,61565606,1621458171456012
71544000,64254907,1621458171557529
66544000,59870866,1621458171657457
66544000,66544000,1621458171756704
66544000,66544000,1621458171857573
78544000,73251689,1621458171955949
90544000,54927076,1621458172058381
72435000,60794866,1621458172161212
72435000,60364686,1621458172257369
72435000,60762870,1621458172359837
72435000,66039388,1621458172455870
72435000,48518279,1621458172557522
57948000,55787675,1621458172657430
57948000,57810804,1621458172756085
69948000,53564378,1621458172857888
81948000,64450408,1621458172956028
65558000,62105537,1621458173058745
65558000,65169242,1621458173163518
65558000,65558000,1621458173261256
77558000,54406975,1621458173359562
89558000,61679473,1621458173457586
71646000,59993515,1621458173556308
71646000,45082349,1621458173657289
57316000,56457887,1621458173755943
57316000,47069502,1621458173860558
57316000,57316000,1621458173957777
57316000,57316000,1621458174058863
69316000,64117457,1621458174156800
81316000,59163735,1621458174258011
65052000,65052000,1621458174359930
65052000,65052000,1621458174457150
65052000,65052000,1621458174557437
77052000,76677202,1621458174656194
89052000,70161406,1621458174759426
71241000,71241000,1621458174857273
71241000,71241000,1621458174961169
83241000,64505721,1621458175057308
95241000,46827198,1621458175160057
76192000,57721445,1621458175259894
60953000,52266496,1621458175356058
60953000,60752492,1621458175457988
60953000,60953000,1621458175558502
60953000,60953000,1621458175656635
72953000,67895450,1621458175756522
84953000,72497532,1621458175859870
84953000,70575984,1621458175959751
84953000,67392916,1621458176057300
67962000,60372869,1621458176159860
67962000,67962000,1621458176256704
67962000,50033335,1621458176357533
54369000,54369000,1621458176456712
54369000,54369000,1621458176557550
66369000,62507213,1621458176657264
78369000,58966968,1621458176756744
62695000,62695000,1621458176858313
62695000,62695000,1621458176957522
74695000,70018568,1621458177056913
86695000,64060110,1621458177157629
69356000,54136858,1621458177261766
55484000,50251502,1621458177357275
55484000,55484000,1621458177456056
55484000,52189403,1621458177556938
55484000,55484000,1621458177656880
55484000,55484000,1621458177765112
67484000,49095971,1621458177858072
79484000,59158346,1621458177960030
63587000,59851516,1621458178057650
63587000,62859422,1621458178155948
75587000,68309883,1621458178257002
75587000,68877685,1621458178358084
75587000,71597464,1621458178455959
75587000,72743371,1621458178559883
75587000,65875491,1621458178656607
75587000,56465583,1621458178760516
60469000,57155609,1621458178856003
60469000,60469000,1621458178963588
60469000,59487602,1621458179058398
72469000,58840490,1621458179157025
72469000,32285005,1621458179259842
57975000,49797369,1621458179356700
57975000,48490125,1621458179456716
57975000,55488738,1621458179555969
57975000,55355688,1621458179660880
57975000,57546801,1621458179758161
57975000,52986074,1621458179860831
57975000,48028167,1621458179957411
57975000,47599580,1621458180055952
57975000,51324004,1621458180156062
52975000,40123806,1621458180257651
42380000,22551848,1621458180363922
33904000,2117015,1621458183356065
30000000,1390791,1621458185456085
30000000,1439945,1621458186959509
30000000,2748327,1621458189156137
30000000,2721564,1621458189256008
30000000,1387455,1621458189456435
30000000,1366132,1621458189657069
30000000,1308388,1621458189755987
30000000,3001703,1621458190157621
30000000,2680155,1621458190256024
30000000,12414065,1621458190355880
30000000,17792117,1621458190456054
30000000,1185031,1621458193355972
30000000,1342568,1621458200155896
30000000,9031598,1621458200357131
30000000,8226387,1621458200457349
30000000,1037054,1621458203355932
30000000,1273004,1621458210156061
30000000,12052562,1621458210356008
30000000,9808683,1621458210456921
30000000,1031746,1621458213356008
30000000,1297020,1621458220155968
30000000,2760792,1621458220356109
30000000,4059348,1621458220456176
30000000,1034292,1621458223356035
30000000,1044369,1621458230156077
30000000,1036983,1621458233356066
30000000,1043957,1621458240155967
30000000,1034471,1621458243355995
30000000,1034209,1621458250156074
30000000,1180372,1621458253356016
30000000,1043882,1621458260156053
