20656128	268435456
39538688	268435456
35295232	268435456
35479552	268435456
35434496	268435456
35553280	268435456
35639296	268435456
35704832	268435456
35676160	268435456
35676160	268435456
35676160	88104960
35676160	88104960
35676160	88104960
35676160	88104960
35676160	88104960
35676160	88104960
35676160	88104960
35676160	88104960
35708928	88104960
35708928	88104960
35893248	88104960
40730624	88104960
128339968	149544960
136994816	149544960
36499456	149544960
36499456	149544960
36876288	149544960
36491264	88928256
36655104	88928256
36610048	88928256
36610048	88928256
36610048	88928256
36610048	88928256
36610048	88928256
36610048	88928256
36610048	88928256
36610048	88928256
36610048	88928256
36610048	88928256
37285888	88928256
87179264	88928256
146186240	150368256
38137856	150368256
38137856	150368256
38137856	150368256
38121472	150368256
38121472	90550272
38121472	90550272
38121472	90550272
38121472	90550272
38121472	90550272
38121472	90550272
38121472	90550272
38121472	90550272
38178816	90550272
38178816	90550272
38178816	90550272
38178816	90550272
38178816	90550272
38162432	90550272
38248448	90550272
38248448	90550272
38248448	90550272
-1	-1
45924352	167088128
45924352	167088128
45924352	167088128
45924352	167088128
45924352	167088128
45924352	167088128
45924352	167088128
45924352	167088128
47095808	167088128
156766208	167088128
48418816	167088128
48418816	167088128
48418816	167088128
48418816	167088128
48402432	167088128
48402432	167088128
48402432	167088128
48402432	167088128
48402432	167088128
50794496	167088128
48418816	167088128
48418816	167088128
48418816	167088128
48418816	167088128
46026752	167088128
46026752	167088128
46026752	167088128
106901504	167088128
149430272	167088128
48496640	167088128
46006272	167088128
46006272	167088128
45989888	167088128
45989888	167088128
45989888	167088128
45989888	167088128
45989888	167088128
45989888	167088128
45989888	167088128
45989888	167088128
46080000	167088128
46276608	167088128
46202880	167088128
46202880	167088128
47251456	167088128
156831744	167088128
48431104	167088128
48431104	167088128
48431104	167088128
48431104	167088128
48414720	167088128
48414720	167088128
48414720	167088128
48414720	167088128
48414720	167088128
48414720	167088128
48414720	167088128
48414720	167088128
48414720	167088128
48414720	167088128
48414720	167088128
48414720	167088128
48414720	167088128
48414720	167088128
48414720	167088128
48414720	167088128
48414720	167088128
48439296	167088128
48439296	167088128
48439296	167088128
48439296	167088128
48439296	167088128
48422912	167088128
48422912	167088128
48951296	167088128
46096384	167088128
46096384	167088128
46096384	167088128
46096384	167088128
46080000	167088128
46080000	167088128
46080000	167088128
46080000	167088128
46080000	167088128
62185472	167088128
149684224	167088128
46276608	167088128
46276608	167088128
46276608	167088128
46260224	167088128
46260224	167088128
46260224	167088128
46260224	167088128
46260224	167088128
46260224	167088128
46260224	167088128
116150272	167088128
51204096	167088128
48705536	167088128
48705536	167088128
48705536	167088128
48689152	167088128
48689152	167088128
48689152	167088128
48689152	167088128
48689152	167088128
48689152	167088128
48689152	167088128
48689152	167088128
48709632	167088128
48709632	167088128
48709632	167088128
48709632	167088128
48709632	167088128
48709632	167088128
48713728	167088128
48713728	167088128
48713728	167088128
48713728	167088128
48697344	167088128
48697344	167088128
48697344	167088128
48697344	167088128
48697344	167088128
48697344	167088128
48697344	167088128
48697344	167088128
46346240	167088128
46346240	167088128
46346240	167088128
80257024	167088128
149708800	167088128
46432256	167088128
46432256	167088128
46432256	167088128
46432256	167088128
46432256	167088128
46415872	167088128
67870720	167088128
49131520	167088128
49029120	167088128
49029120	167088128
49029120	167088128
49012736	167088128
49012736	167088128
49012736	167088128
49012736	167088128
49012736	167088128
49147904	167088128
49033216	167088128
49033216	167088128
49033216	167088128
49033216	167088128
49016832	167088128
49016832	167088128
49016832	167088128
49016832	167088128
49016832	167088128
49016832	167088128
49016832	167088128
49016832	167088128
49016832	167088128
49016832	167088128
49016832	167088128
49016832	167088128
49016832	167088128
49033216	167088128
49033216	167088128
49033216	167088128
49033216	167088128
49033216	167088128
49016832	167088128
49016832	167088128
49016832	167088128
49016832	167088128
49016832	167088128
49016832	167088128
49016832	167088128
49041408	167088128
49041408	167088128
49041408	167088128
49041408	167088128
46698496	167088128
146501632	167088128
49029120	167088128
157581312	167088128
49238016	167088128
49184768	167088128
49094656	167088128
49094656	167088128
49094656	167088128
49094656	167088128
49094656	167088128
49094656	167088128
49111040	167088128
49111040	167088128
49111040	167088128
49111040	167088128
49111040	167088128
49094656	167088128
49094656	167088128
49094656	167088128
49094656	167088128
49094656	167088128
51585024	167088128
49111040	167088128
49111040	167088128
49111040	167088128
49111040	167088128
49111040	167088128
49111040	167088128
49111040	167088128
49111040	167088128
49111040	167088128
49094656	167088128
49094656	167088128
49094656	167088128
49094656	167088128
49094656	167088128
49094656	167088128
49094656	167088128
49094656	167088128
49094656	167088128
49094656	167088128
49094656	167088128
49094656	167088128
49094656	167088128
