35291136	88522752
35508224	88522752
35594240	88522752
87822336	109002752
137097216	149962752
36753408	149962752
36777984	149962752
36864000	149962752
36818944	149962752
36818944	149962752
36802560	149962752
36802560	149962752
36802560	149962752
36802560	149962752
36802560	149962752
36802560	149962752
36802560	149962752
36802560	149962752
36802560	149962752
36802560	149962752
36802560	149962752
36802560	89231360
36802560	89231360
36802560	89231360
36802560	89231360
36802560	89231360
36802560	89231360
39923712	89231360
87674880	89231360
129458176	130191360
43421696	150671360
38666240	150671360
38666240	150671360
38649856	150671360
38649856	150671360
38649856	150671360
38649856	150671360
38649856	150671360
38649856	150671360
38649856	150671360
38649856	150671360
38649856	150671360
38649856	91078656
38649856	91078656
38649856	91078656
38649856	91078656
41304064	91078656
38694912	91078656
38694912	91078656
38694912	91078656
38694912	91078656
38678528	91078656
38678528	91078656
38678528	91078656
38678528	91078656
38678528	91078656
38727680	91078656
38727680	91078656
38760448	91078656
38760448	91078656
38760448	91078656
38744064	91078656
-1	-1
47988736	167088128
154161152	167088128
48431104	167088128
48431104	167088128
48431104	167088128
48431104	167088128
48414720	167088128
48414720	167088128
48414720	167088128
48414720	167088128
48414720	167088128
48414720	167088128
48414720	167088128
48414720	167088128
48414720	167088128
48414720	167088128
48414720	167088128
48414720	167088128
48414720	167088128
48414720	167088128
48414720	167088128
48414720	167088128
48439296	167088128
48439296	167088128
48439296	167088128
48439296	167088128
48439296	167088128
48422912	167088128
48422912	167088128
48422912	167088128
46096384	167088128
46096384	167088128
46096384	167088128
46096384	167088128
46096384	167088128
46080000	167088128
46080000	167088128
46080000	167088128
46080000	167088128
46653440	167088128
146272256	167088128
147562496	167088128
46276608	167088128
46276608	167088128
46276608	167088128
46260224	167088128
46260224	167088128
46260224	167088128
46260224	167088128
46260224	167088128
46260224	167088128
46260224	167088128
157200384	167088128
48779264	167088128
48705536	167088128
48705536	167088128
48705536	167088128
48689152	167088128
48689152	167088128
48689152	167088128
48689152	167088128
48689152	167088128
48689152	167088128
48689152	167088128
51179520	167088128
48709632	167088128
48709632	167088128
48709632	167088128
48709632	167088128
48709632	167088128
51200000	167088128
48713728	167088128
48713728	167088128
48713728	167088128
48697344	167088128
48697344	167088128
48697344	167088128
48697344	167088128
48697344	167088128
48697344	167088128
48697344	167088128
48697344	167088128
48697344	167088128
46346240	167088128
46346240	167088128
46346240	167088128
146427904	167088128
51449856	167088128
46432256	167088128
46432256	167088128
46432256	167088128
46432256	167088128
46432256	167088128
46891008	167088128
157429760	167088128
49029120	167088128
49029120	167088128
49029120	167088128
49029120	167088128
49012736	167088128
49012736	167088128
49012736	167088128
49012736	167088128
49012736	167088128
49033216	167088128
49033216	167088128
49033216	167088128
49033216	167088128
49033216	167088128
49016832	167088128
49016832	167088128
49016832	167088128
49016832	167088128
49016832	167088128
49016832	167088128
49016832	167088128
49016832	167088128
49016832	167088128
49016832	167088128
49016832	167088128
49016832	167088128
49295360	167088128
49033216	167088128
49033216	167088128
49033216	167088128
49033216	167088128
49016832	167088128
49016832	167088128
49016832	167088128
49016832	167088128
49016832	167088128
49016832	167088128
49016832	167088128
49016832	167088128
49041408	167088128
49041408	167088128
49041408	167088128
49041408	167088128
66306048	167088128
149905408	167088128
48971776	167088128
157442048	167088128
49184768	167088128
49184768	167088128
49094656	167088128
49094656	167088128
49094656	167088128
49094656	167088128
49094656	167088128
49111040	167088128
49111040	167088128
49111040	167088128
49111040	167088128
49111040	167088128
49094656	167088128
49094656	167088128
49094656	167088128
49094656	167088128
49094656	167088128
49094656	167088128
49111040	167088128
49111040	167088128
49111040	167088128
49111040	167088128
49111040	167088128
49111040	167088128
49111040	167088128
49111040	167088128
49111040	167088128
49111040	167088128
49094656	167088128
49094656	167088128
49094656	167088128
49094656	167088128
49094656	167088128
49094656	167088128
49094656	167088128
49094656	167088128
49094656	167088128
49094656	167088128
49094656	167088128
49094656	167088128
