24911872	268435456
36491264	268435456
40767488	268435456
137134080	268435456
42844160	268435456
77320192	268435456
43495424	268435456
41193472	268435456
41324544	268435456
41357312	268435456
41320448	268435456
41299968	268435456
41345024	268435456
41377792	268435456
41537536	268435456
41529344	268435456
41529344	268435456
41529344	268435456
41529344	268435456
41529344	268435456
41570304	268435456
41570304	268435456
41570304	268435456
41570304	268435456
41553920	268435456
41553920	268435456
41553920	268435456
41553920	268435456
41586688	268435456
41586688	268435456
41586688	268435456
41586688	268435456
41832448	268435456
56283136	268435456
143261696	268435456
42876928	268435456
40263680	268435456
40325120	268435456
40357888	268435456
44011520	268435456
151703552	268435456
43368448	268435456
43368448	268435456
43446272	268435456
43446272	268435456
43446272	268435456
43450368	268435456
43450368	268435456
43450368	268435456
43450368	268435456
43433984	268435456
43433984	268435456
43433984	268435456
43433984	268435456
43507712	268435456
43507712	268435456
43507712	268435456
43638784	268435456
43540480	268435456
43540480	268435456
43540480	268435456
43540480	268435456
43540480	268435456
43540480	268435456
43540480	268435456
43540480	268435456
43540480	268435456
43540480	268435456
43540480	268435456
43540480	268435456
43540480	268435456
43540480	268435456
43540480	268435456
43540480	268435456
43540480	268435456
43540480	268435456
43540480	268435456
43548672	268435456
43548672	268435456
43548672	268435456
43548672	268435456
43548672	268435456
43548672	268435456
43548672	268435456
43548672	268435456
43548672	268435456
43548672	268435456
43548672	268435456
43548672	268435456
43548672	268435456
43548672	268435456
43548672	268435456
43548672	268435456
43548672	268435456
48476160	268435456
144896000	268435456
44179456	268435456
41861120	268435456
153108480	268435456
44654592	268435456
44654592	268435456
44654592	268435456
44654592	268435456
44683264	268435456
44683264	268435456
44683264	268435456
44683264	268435456
44683264	268435456
44666880	268435456
47157248	268435456
44728320	268435456
44728320	268435456
44728320	268435456
44728320	268435456
44711936	268435456
44584960	268435456
142602240	268435456
142852096	268435456
45309952	268435456
47931392	268435456
45547520	268435456
45547520	268435456
45547520	268435456
45547520	268435456
45547520	268435456
45637632	268435456
45637632	268435456
45637632	268435456
45637632	268435456
45637632	268435456
45637632	268435456
45637632	268435456
45637632	268435456
143802368	268435456
50847744	268435456
52641792	268435456
48787456	268435456
46448640	268435456
46448640	268435456
46448640	268435456
46432256	268435456
46432256	268435456
48635904	268435456
46452736	268435456
46452736	268435456
46452736	268435456
46452736	268435456
46436352	268435456
46436352	268435456
46436352	268435456
46436352	268435456
46436352	268435456
48992256	268435456
46579712	268435456
46579712	268435456
46579712	268435456
46579712	268435456
46579712	268435456
46579712	268435456
46579712	268435456
46579712	268435456
46579712	268435456
46563328	268435456
46563328	268435456
46563328	268435456
46563328	268435456
46563328	268435456
48746496	268435456
46563328	268435456
48766976	268435456
46563328	268435456
46563328	268435456
46563328	268435456
46563328	268435456
46563328	268435456
46563328	268435456
46563328	268435456
46694400	268435456
46641152	268435456
46641152	268435456
46641152	268435456
46641152	268435456
62582784	268435456
148135936	268435456
47448064	268435456
45096960	268435456
45096960	268435456
45309952	268435456
156164096	268435456
47820800	268435456
47820800	268435456
47820800	268435456
47820800	268435456
47804416	268435456
47878144	268435456
47935488	268435456
47935488	268435456
47935488	268435456
47935488	268435456
50163712	268435456
47935488	268435456
50126848	268435456
47939584	268435456
47939584	268435456
47939584	268435456
45551616	268435456
47366144	268435456
149049344	268435456
48185344	268435456
46694400	268435456
101408768	268435456
50548736	268435456
48336896	268435456
48336896	268435456
48336896	268435456
48336896	268435456
48336896	268435456
50565120	268435456
50561024	268435456
48357376	268435456
50438144	268435456
45998080	268435456
45981696	268435456
45981696	268435456
98594816	268435456
149585920	268435456
48836608	268435456
46456832	268435456
46456832	268435456
46440448	268435456
148709376	268435456
41689088	268435456
41689088	268435456
41689088	268435456
41689088	268435456
41672704	268435456
41672704	268435456
41672704	268435456
41701376	268435456
41701376	268435456
41701376	268435456
41578496	268435456
39337984	268435456
39321600	268435456
39321600	268435456
39321600	268435456
39321600	268435456
109166592	268435456
142786560	268435456
41857024	268435456
41857024	268435456
150564864	268435456
42074112	268435456
42074112	268435456
42074112	268435456
42074112	268435456
42074112	268435456
42102784	268435456
42102784	268435456
42102784	268435456
42102784	268435456
42102784	268435456
42102784	268435456
42102784	268435456
42102784	268435456
42102784	268435456
42102784	268435456
42086400	268435456
42086400	268435456
42086400	268435456
42086400	268435456
42086400	268435456
42086400	268435456
42086400	268435456
42086400	268435456
42086400	268435456
42086400	268435456
42086400	268435456
42086400	268435456
42086400	268435456
42086400	268435456
42086400	268435456
42086400	268435456
42086400	268435456
42086400	268435456
42086400	268435456
42086400	268435456
42086400	268435456
42086400	268435456
42086400	268435456
42086400	268435456
42086400	268435456
42086400	268435456
39915520	268435456
39800832	268435456
39800832	268435456
39800832	268435456
39804928	268435456
39788544	268435456
39788544	268435456
126709760	268435456
143400960	268435456
40230912	268435456
40230912	268435456
40230912	268435456
40214528	268435456
40992768	268435456
151117824	268435456
42778624	268435456
42778624	268435456
42778624	268435456
45064192	268435456
42770432	268435456
42770432	268435456
64245760	268435456
143937536	268435456
42762240	268435456
40546304	268435456
40546304	268435456
40529920	268435456
40529920	268435456
40529920	268435456
60104704	268435456
45150208	268435456
42921984	268435456
42921984	268435456
42930176	268435456
42930176	268435456
42930176	268435456
42930176	268435456
42930176	268435456
42930176	268435456
42913792	268435456
42913792	268435456
42913792	268435456
42913792	268435456
42913792	268435456
42913792	268435456
42913792	268435456
42913792	268435456
42913792	268435456
42913792	268435456
42913792	268435456
40636416	268435456
81997824	268435456
144003072	268435456
41115648	268435456
151633920	268435456
43307008	268435456
43307008	268435456
43307008	268435456
43307008	268435456
43307008	268435456
43290624	268435456
43290624	268435456
43290624	268435456
43290624	268435456
43290624	268435456
43290624	268435456
43290624	268435456
43290624	268435456
43290624	268435456
43290624	268435456
43290624	268435456
43290624	268435456
45535232	268435456
43315200	268435456
43315200	268435456
43315200	268435456
43315200	268435456
43315200	268435456
43315200	268435456
43315200	268435456
43315200	268435456
43315200	268435456
43298816	268435456
43298816	268435456
43298816	268435456
43298816	268435456
43298816	268435456
43298816	268435456
43298816	268435456
43298816	268435456
43298816	268435456
43298816	268435456
43298816	268435456
40943616	268435456
40976384	268435456
141012992	268435456
140910592	268435456
43429888	268435456
43413504	268435456
41070592	268435456
47923200	268435456
45973504	268435456
43786240	268435456
43786240	268435456
43769856	268435456
43769856	268435456
43769856	268435456
43769856	268435456
43769856	268435456
43769856	268435456
43769856	268435456
46047232	268435456
43819008	268435456
43819008	268435456
43819008	268435456
43819008	268435456
43806720	268435456
43806720	268435456
43806720	268435456
43806720	268435456
43806720	268435456
43806720	268435456
43806720	268435456
43806720	268435456
43806720	268435456
43806720	268435456
43806720	268435456
43806720	268435456
43806720	268435456
43806720	268435456
43806720	268435456
43806720	268435456
43806720	268435456
43806720	268435456
43831296	268435456
43831296	268435456
46059520	268435456
41926656	268435456
42213376	268435456
141484032	268435456
141602816	268435456
41783296	268435456
41783296	268435456
130478080	268435456
44269568	268435456
44269568	268435456
44269568	268435456
44269568	268435456
44269568	268435456
44269568	268435456
44269568	268435456
44269568	268435456
44269568	268435456
44269568	268435456
44269568	268435456
44269568	268435456
44269568	268435456
44285952	268435456
44285952	268435456
44285952	268435456
44285952	268435456
44285952	268435456
44269568	268435456
44269568	268435456
44269568	268435456
44269568	268435456
44269568	268435456
44269568	268435456
44269568	268435456
44269568	268435456
44269568	268435456
44269568	268435456
46526464	268435456
44290048	268435456
44290048	268435456
44290048	268435456
44290048	268435456
44290048	268435456
44290048	268435456
44290048	268435456
41930752	268435456
41930752	268435456
41914368	268435456
41914368	268435456
41914368	268435456
41914368	268435456
41914368	268435456
41914368	268435456
41914368	268435456
41914368	268435456
41914368	268435456
44285952	268435456
145285120	268435456
46608384	268435456
42721280	268435456
44625920	268435456
46915584	268435456
44564480	268435456
44564480	268435456
44564480	268435456
44564480	268435456
44597248	268435456
44597248	268435456
44597248	268435456
44597248	268435456
44597248	268435456
44597248	268435456
44597248	268435456
44597248	268435456
44597248	268435456
44597248	268435456
44597248	268435456
44597248	268435456
44597248	268435456
44613632	268435456
44613632	268435456
44613632	268435456
44613632	268435456
44613632	268435456
44597248	268435456
44597248	268435456
44597248	268435456
44597248	268435456
44597248	268435456
44597248	268435456
44597248	268435456
44597248	268435456
44597248	268435456
44597248	268435456
44617728	268435456
44617728	268435456
44617728	268435456
44617728	268435456
44617728	268435456
44470272	268435456
42250240	268435456
42250240	268435456
42250240	268435456
42250240	268435456
42233856	268435456
42233856	268435456
42233856	268435456
42233856	268435456
105320448	268435456
145715200	268435456
42610688	268435456
42610688	268435456
42610688	268435456
42594304	268435456
42594304	268435456
42594304	268435456
42594304	268435456
42594304	268435456
42594304	268435456
42594304	268435456
42594304	268435456
42856448	268435456
153567232	268435456
45187072	268435456
45187072	268435456
45187072	268435456
45187072	268435456
45191168	268435456
45191168	268435456
45191168	268435456
45191168	268435456
45191168	268435456
45174784	268435456
45174784	268435456
45174784	268435456
45174784	268435456
45174784	268435456
45330432	268435456
45195264	268435456
45195264	268435456
45195264	268435456
45195264	268435456
45195264	268435456
45195264	268435456
45195264	268435456
45195264	268435456
45195264	268435456
45178880	268435456
45178880	268435456
45178880	268435456
45178880	268435456
45178880	268435456
45178880	268435456
45178880	268435456
45178880	268435456
45178880	268435456
45178880	268435456
45178880	268435456
45178880	268435456
45178880	268435456
45178880	268435456
45178880	268435456
45178880	268435456
45178880	268435456
45178880	268435456
45178880	268435456
45178880	268435456
45178880	268435456
45178880	268435456
45178880	268435456
45178880	268435456
45178880	268435456
45178880	268435456
45178880	268435456
45178880	268435456
45178880	268435456
45178880	268435456
45178880	268435456
45178880	268435456
45178880	268435456
45178880	268435456
45178880	268435456
45178880	268435456
45162496	268435456
45162496	268435456
45162496	268435456
45162496	268435456
45162496	268435456
45162496	268435456
45162496	268435456
45162496	268435456
45162496	268435456
45162496	268435456
45162496	268435456
45162496	268435456
45162496	268435456
45162496	268435456
45162496	268435456
45162496	268435456
45162496	268435456
45162496	268435456
45162496	268435456
45162496	268435456
45162496	268435456
45162496	268435456
45162496	268435456
45162496	268435456
45162496	268435456
45162496	268435456
45162496	268435456
45162496	268435456
45162496	268435456
45162496	268435456
45162496	268435456
45162496	268435456
45162496	268435456
45162496	268435456
45162496	268435456
45162496	268435456
45162496	268435456
45162496	268435456
45162496	268435456
45162496	268435456
45162496	268435456
45162496	268435456
45162496	268435456
45162496	268435456
45162496	268435456
45162496	268435456
45162496	268435456
45162496	268435456
45162496	268435456
45162496	268435456
45162496	268435456
45162496	268435456
45162496	268435456
45162496	268435456
45162496	268435456
45162496	268435456
45162496	268435456
45162496	268435456
45162496	268435456
45162496	268435456
45162496	268435456
45162496	268435456
45162496	268435456
45162496	268435456
45162496	268435456
45162496	268435456
45162496	268435456
45162496	268435456
45162496	268435456
45162496	268435456
45162496	268435456
45162496	268435456
45162496	268435456
45162496	268435456
45162496	268435456
45162496	268435456
45162496	268435456
45162496	268435456
45162496	268435456
45162496	268435456
45162496	268435456
45162496	268435456
45162496	268435456
45162496	268435456
45162496	268435456
45162496	268435456
45162496	268435456
45162496	268435456
45162496	268435456
45162496	268435456
45162496	268435456
