86016000,4387394,1643224508223561
68812000,1036050,1643224508323354
55049000,5452076,1643224508423406
44039000,1050337,1643224508523469
35231000,16252060,1643224508623434
30000000,30000000,1643224508723491
30000000,30000000,1643224508823383
90000000,90000000,1643224508923440
150000000,150000000,1643224509023555
210000000,122835734,1643224509123644
270000000,34436828,1643224509223608
216000000,1049156,1643224509323553
172800000,7625452,1643224509423589
138240000,1042944,1643224509523623
110592000,3338455,1643224509627217
88473000,6059911,1643224509723541
70778000,1040890,1643224509823561
56622000,56622000,1643224509923320
56622000,51877259,1643224510023589
116622000,111941328,1643224510123330
116622000,108483511,1643224510223464
116622000,102039171,1643224510323567
116622000,53446725,1643224510423585
93297000,1049637,1643224510523586
74637000,3255367,1643224510623595
59709000,3410498,1643224510723344
47767000,2143680,1643224510823307
38213000,3254572,1643224510923454
30570000,2537225,1643224511023559
30000000,4382571,1643224511123557
30000000,4366287,1643224511223578
30000000,1040411,1643224511323565
30000000,30000000,1643224511423570
30000000,5855600,1643224511523532
90000000,3263155,1643224511623580
72000000,68427095,1643224511727246
72000000,72000000,1643224511827316
132000000,132000000,1643224511923527
192000000,1045026,1643224512027300
252000000,56464883,1643224512123444
201600000,201600000,1643224512223541
201600000,201600000,1643224512323246
261600000,109373479,1643224512423531
321600000,98047241,1643224512523371
257280000,257280000,1643224512623275
257280000,257280000,1643224512723447
317280000,317280000,1643224512823434
377280000,168907297,1643224512923558
437280000,260707062,1643224513023645
349824000,349824000,1643224513123587
349824000,346036895,1643224513223528
409824000,334054516,1643224513323280
404824000,342431841,1643224513423525
399824000,399824000,1643224513523577
399824000,399824000,1643224513623339
459824000,414275883,1643224513723562
519824000,367980018,1643224513823392
415859000,387101829,1643224513923525
415859000,415859000,1643224514023520
415859000,410653456,1643224514123204
475859000,377367934,1643224514223195
380687000,360699563,1643224514323173
380687000,334276246,1643224514423486
375687000,27455806,1643224514523528
300549000,113489371,1643224514623241
240439000,240439000,1643224514723202
240439000,216157390,1643224514823464
300439000,273536779,1643224514923178
300439000,300439000,1643224515023216
300439000,272407676,1643224515123211
360439000,360439000,1643224515223485
360439000,310763302,1643224515323171
360439000,333079026,1643224515423153
355439000,355439000,1643224515523144
355439000,355439000,1643224515623504
366390000,329621360,1643224515723480
426390000,349271481,1643224515827404
421390000,315322283,1643224515923464
337112000,300315933,1643224516023338
337112000,271788865,1643224516123478
332112000,332112000,1643224516223197
332112000,209383705,1643224516323301
392112000,354843182,1643224516423454
392112000,341262119,1643224516523159
387112000,342208974,1643224516623152
387112000,387112000,1643224516723361
387112000,336324090,1643224516823131
447112000,308548122,1643224516923480
357689000,357239326,1643224517023152
357689000,297565802,1643224517123487
417689000,338270279,1643224517223135
412689000,385779663,1643224517323504
412689000,404917341,1643224517423192
412689000,384982594,1643224517523142
407689000,403570820,1643224517623433
407689000,324931087,1643224517727208
326151000,326151000,1643224517823437
326151000,326151000,1643224517927110
386151000,337227368,1643224518023355
446151000,305507224,1643224518123456
356920000,356920000,1643224518227166
356920000,351882315,1643224518323432
416920000,349566760,1643224518423461
411920000,392108037,1643224518523482
411920000,411920000,1643224518623290
411920000,411920000,1643224518723115
471920000,357730079,1643224518823111
531920000,192445497,1643224518923531
425536000,391270287,1643224519023196
425536000,384137359,1643224519123083
420536000,413721330,1643224519223491
420536000,400604031,1643224519323226
420536000,331536448,1643224519427129
336428000,327459204,1643224519527306
336428000,270951210,1643224519627429
331428000,222009308,1643224519723422
265142000,264234643,1643224519827120
265142000,265142000,1643224519923280
265142000,265142000,1643224520023425
325142000,316744370,1643224520123423
385142000,344096935,1643224520223458
385142000,251984870,1643224520323169
308113000,308113000,1643224520423093
308113000,308113000,1643224520523276
368113000,368113000,1643224520623360
428113000,385098586,1643224520723186
488113000,357056606,1643224520823101
390490000,351918841,1643224520923184
390490000,380218865,1643224521023241
390490000,390490000,1643224521123366
390490000,390490000,1643224521223362
450490000,450490000,1643224521327119
489595000,430732085,1643224521423385
549595000,538278867,1643224521523431
549595000,549595000,1643224521623280
549595000,549595000,1643224521723238
609595000,489313689,1643224521823376
669595000,502298883,1643224521923476
535676000,463527590,1643224522023452
530676000,464295742,1643224522123371
525676000,413580995,1643224522223091
420540000,344710712,1643224522323461
415540000,415540000,1643224522423478
415540000,276714192,1643224522523371
475540000,248347242,1643224522623391
380432000,165360957,1643224522723374
304345000,190153439,1643224522823210
243476000,207215353,1643224522923295
243476000,180269203,1643224523023341
194780000,194780000,1643224523123384
194780000,194780000,1643224523223456
254780000,169480909,1643224523323173
314780000,155281001,1643224523423208
251824000,201959671,1643224523523271
251824000,251824000,1643224523623306
251824000,251824000,1643224523723276
311824000,311824000,1643224523823226
371824000,319411336,1643224523923229
431824000,332663690,1643224524023047
345459000,306863124,1643224524123340
345459000,345459000,1643224524223362
345459000,345459000,1643224524323079
405459000,405459000,1643224524423199
465459000,364357226,1643224524523363
525459000,383295855,1643224524627241
420367000,420367000,1643224524727039
420367000,420367000,1643224524823385
480367000,480367000,1643224524923369
540367000,427268557,1643224525023368
600367000,407663755,1643224525123397
480293000,438114425,1643224525223023
480293000,469558165,1643224525323302
475293000,475293000,1643224525423366
475293000,471423160,1643224525522998
535293000,494707373,1643224525623125
595293000,370407180,1643224525723327
476234000,423952250,1643224525823150
471234000,469185415,1643224525923129
471234000,469281195,1643224526023037
531234000,426540927,1643224526123026
526234000,473174839,1643224526223297
521234000,393598246,1643224526323031
416987000,375953121,1643224526422985
416987000,313954289,1643224526527297
333589000,330657596,1643224526623384
333589000,299471723,1643224526723364
393589000,376602226,1643224526823357
393589000,384302020,1643224526923447
393589000,393589000,1643224527022991
393589000,393589000,1643224527123048
453589000,453589000,1643224527223270
513589000,467277050,1643224527323069
573589000,498915935,1643224527423117
568589000,449547509,1643224527523078
454871000,449370171,1643224527623231
454871000,378043008,1643224527723001
449871000,449871000,1643224527827077
449871000,447035385,1643224527923306
509871000,300323613,1643224528026978
569871000,352488570,1643224528123228
455896000,423049626,1643224528223287
455896000,455896000,1643224528323368
455896000,455896000,1643224528427208
515896000,396898183,1643224528523004
575896000,523117979,1643224528623206
570896000,462248370,1643224528727050
565896000,421474163,1643224528827345
452716000,267041327,1643224528930947
362172000,362172000,1643224529026971
362172000,362172000,1643224529123179
422172000,422172000,1643224529223184
482172000,375924657,1643224529323120
542172000,398846402,1643224529423236
433737000,433344107,1643224529523246
433737000,433737000,1643224529623243
433737000,401648856,1643224529723292
493737000,429924200,1643224529823331
488737000,320655038,1643224529923214
390989000,334047750,1643224530023297
385989000,385989000,1643224530123316
385989000,358128098,1643224530222966
445989000,361085464,1643224530323235
440989000,440989000,1643224530423245
440989000,440989000,1643224530526953
500989000,371039638,1643224530623278
560989000,412805575,1643224530726918
448791000,364996802,1643224530827163
443791000,285284490,1643224530923206
355032000,353105921,1643224531022914
355032000,290021520,1643224531127275
350032000,350032000,1643224531223231
350032000,350032000,1643224531323190
410032000,410032000,1643224531423197
470032000,470032000,1643224531523243
530032000,421863401,1643224531622964
590032000,443863197,1643224531723208
472025000,437720931,1643224531823171
472025000,358587381,1643224531923208
377620000,228328873,1643224532023190
302096000,302096000,1643224532122867
302096000,302096000,1643224532223078
362096000,342934611,1643224532322884
422096000,393999097,1643224532423335
422096000,318955635,1643224532523299
337676000,313446372,1643224532623196
337676000,337676000,1643224532723234
337676000,321506147,1643224532822879
397676000,367301411,1643224532923288
397676000,328741897,1643224533023128
392676000,351367778,1643224533122869
392676000,265069923,1643224533223219
314140000,246362099,1643224533322987
251312000,251312000,1643224533423207
251312000,251312000,1643224533526925
311312000,311312000,1643224533622995
371312000,371312000,1643224533722881
431312000,431312000,1643224533822861
491312000,371110230,1643224533922895
551312000,504594733,1643224534023150
551312000,471183955,1643224534126908
546312000,412388487,1643224534223053
437049000,391511091,1643224534327061
437049000,284974827,1643224534423152
349639000,316311970,1643224534522962
349639000,349639000,1643224534623158
349639000,349639000,1643224534723096
409639000,383303678,1643224534822925
469639000,415116156,1643224534923172
464639000,394990704,1643224535027076
459639000,328543422,1643224535122902
367711000,367711000,1643224535223011
367711000,367711000,1643224535323061
427711000,427711000,1643224535427112
487711000,487711000,1643224535522857
547711000,456512114,1643224535623084
607711000,408482173,1643224535722903
486168000,320648464,1643224535823110
388934000,98562262,1643224535922884
311147000,311147000,1643224536022822
311147000,311147000,1643224536127230
371147000,371147000,1643224536227131
431147000,412079019,1643224536322906
491147000,450259204,1643224536423114
491147000,443052763,1643224536523106
486147000,341339113,1643224536622840
388917000,349790627,1643224536722845
388917000,341041714,1643224536826826
383917000,361149768,1643224536922823
383917000,383917000,1643224537023117
383917000,383917000,1643224537126839
443917000,407911812,1643224537226851
503917000,287330159,1643224537323121
403133000,400944646,1643224537423205
403133000,403133000,1643224537523118
463133000,395231290,1643224537622800
523133000,304781724,1643224537723104
418506000,305397070,1643224537822792
334804000,334804000,1643224537922803
334804000,304341666,1643224538022839
394804000,394804000,1643224538123110
394804000,394804000,1643224538226857
454804000,396960880,1643224538323196
514804000,452554383,1643224538422853
509804000,296102483,1643224538523107
407843000,407843000,1643224538623100
407843000,407843000,1643224538723230
467843000,467843000,1643224538823178
527843000,457167730,1643224538923092
587843000,499088500,1643224539023017
582843000,348945693,1643224539123048
466274000,294033790,1643224539222832
373019000,142644728,1643224539323153
298415000,298415000,1643224539422816
298415000,298415000,1643224539526903
358415000,358415000,1643224539622825
418415000,418415000,1643224539723196
478415000,362738597,1643224539823134
538415000,357779833,1643224539922769
430732000,408409317,1643224540023113
430732000,430732000,1643224540123103
430732000,426235541,1643224540223057
490732000,289863866,1643224540323031
392585000,383492944,1643224540423025
392585000,374115231,1643224540523016
392585000,332150689,1643224540623123
387585000,387585000,1643224540723221
387585000,387585000,1643224540823144
447585000,439143181,1643224540923093
507585000,333996648,1643224541023046
406068000,406068000,1643224541123156
406068000,379454642,1643224541222746
466068000,337845065,1643224541322945
372854000,182166181,1643224541423065
298283000,169143031,1643224541522951
238626000,148237582,1643224541622878
190900000,190900000,1643224541723083
190900000,190900000,1643224541826863
250900000,231791853,1643224541922924
310900000,147429035,1643224542022965
248720000,153687230,1643224542123018
198976000,198976000,1643224542223042
198976000,198976000,1643224542326753
258976000,220430731,1643224542422763
318976000,318976000,1643224542522680
318976000,258769174,1643224542622724
378976000,213742342,1643224542726712
303180000,192924301,1643224542823002
242544000,219484842,1643224542922799
242544000,179473870,1643224543026773
194035000,194035000,1643224543126932
194035000,194035000,1643224543226674
254035000,183029206,1643224543322715
314035000,145725442,1643224543423032
251228000,251228000,1643224543527013
251228000,251228000,1643224543622714
311228000,311228000,1643224543722708
371228000,197892479,1643224543822768
431228000,281058413,1643224543926765
344982000,163020744,1643224544022835
275985000,275985000,1643224544122757
275985000,275985000,1643224544222878
335985000,283716999,1643224544322761
395985000,378496589,1643224544422977
395985000,380115493,1643224544522691
395985000,395985000,1643224544622685
395985000,395985000,1643224544723002
455985000,354362697,1643224544822846
515985000,372316188,1643224544922798
412788000,404777602,1643224545022917
412788000,357113711,1643224545122696
407788000,317579316,1643224545226649
326230000,252835000,1643224545326659
260984000,260984000,1643224545422804
260984000,260984000,1643224545523148
320984000,320984000,1643224545623054
380984000,380984000,1643224545722793
440984000,395609837,1643224545822963
500984000,411763781,1643224545923030
495984000,444246949,1643224546023035
490984000,448828337,1643224546123130
490984000,345242705,1643224546223017
392787000,220704025,1643224546322679
314229000,314229000,1643224546422972
314229000,182862934,1643224546522980
374229000,304620098,1643224546623696
369229000,294827157,1643224546722963
295383000,161781285,1643224546822943
236306000,191117461,1643224546926632
236306000,236306000,1643224547022992
236306000,236306000,1643224547122635
296306000,296306000,1643224547222702
356306000,356306000,1643224547322850
416306000,416306000,1643224547422730
476306000,434401128,1643224547522927
536306000,386987491,1643224547622602
429044000,379779663,1643224547722953
429044000,297875046,1643224547822983
343235000,219920044,1643224547922627
274588000,156698257,1643224548022859
219670000,219670000,1643224548127012
219670000,219670000,1643224548222851
279670000,279670000,1643224548322953
339670000,339670000,1643224548422691
399670000,276720099,1643224548522979
459670000,356368001,1643224548626627
367736000,170409140,1643224548722865
294188000,243497543,1643224548822969
289188000,289188000,1643224548922753
289188000,201257956,1643224549022625
349188000,143229854,1643224549122920
279350000,279350000,1643224549222952
279350000,231526436,1643224549322915
339350000,339350000,1643224549422930
339350000,339350000,1643224549523001
399350000,310534098,1643224549622970
459350000,365908176,1643224549722963
367480000,367480000,1643224549822996
367480000,363934148,1643224549922673
427480000,427480000,1643224550022949
427480000,417202704,1643224550122755
487480000,453569837,1643224550222780
487480000,406470120,1643224550326618
482480000,302103892,1643224550426603
385984000,319649103,1643224550522747
380984000,342971927,1643224550622641
380984000,364655398,1643224550722828
375984000,324705025,1643224550822993
370984000,303567797,1643224550926628
365984000,313510810,1643224551022691
360984000,207416352,1643224551122606
288787000,288787000,1643224551222876
288787000,288787000,1643224551322589
348787000,265895209,1643224551422883
408787000,269366913,1643224551522585
327029000,327029000,1643224551622708
327029000,197160608,1643224551722706
387029000,57400845,1643224551822681
309623000,168620067,1643224551926620
247698000,247698000,1643224552022835
247698000,226555771,1643224552122689
307698000,307698000,1643224552226931
307698000,301996278,1643224552322802
307698000,307698000,1643224552422890
307698000,307698000,1643224552522567
367698000,367698000,1643224552622590
427698000,324374698,1643224552722680
487698000,299825047,1643224552822835
390158000,376323622,1643224552922814
390158000,284458777,1643224553022528
312126000,312126000,1643224553122733
312126000,312126000,1643224553222648
372126000,372126000,1643224553322668
432126000,432126000,1643224553422623
492126000,403794266,1643224553526731
552126000,272700893,1643224553622911
441700000,337756606,1643224553722758
353360000,353360000,1643224553822566
353360000,353360000,1643224553926568
413360000,321496411,1643224554022527
473360000,223854816,1643224554126631
378688000,176131787,1643224554222834
302950000,37975889,1643224554322765
242360000,169214878,1643224554426571
193888000,193888000,1643224554526580
193888000,193888000,1643224554626582
253888000,253888000,1643224554722635
313888000,176740628,1643224554826570
373888000,302900725,1643224554922559
368888000,258933231,1643224555022606
295110000,295110000,1643224555122795
295110000,295110000,1643224555222748
355110000,258595143,1643224555322653
415110000,309167919,1643224555422581
332088000,332088000,1643224555522628
332088000,332088000,1643224555622731
392088000,376945162,1643224555722619
452088000,272517155,1643224555822802
361670000,361670000,1643224555922758
361670000,346333350,1643224556022739
421670000,247201582,1643224556122557
337336000,287760086,1643224556222842
337336000,337336000,1643224556322585
337336000,337336000,1643224556422597
397336000,334143954,1643224556522609
457336000,273552047,1643224556622678
365868000,338452664,1643224556722697
365868000,264822650,1643224556822731
292694000,240167835,1643224556922701
287694000,287694000,1643224557026755
287694000,287694000,1643224557122791
347694000,230267711,1643224557222556
407694000,194081548,1643224557322711
326155000,167767305,1643224557422864
260924000,112532791,1643224557522751
208739000,208739000,1643224557622581
208739000,208739000,1643224557722759
268739000,268739000,1643224557822893
328739000,268780475,1643224557922740
388739000,160740969,1643224558022892
310991000,303698914,1643224558122678
310991000,310991000,1643224558222821
310991000,310991000,1643224558322777
370991000,363571062,1643224558422718
430991000,332708290,1643224558522519
344792000,344792000,1643224558622724
344792000,312303110,1643224558722516
404792000,279185703,1643224558826773
323833000,323833000,1643224558922828
323833000,323833000,1643224559022705
383833000,374626945,1643224559122769
443833000,288285744,1643224559222699
355066000,145139814,1643224559322791
284052000,173985011,1643224559422562
227241000,227241000,1643224559526749
227241000,227241000,1643224559622434
287241000,280045555,1643224559722390
347241000,319650840,1643224559822702
347241000,347241000,1643224559926490
347241000,347241000,1643224560022721
407241000,212197472,1643224560122587
467241000,258573494,1643224560222855
373792000,303489972,1643224560322632
368792000,128609430,1643224560422738
295033000,295033000,1643224560522638
295033000,295033000,1643224560622611
355033000,355033000,1643224560722494
415033000,415033000,1643224560822486
475033000,392666875,1643224560922464
535033000,379509597,1643224561022605
428026000,204823466,1643224561122499
342420000,268267548,1643224561226475
273936000,257873901,1643224561322744
273936000,273936000,1643224561426521
273936000,273936000,1643224561522677
333936000,333936000,1643224561622606
393936000,393936000,1643224561722600
453936000,321858391,1643224561822474
513936000,314098841,1643224561922437
411148000,110220430,1643224562022647
328918000,328918000,1643224562122645
328918000,328918000,1643224562222520
388918000,303663392,1643224562322586
448918000,286894966,1643224562422675
359134000,317695792,1643224562522671
359134000,212347971,1643224562626464
287307000,104223194,1643224562726652
229845000,102178970,1643224562826435
183876000,183876000,1643224562922541
183876000,96793075,1643224563022490
243876000,196297248,1643224563122712
243876000,138590335,1643224563222608
195100000,78991736,1643224563322624
156080000,114529109,1643224563422785
124864000,124864000,1643224563522586
124864000,124864000,1643224563622406
184864000,184864000,1643224563726419
244864000,215013023,1643224563826444
304864000,304864000,1643224563922449
304864000,285385979,1643224564026441
364864000,260012692,1643224564122411
291891000,291891000,1643224564222638
291891000,291891000,1643224564322454
351891000,303466229,1643224564422488
411891000,240877678,1643224564522428
329512000,70662361,1643224564622730
263609000,263609000,1643224564726400
263609000,263609000,1643224564826390
323609000,323609000,1643224564922532
383609000,383609000,1643224565022574
443609000,349225277,1643224565122478
503609000,285368721,1643224565222421
402887000,313480888,1643224565326503
322309000,248816101,1643224565422499
257847000,257847000,1643224565522636
257847000,257847000,1643224565622582
317847000,312402992,1643224565722477
377847000,279115022,1643224565822540
437847000,289504986,1643224565926498
350277000,310379255,1643224566022758
350277000,190233974,1643224566122519
280221000,261252453,1643224566222827
280221000,265121221,1643224566326385
280221000,280221000,1643224566426510
280221000,223823053,1643224566522313
340221000,295843156,1643224566622371
340221000,271716866,1643224566722476
272176000,272176000,1643224566822391
272176000,272176000,1643224566926388
332176000,302691111,1643224567022406
392176000,220405431,1643224567122575
313740000,211216005,1643224567222370
250992000,132843016,1643224567322426
200793000,154975046,1643224567422584
160634000,160634000,1643224567522574
160634000,160634000,1643224567622591
220634000,220634000,1643224567722377
280634000,248221431,1643224567822564
340634000,329221362,1643224567926495
340634000,202011811,1643224568022564
272507000,272507000,1643224568122353
272507000,272507000,1643224568222332
332507000,246567471,1643224568326356
392507000,300571235,1643224568422609
314005000,276327288,1643224568522387
314005000,314005000,1643224568622492
314005000,314005000,1643224568726328
374005000,321801260,1643224568822608
434005000,273071914,1643224568922400
347204000,216000206,1643224569023801
277763000,237308664,1643224569122679
277763000,277763000,1643224569222311
277763000,219513065,1643224569322347
337763000,297905830,1643224569426331
337763000,337763000,1643224569526340
337763000,337763000,1643224569622362
397763000,304141757,1643224569726358
457763000,275314279,1643224569822369
366210000,366210000,1643224569922598
366210000,326412525,1643224570022415
426210000,176084869,1643224570122569
340968000,181429491,1643224570222595
272774000,244098028,1643224570322595
272774000,171266289,1643224570422618
218219000,218219000,1643224570522605
218219000,218219000,1643224570626260
278219000,278219000,1643224570722265
338219000,288501316,1643224570822414
398219000,282881564,1643224570926290
318575000,275600114,1643224571022642
318575000,318575000,1643224571122676
318575000,318575000,1643224571222651
318575000,318575000,1643224571322484
378575000,355025369,1643224571422562
438575000,370441523,1643224571522250
433575000,374675573,1643224571622392
428575000,310599175,1643224571722288
342860000,308794666,1643224571822700
342860000,203121991,1643224571926288
274288000,274288000,1643224572022478
274288000,274288000,1643224572122542
334288000,269458338,1643224572222468
394288000,343892275,1643224572322292
389288000,340472007,1643224572422462
389288000,389288000,1643224572522442
389288000,363116633,1643224572622563
384288000,278163712,1643224572722599
307430000,307430000,1643224572822583
307430000,267471976,1643224572922601
367430000,252432315,1643224573022496
293944000,235285782,1643224573122543
288944000,147032888,1643224573222481
231155000,231155000,1643224573326453
231155000,230216993,1643224573422245
291155000,291155000,1643224573522415
291155000,291155000,1643224573622298
351155000,351155000,1643224573722499
411155000,411155000,1643224573822328
471155000,369768500,1643224573922548
531155000,375436990,1643224574022460
424924000,399717686,1643224574126193
424924000,284794693,1643224574222162
339939000,305088163,1643224574326270
339939000,321484199,1643224574422193
334939000,334939000,1643224574522606
334939000,320350932,1643224574626224
394939000,200344320,1643224574722459
315951000,311500549,1643224574822476
315951000,315951000,1643224574922500
315951000,315951000,1643224575026454
375951000,364365051,1643224575126295
435951000,268714102,1643224575222464
348760000,276474935,1643224575322469
279008000,279008000,1643224575426445
279008000,279008000,1643224575526205
339008000,247705408,1643224575622297
399008000,199961708,1643224575726465
319206000,301471697,1643224575822397
319206000,229225011,1643224575922580
255364000,227068737,1643224576022353
255364000,213371869,1643224576122422
250364000,212204239,1643224576226191
250364000,250364000,1643224576322475
250364000,250364000,1643224576426374
310364000,310364000,1643224576522567
370364000,350260798,1643224576622170
430364000,302059525,1643224576726389
344291000,325043715,1643224576822153
344291000,307860583,1643224576922134
339291000,339291000,1643224577022372
339291000,339291000,1643224577126206
399291000,336014170,1643224577222174
459291000,318305408,1643224577322453
367432000,323666843,1643224577422265
367432000,259839525,1643224577526265
293945000,195083533,1643224577622405
235156000,226882565,1643224577722582
235156000,235156000,1643224577826453
235156000,235156000,1643224577922155
295156000,288784554,1643224578022392
355156000,326230074,1643224578122410
355156000,355156000,1643224578226128
355156000,348587482,1643224578322444
415156000,390004981,1643224578422321
415156000,328489200,1643224578526136
332124000,250640460,1643224578626410
265699000,265699000,1643224578726117
265699000,265699000,1643224578822472
325699000,325699000,1643224578922211
385699000,321713701,1643224579022124
445699000,340794707,1643224579126073
356559000,298132464,1643224579222382
351559000,182005096,1643224579322373
281247000,281247000,1643224579422212
281247000,281247000,1643224579522260
341247000,341247000,1643224579626357
401247000,347870093,1643224579722337
461247000,375348535,1643224579822420
456247000,321399565,1643224579922129
364997000,338871072,1643224580022147
364997000,253401120,1643224580122214
291997000,212650135,1643224580222272
233597000,233597000,1643224580322135
233597000,233597000,1643224580422394
293597000,206966559,1643224580522227
353597000,339791855,1643224580622389
353597000,87754280,1643224580726153
282877000,232373611,1643224580822113
277877000,250895458,1643224580922425
277877000,252516470,1643224581022521
272877000,272877000,1643224581122336
272877000,218512116,1643224581222331
332877000,315210916,1643224581322331
332877000,314113025,1643224581422288
332877000,332877000,1643224581522278
332877000,310168852,1643224581622044
392877000,298251444,1643224581722186
314301000,173526025,1643224581826090
251440000,251440000,1643224581922151
251440000,251440000,1643224582022389
311440000,311440000,1643224582122293
371440000,273964441,1643224582222295
297152000,297152000,1643224582322069
297152000,297152000,1643224582422417
357152000,334853462,1643224582522317
417152000,215994679,1643224582622099
333721000,171933565,1643224582722091
266976000,266976000,1643224582822382
266976000,266976000,1643224582926095
326976000,215912005,1643224583022198
386976000,230549382,1643224583126092
309580000,304929870,1643224583226109
309580000,276596296,1643224583322083
309580000,152579236,1643224583422049
247664000,238092094,1643224583522086
247664000,244134466,1643224583622075
247664000,247664000,1643224583722131
247664000,247664000,1643224583822348
307664000,307664000,1643224583922339
307664000,307664000,1643224584022341
367664000,322874673,1643224584122007
427664000,260432234,1643224584222031
342131000,161924129,1643224584322402
273704000,270551012,1643224584422337
273704000,273704000,1643224584522050
273704000,273704000,1643224584622090
333704000,302586677,1643224584722363
393704000,217450651,1643224584822315
314963000,314963000,1643224584922332
314963000,314963000,1643224585022424
374963000,369174051,1643224585122032
434963000,318589322,1643224585222137
347970000,295590593,1643224585326039
342970000,246772123,1643224585422398
274376000,247850835,1643224585526065
274376000,274376000,1643224585622026
274376000,274376000,1643224585722290
334376000,334376000,1643224585825994
394376000,391644820,1643224585926376
454376000,227774234,1643224586022126
363500000,211086889,1643224586122129
290800000,220199967,1643224586222390
232640000,121559222,1643224586322057
186112000,186112000,1643224586422264
186112000,186112000,1643224586522319
246112000,244591124,1643224586626047
306112000,306112000,1643224586722988
306112000,239027976,1643224586822183
366112000,237485928,1643224586922312
292889000,285365994,1643224587026046
292889000,292889000,1643224587122174
292889000,292889000,1643224587222326
352889000,352889000,1643224587322250
412889000,284126839,1643224587426250
472889000,322408321,1643224587522381
378311000,321567951,1643224587622356
373311000,356902544,1643224587721991
373311000,373311000,1643224587822218
373311000,373311000,1643224587922310
433311000,360580089,1643224588022166
493311000,229603146,1643224588126016
394648000,284858670,1643224588226267
315718000,315718000,1643224588322104
315718000,315718000,1643224588422210
375718000,375718000,1643224588522373
435718000,334647675,1643224588622290
495718000,270947433,1643224588722196
396574000,347208986,1643224588822354
396574000,242050880,1643224588921972
317259000,213693163,1643224589026011
253807000,253807000,1643224589122309
253807000,253807000,1643224589222281
313807000,233725317,1643224589322097
373807000,154673190,1643224589422000
299045000,240194945,1643224589522282
294045000,294045000,1643224589622126
294045000,294045000,1643224589722111
354045000,354045000,1643224589822186
414045000,375174938,1643224589922109
474045000,415762207,1643224590022275
469045000,301829639,1643224590122043
375236000,319773229,1643224590222369
370236000,269778547,1643224590321999
296188000,225493423,1643224590422022
236950000,236950000,1643224590521952
236950000,236950000,1643224590622219
296950000,296950000,1643224590721963
356950000,263735105,1643224590822244
416950000,181582424,1643224590921931
333560000,290135924,1643224591022144
333560000,333560000,1643224591121976
333560000,333560000,1643224591222288
393560000,341489771,1643224591325974
453560000,288475092,1643224591422339
362848000,361764455,1643224591522205
362848000,323703857,1643224591622065
422848000,286283163,1643224591722952
338278000,314444752,1643224591822248
338278000,292833873,1643224591922260
333278000,259653545,1643224592021881
266622000,129971451,1643224592125998
213297000,131081781,1643224592222142
170637000,170637000,1643224592321929
170637000,170637000,1643224592425910
230637000,230637000,1643224592522115
290637000,290637000,1643224592621927
350637000,284656585,1643224592725915
410637000,334583887,1643224592822016
405637000,238902893,1643224592921940
324509000,288927676,1643224593022135
324509000,324509000,1643224593121875
324509000,324509000,1643224593221892
384509000,350072673,1643224593321908
444509000,286008936,1643224593421873
355607000,256459449,1643224593522133
284485000,284485000,1643224593622251
284485000,284485000,1643224593721905
344485000,343326715,1643224593822150
404485000,386755246,1643224593922048
464485000,97640324,1643224594022127
371588000,278839384,1643224594121996
297270000,297270000,1643224594222227
297270000,113642823,1643224594322190
357270000,259449045,1643224594426070
285816000,162535698,1643224594522082
228652000,228652000,1643224594622138
228652000,228652000,1643224594722249
288652000,288652000,1643224594821952
348652000,348652000,1643224594921864
408652000,254987920,1643224595022016
468652000,279523575,1643224595121934
374921000,157840332,1643224595225909
299936000,228145394,1643224595326058
239948000,227617197,1643224595426120
239948000,184108685,1643224595525959
191958000,191958000,1643224595621915
191958000,191958000,1643224595721922
251958000,217207202,1643224595821927
311958000,214387874,1643224595922205
249566000,249566000,1643224596022166
249566000,249566000,1643224596121914
309566000,257585815,1643224596222085
369566000,340105550,1643224596325898
369566000,338903662,1643224596422298
364566000,330878103,1643224596522081
364566000,360136347,1643224596622009
364566000,364566000,1643224596722846
364566000,193509640,1643224596821827
424566000,134155554,1643224596922090
339652000,150875220,1643224597021980
271721000,252647055,1643224597122118
271721000,190574314,1643224597221895
217376000,217376000,1643224597322124
217376000,217376000,1643224597421895
277376000,277376000,1643224597525850
337376000,337376000,1643224597621866
397376000,311639741,1643224597721845
457376000,283117650,1643224597821838
365900000,261814246,1643224597922045
292720000,292720000,1643224598021922
292720000,292720000,1643224598122063
352720000,351407155,1643224598225938
412720000,155363272,1643224598322048
472720000,151087003,1643224598422053
378176000,248125672,1643224598521815
302540000,117609687,1643224598625855
242032000,242032000,1643224598722235
242032000,242032000,1643224598822092
302032000,302032000,1643224598922021
362032000,349757229,1643224599021847
422032000,293363114,1643224599122106
337625000,322695353,1643224599222085
337625000,337625000,1643224599322121
337625000,313240207,1643224599422101
337625000,195594825,1643224599522523
270100000,270100000,1643224599622056
270100000,270100000,1643224599722039
330100000,319038993,1643224599821813
390100000,390100000,1643224599921940
390100000,390100000,1643224600021815
450100000,393042507,1643224600121896
510100000,328611082,1643224600222036
408080000,368313941,1643224600321986
408080000,355503233,1643224600422114
403080000,208020693,1643224600521901
322464000,273534859,1643224600622043
322464000,287064844,1643224600722109
317464000,317464000,1643224600821827
317464000,242577909,1643224600925833
377464000,211714317,1643224601021872
301971000,223723179,1643224601125837
241576000,216673081,1643224601221916
241576000,97682509,1643224601322053
193260000,193260000,1643224601422026
193260000,193260000,1643224601521763
253260000,253260000,1643224601621974
313260000,267477255,1643224601722317
373260000,246634973,1643224601821990
298608000,217400131,1643224601922152
238886000,124290746,1643224602022078
191108000,191108000,1643224602121743
191108000,191108000,1643224602221816
251108000,251108000,1643224602321723
311108000,311108000,1643224602421738
371108000,345042198,1643224602521744
431108000,255803010,1643224602621805
344886000,344886000,1643224602721798
344886000,296679137,1643224602821746
404886000,303176126,1643224602925731
323908000,214755524,1643224603021722
259126000,183873578,1643224603121718
207300000,207300000,1643224603221717
207300000,207300000,1643224603325746
267300000,267300000,1643224603421997
327300000,290768839,1643224603521846
387300000,298105586,1643224603621810
309840000,170207398,1643224603725919
247872000,247872000,1643224603821735
247872000,246931609,1643224603921738
307872000,307872000,1643224604021788
307872000,259743936,1643224604121838
367872000,317929426,1643224604222221
367872000,283717138,1643224604321867
294297000,266442646,1643224604422038
294297000,294297000,1643224604521924
294297000,294297000,1643224604621977
354297000,354297000,1643224604722052
414297000,319396298,1643224604825953
474297000,345122886,1643224604921910
379437000,379437000,1643224605021684
379437000,364016731,1643224605121964
439437000,235328933,1643224605222116
351549000,191051870,1643224605322098
281239000,241937107,1643224605421959
281239000,107542932,1643224605521949
224991000,224991000,1643224605622090
224991000,224991000,1643224605721939
284991000,263434704,1643224605822101
344991000,158888021,1643224605921992
275992000,275992000,1643224606025943
275992000,275992000,1643224606121998
335992000,307511970,1643224606229728
395992000,283736741,1643224606321890
316793000,316793000,1643224606421856
316793000,312883073,1643224606522061
376793000,248924638,1643224606622057
301434000,300531077,1643224606721730
301434000,271137451,1643224606825710
301434000,260397197,1643224606921803
296434000,286324787,1643224607021732
296434000,296434000,1643224607122102
296434000,296434000,1643224607221924
356434000,286589487,1643224607321704
416434000,199519184,1643224607425669
333147000,203739896,1643224607521901
266517000,266517000,1643224607621921
266517000,266517000,1643224607722038
326517000,326517000,1643224607825718
386517000,307322499,1643224607921952
446517000,375387634,1643224608021673
441517000,236165340,1643224608121655
353213000,240382829,1643224608221714
282570000,282570000,1643224608321696
282570000,282570000,1643224608425715
342570000,289610243,1643224608521724
402570000,377758196,1643224608621910
402570000,359542744,1643224608721754
397570000,356809768,1643224608821839
397570000,397570000,1643224608921908
397570000,385930373,1643224609021886
457570000,197345456,1643224609122009
366056000,269906386,1643224609221920
292844000,233834238,1643224609321898
234275000,155464749,1643224609421715
187420000,187420000,1643224609522038
187420000,187420000,1643224609621898
247420000,233520032,1643224609721971
307420000,154671111,1643224609825873
245936000,245936000,1643224609922007
245936000,245936000,1643224610021787
305936000,305936000,1643224610121940
365936000,355773430,1643224610221632
425936000,350138211,1643224610322008
420936000,263704393,1643224610421640
336748000,303507607,1643224610525663
336748000,336748000,1643224610621996
336748000,336748000,1643224610721866
396748000,387631997,1643224610821741
456748000,276104058,1643224610921903
365398000,309867731,1643224611021774
360398000,234172682,1643224611121664
288318000,288318000,1643224611225658
288318000,288318000,1643224611321855
348318000,288642255,1643224611422052
408318000,207412240,1643224611521794
326654000,326654000,1643224611621956
326654000,326654000,1643224611721851
386654000,329412248,1643224611821970
446654000,283823553,1643224611921903
357323000,178917999,1643224612025815
285858000,270195994,1643224612125749
285858000,248858016,1643224612225854
280858000,258258126,1643224612321863
280858000,280858000,1643224612421605
280858000,280858000,1643224612521607
340858000,106247269,1643224612621595
400858000,98044494,1643224612721590
320686000,179022151,1643224612821854
256548000,58457688,1643224612921625
205238000,154244263,1643224613021576
164190000,164190000,1643224613121894
164190000,164190000,1643224613221933
224190000,202296527,1643224613321742
284190000,235270420,1643224613421970
284190000,284190000,1643224613521883
284190000,284190000,1643224613625579
344190000,343533321,1643224613721799
404190000,325337054,1643224613821917
399190000,350240990,1643224613921566
399190000,399190000,1643224614022228
399190000,297283148,1643224614121931
459190000,385384733,1643224614221642
454190000,241193418,1643224614321848
363352000,329046372,1643224614421762
363352000,229968570,1643224614521866
290681000,227644239,1643224614621604
232544000,68746391,1643224614721735
186035000,186035000,1643224614821569
186035000,186035000,1643224614925775
246035000,235377982,1643224615021914
306035000,263319108,1643224615121903
306035000,222021192,1643224615221813
244828000,244828000,1643224615321863
244828000,190774266,1643224615421789
304828000,304828000,1643224615521774
304828000,277752154,1643224615621596
364828000,1040643,1643224615721854
291862000,7554687,1643224615821705
233489000,142195807,1643224615921789
186791000,186791000,1643224616021544
186791000,186791000,1643224616121732
246791000,246791000,1643224616221772
306791000,264674655,1643224616321668
366791000,218753094,1643224616421599
293432000,293432000,1643224616521762
293432000,289903890,1643224616625535
353432000,353432000,1643224616721674
413432000,318781650,1643224616825603
473432000,202825720,1643224616925620
378745000,227031359,1643224617021834
302996000,253817128,1643224617121758
302996000,302996000,1643224617221829
302996000,302996000,1643224617321561
362996000,339129205,1643224617421742
422996000,422996000,1643224617521751
422996000,364092678,1643224617625869
482996000,359526012,1643224617721864
386396000,311511739,1643224617821745
381396000,215226565,1643224617921543
305116000,274774351,1643224618021747
305116000,203675842,1643224618121587
244092000,244092000,1643224618221783
244092000,244092000,1643224618321903
304092000,304092000,1643224618425604
364092000,364092000,1643224618525525
424092000,382497851,1643224618621744
484092000,340387870,1643224618721734
387273000,363298195,1643224618821594
387273000,387273000,1643224618921664
387273000,259325775,1643224619021588
447273000,382119553,1643224619121747
442273000,213683697,1643224619221722
353818000,217009690,1643224619321475
283054000,283054000,1643224619421779
283054000,175927002,1643224619521596
343054000,325769334,1643224619621761
343054000,113162141,1643224619725514
274443000,68051772,1643224619821814
219554000,159582124,1643224619921660
175643000,175643000,1643224620025762
175643000,175643000,1643224620121505
235643000,235643000,1643224620221701
295643000,295643000,1643224620321452
355643000,247757140,1643224620425578
415643000,247978033,1643224620521573
332514000,288230036,1643224620621746
332514000,332514000,1643224620725484
332514000,283914881,1643224620821566
392514000,392514000,1643224620921504
392514000,171926510,1643224621021581
452514000,316914017,1643224621121712
362011000,235374221,1643224621221571
289608000,289608000,1643224621321466
289608000,289608000,1643224621421797
349608000,349608000,1643224621521730
409608000,314031565,1643224621621699
469608000,215483764,1643224621721488
375686000,166486390,1643224621821764
300548000,297744582,1643224621921529
300548000,240344825,1643224622021589
240438000,98804798,1643224622121508
192350000,170192104,1643224622221446
192350000,192350000,1643224622321629
192350000,192350000,1643224622421423
252350000,252350000,1643224622521659
312350000,312350000,1643224622621826
372350000,276728737,1643224622721696
432350000,285165132,1643224622821489
345880000,274796091,1643224622925466
276704000,207769784,1643224623021535
221363000,221363000,1643224623121709
221363000,221363000,1643224623221451
281363000,281363000,1643224623321523
341363000,341363000,1643224623421514
401363000,301805570,1643224623529382
461363000,212279147,1643224623621440
369090000,269388355,1643224623721748
295272000,228911347,1643224623821694
236217000,236217000,1643224623921383
236217000,236217000,1643224624021434
296217000,296217000,1643224624125453
356217000,238575346,1643224624221347
416217000,197320197,1643224624321736
332973000,103305952,1643224624421763
266378000,266378000,1643224624521736
266378000,234306083,1643224624621454
326378000,153930621,1643224624725426
261102000,30741903,1643224624821665
208881000,208881000,1643224624921668
208881000,208881000,1643224625021678
268881000,268881000,1643224625121523
328881000,138598423,1643224625225427
388881000,219356846,1643224625321576
311104000,230919442,1643224625421729
248883000,209630616,1643224625525620
248883000,248883000,1643224625621660
248883000,248626118,1643224625721405
308883000,308883000,1643224625821492
368883000,236512850,1643224625921515
428883000,245585605,1643224626025436
343106000,240428119,1643224626121620
274484000,267155579,1643224626225433
274484000,269658347,1643224626321716
274484000,274484000,1643224626421485
274484000,274484000,1643224626521623
334484000,200206005,1643224626621363
394484000,269986749,1643224626725539
315587000,181959506,1643224626821745
252469000,240334856,1643224626921699
252469000,192217559,1643224627021400
201975000,201975000,1643224627121630
201975000,201975000,1643224627221551
261975000,261975000,1643224627321396
321975000,321975000,1643224627421419
381975000,381975000,1643224627521698
441975000,354915846,1643224627621879
501975000,205273274,1643224627725380
401580000,197605641,1643224627825385
321264000,320024332,1643224627921698
321264000,206312991,1643224628022020
257011000,257011000,1643224628121391
257011000,257011000,1643224628225434
317011000,317011000,1643224628321361
377011000,321407029,1643224628425437
437011000,279042158,1643224628521526
349608000,225268688,1643224628621597
279686000,59150442,1643224628721594
223748000,223748000,1643224628821540
223748000,223748000,1643224628921453
283748000,283748000,1643224629025524
343748000,336986985,1643224629121554
403748000,284269952,1643224629221600
322998000,222000230,1643224629325291
258398000,237167673,1643224629421557
258398000,159688008,1643224629521633
206718000,206718000,1643224629621313
206718000,206718000,1643224629721701
266718000,266718000,1643224629821691
326718000,316860098,1643224629921299
386718000,162248313,1643224630021570
309374000,233036502,1643224630121566
247499000,247499000,1643224630221358
247499000,247499000,1643224630321268
307499000,307499000,1643224630425260
367499000,367499000,1643224630521452
427499000,427499000,1643224630625374
487499000,352867908,1643224630725340
547499000,395502055,1643224630821494
437999000,317370981,1643224630925347
350399000,348872585,1643224631025383
350399000,350399000,1643224631121428
350399000,190221688,1643224631221328
410399000,140435627,1643224631321303
328319000,256844275,1643224631421281
262655000,256307152,1643224631521359
262655000,262655000,1643224631621314
262655000,257985876,1643224631725338
322655000,237976758,1643224631825318
258124000,258124000,1643224631921538
258124000,258124000,1643224632021255
318124000,318124000,1643224632121348
378124000,238687664,1643224632221491
438124000,294019849,1643224632321532
350499000,147030889,1643224632421507
280399000,99343890,1643224632521491
224319000,185525164,1643224632621334
224319000,224319000,1643224632721502
224319000,224319000,1643224632821507
284319000,168691490,1643224632921399
344319000,210397954,1643224633021204
275455000,239329548,1643224633121381
275455000,213685294,1643224633221493
220364000,159712972,1643224633325454
176291000,176291000,1643224633421301
176291000,176291000,1643224633521586
236291000,236291000,1643224633621607
296291000,296291000,1643224633725353
356291000,268504365,1643224633821652
416291000,252037821,1643224633921240
333032000,128465722,1643224634021503
266425000,137169877,1643224634121530
213140000,213140000,1643224634225303
213140000,199949091,1643224634321498
273140000,273140000,1643224634421355
273140000,248831434,1643224634521361
333140000,257467137,1643224634621517
266512000,266512000,1643224634725331
266512000,266512000,1643224634821497
326512000,326512000,1643224634921396
386512000,382947805,1643224635025461
446512000,300292480,1643224635121450
357209000,303542329,1643224635221348
352209000,265894668,1643224635321523
281767000,260069920,1643224635421400
281767000,281767000,1643224635521550
281767000,281767000,1643224635621619
341767000,331695834,1643224635725256
401767000,252838663,1643224635821207
321413000,254502351,1643224635921473
257130000,257130000,1643224636021512
257130000,257130000,1643224636121181
317130000,257120310,1643224636221444
377130000,282363118,1643224636321289
301704000,271876965,1643224636425432
301704000,155392194,1643224636525435
241363000,241363000,1643224636625249
241363000,241363000,1643224636721437
301363000,216622878,1643224636821310
361363000,56421192,1643224636921453
289090000,289090000,1643224637021508
289090000,289090000,1643224637121246
349090000,307244325,1643224637221243
409090000,274678166,1643224637321310
327272000,260225299,1643224637421463
261817000,261817000,1643224637521428
261817000,261817000,1643224637621585
321817000,321817000,1643224637721225
381817000,381817000,1643224637821582
441817000,249924221,1643224637921227
501817000,184853980,1643224638021542
401453000,391712547,1643224638121232
401453000,263679677,1643224638225232
321162000,320261683,1643224638321164
321162000,277481115,1643224638421465
321162000,215930187,1643224638521445
256929000,256929000,1643224638621476
256929000,256929000,1643224638721526
316929000,316929000,1643224638821390
376929000,275272283,1643224638921424
436929000,378796308,1643224639025232
431929000,292077731,1643224639125206
345543000,273634915,1643224639221513
276434000,276434000,1643224639325418
276434000,236187318,1643224639421455
336434000,336434000,1643224639529205
336434000,261328330,1643224639621187
396434000,311457925,1643224639721331
317147000,317147000,1643224639821528
317147000,317147000,1643224639921334
377147000,372802571,1643224640021446
437147000,346986436,1643224640121093
349717000,349717000,1643224640221470
349717000,349717000,1643224640321259
409717000,390780012,1643224640425192
469717000,331964229,1643224640521463
375773000,309618861,1643224640621338
370773000,370773000,1643224640721241
370773000,200536743,1643224640821433
430773000,268757740,1643224640921237
344618000,290701968,1643224641025273
339618000,238297911,1643224641121362
271694000,269661610,1643224641221167
271694000,271694000,1643224641321168
331694000,284657180,1643224641421493
331694000,331694000,1643224641521319
331694000,331694000,1643224641621265
391694000,340850637,1643224641721537
451694000,249500707,1643224641821437
361355000,159164002,1643224641921326
289084000,289084000,1643224642021166
289084000,161930746,1643224642121264
231267000,213256834,1643224642225215
231267000,231267000,1643224642321318
231267000,231267000,1643224642425108
291267000,261453764,1643224642521486
351267000,351267000,1643224642621399
351267000,338885969,1643224642721429
411267000,230376949,1643224642821107
329013000,329013000,1643224642921093
329013000,199417884,1643224643021172
389013000,159480737,1643224643125173
311210000,191158878,1643224643221078
248968000,188479024,1643224643325320
199174000,199174000,1643224643425397
199174000,199174000,1643224643521312
259174000,259174000,1643224643621411
319174000,319174000,1643224643721057
379174000,338124568,1643224643821243
439174000,226929962,1643224643921092
351339000,308643708,1643224644021260
351339000,256672500,1643224644121359
281071000,281071000,1643224644221381
281071000,281071000,1643224644321591
341071000,221437789,1643224644421397
401071000,401071000,1643224644521259
401071000,323189135,1643224644621324
461071000,182872826,1643224644721232
368856000,286196199,1643224644821128
295084000,158297498,1643224644921339
236067000,236067000,1643224645021400
236067000,183791246,1643224645121285
296067000,100114656,1643224645221334
236853000,236853000,1643224645325316
236853000,227827219,1643224645429104
296853000,56074476,1643224645521293
237482000,237482000,1643224645625096
237482000,162043733,1643224645725351
297482000,297482000,1643224645824994
297482000,252697250,1643224645921026
357482000,350219040,1643224646025082
357482000,234043737,1643224646121150
285985000,285985000,1643224646221323
285985000,285985000,1643224646325086
345985000,308393280,1643224646425137
405985000,147508808,1643224646521092
324788000,194176203,1643224646621310
259830000,259830000,1643224646721419
259830000,259830000,1643224646821337
319830000,290553342,1643224646921352
379830000,221154487,1643224647021274
303864000,303864000,1643224647121001
303864000,294559513,1643224647221326
363864000,244908922,1643224647325085
291091000,291091000,1643224647421344
291091000,291091000,1643224647521283
351091000,351091000,1643224647621221
411091000,381192201,1643224647725036
471091000,309100762,1643224647821199
376872000,232535431,1643224647921297
301497000,168285826,1643224648021051
241197000,237632609,1643224648125058
241197000,241197000,1643224648221347
241197000,241197000,1643224648321085
301197000,182086677,1643224648421316
361197000,169516589,1643224648521079
288957000,215274158,1643224648621273
231165000,231165000,1643224648721258
231165000,231165000,1643224648821355
291165000,291165000,1643224648921163
351165000,271236681,1643224649021263
411165000,263130429,1643224649121422
328932000,275232768,1643224649221337
323932000,147923106,1643224649329055
259145000,259145000,1643224649421239
259145000,259145000,1643224649521035
319145000,319145000,1643224649621102
379145000,305730127,1643224649721127
439145000,366467005,1643224649821379
434145000,309180336,1643224649921392
347316000,347316000,1643224650021205
347316000,347316000,1643224650124969
407316000,240255725,1643224650220981
467316000,143208583,1643224650321297
373852000,296397361,1643224650421012
299081000,221658303,1643224650521363
239264000,213880581,1643224650629015
239264000,126047710,1643224650721335
191411000,191411000,1643224650821194
191411000,191411000,1643224650921206
251411000,251411000,1643224651021295
311411000,225905704,1643224651121185
371411000,212143062,1643224651221207
297128000,297128000,1643224651321000
297128000,297128000,1643224651420940
357128000,357128000,1643224651521058
417128000,272054363,1643224651621098
477128000,320740230,1643224651721167
381702000,219323212,1643224651821008
305361000,305361000,1643224651921238
305361000,278191731,1643224652021151
365361000,253637883,1643224652121023
292288000,292288000,1643224652221373
292288000,292288000,1643224652321199
352288000,331618948,1643224652421044
412288000,230911518,1643224652524915
329830000,228514944,1643224652621311
263864000,177779971,1643224652724986
211091000,211091000,1643224652821269
211091000,211091000,1643224652920988
271091000,116478976,1643224653021310
331091000,212098299,1643224653120925
264872000,127131871,1643224653221303
211897000,193137701,1643224653321128
211897000,170292202,1643224653421036
206897000,160596952,1643224653521049
165517000,165517000,1643224653624967
165517000,165517000,1643224653721179
225517000,225517000,1643224653821134
285517000,280353074,1643224653925279
345517000,220814507,1643224654024961
276413000,207755706,1643224654124927
221130000,90412235,1643224654221360
176904000,127550301,1643224654320903
141523000,101631751,1643224654420920
113218000,113218000,1643224654520903
113218000,5781410,1643224654621202
173218000,1047994,1643224654721017
138574000,134710270,1643224654821161
138574000,138574000,1643224654920915
198574000,198574000,1643224655021240
258574000,258574000,1643224655121161
318574000,160506311,1643224655225376
378574000,145086642,1643224655321136
302859000,99463775,1643224655421226
242287000,242287000,1643224655521166
242287000,242287000,1643224655620941
302287000,302287000,1643224655720908
362287000,362287000,1643224655821236
422287000,325742477,1643224655921174
482287000,331382334,1643224656021258
385829000,296717741,1643224656121185
308663000,290116401,1643224656221209
308663000,288313277,1643224656321187
308663000,225320089,1643224656421206
246930000,246930000,1643224656521273
246930000,246930000,1643224656621151
306930000,306930000,1643224656721089
366930000,366930000,1643224656821131
426930000,295288818,1643224656920911
486930000,259448716,1643224657029179
389544000,229508189,1643224657124908
311635000,311635000,1643224657221209
311635000,311635000,1643224657320951
371635000,259937925,1643224657420895
431635000,314677298,1643224657520912
345308000,317616059,1643224657620895
345308000,158959361,1643224657720902
276246000,125812984,1643224657821117
220996000,220996000,1643224657920955
220996000,220996000,1643224658020938
280996000,280996000,1643224658120951
340996000,340996000,1643224658221102
400996000,383665455,1643224658324918
460996000,265510393,1643224658420887
368796000,113786847,1643224658524888
295036000,295036000,1643224658621046
295036000,167581489,1643224658720831
355036000,321133124,1643224658820837
355036000,189147091,1643224658921241
284028000,131898416,1643224659021089
227222000,227222000,1643224659121205
227222000,227222000,1643224659221092
287222000,261072874,1643224659321147
347222000,226414530,1643224659424899
277777000,169512285,1643224659521152
222221000,222221000,1643224659620954
222221000,222221000,1643224659724923
282221000,282221000,1643224659820864
342221000,260497645,1643224659924885
402221000,322297350,1643224660021042
397221000,370870657,1643224660121163
397221000,380718907,1643224660221209
397221000,394173672,1643224660321158
397221000,391938962,1643224660424849
457221000,242786635,1643224660521060
365776000,253464422,1643224660621083
292620000,216891942,1643224660721019
234096000,230205627,1643224660821043
234096000,196121577,1643224660921272
234096000,186969037,1643224661021082
187276000,187276000,1643224661124802
187276000,187276000,1643224661221158
247276000,247276000,1643224661324799
307276000,268140043,1643224661420990
367276000,367276000,1643224661520842
367276000,256362793,1643224661624826
427276000,190299229,1643224661725024
341820000,213895718,1643224661821298
273456000,203016411,1643224661920916
218764000,201996240,1643224662020765
218764000,218764000,1643224662120767
218764000,218764000,1643224662221116
278764000,278764000,1643224662321060
338764000,338764000,1643224662421060
398764000,398764000,1643224662521120
458764000,263504342,1643224662620987
518764000,159725935,1643224662721155
415011000,381325477,1643224662824845
415011000,243291554,1643224662928808
332008000,291932874,1643224663020827
332008000,312804073,1643224663121145
327008000,320905663,1643224663221132
327008000,327008000,1643224663320817
327008000,327008000,1643224663421026
387008000,342284122,1643224663520896
447008000,175461806,1643224663620783
357606000,302402782,1643224663720725
352606000,291158567,1643224663820745
347606000,182490985,1643224663920996
278084000,198704053,1643224664020714
222467000,222467000,1643224664121050
222467000,222467000,1643224664220753
282467000,280078444,1643224664320850
342467000,152959056,1643224664420745
273973000,198052307,1643224664524799
219178000,211924932,1643224664620706
219178000,219178000,1643224664720789
219178000,219178000,1643224664821071
279178000,279178000,1643224664925031
339178000,339178000,1643224665020795
399178000,355485800,1643224665120855
459178000,280392820,1643224665220726
367342000,367342000,1643224665324963
367342000,309248533,1643224665424736
427342000,159866677,1643224665521005
341873000,121345886,1643224665620976
273498000,273498000,1643224665720993
273498000,273498000,1643224665820969
333498000,333498000,1643224665920715
393498000,390946699,1643224666020704
453498000,180030475,1643224666120731
362798000,362798000,1643224666221138
362798000,272025145,1643224666321155
422798000,422798000,1643224666420753
422798000,240759030,1643224666524746
482798000,99121225,1643224666624736
386238000,98028322,1643224666724761
308990000,308990000,1643224666820968
308990000,187372857,1643224666921095
368990000,221712199,1643224667024965
295192000,265252934,1643224667121020
295192000,295192000,1643224667221050
295192000,182386523,1643224667321075
355192000,233002742,1643224667420768
284153000,208533733,1643224667520951
227322000,227322000,1643224667620918
227322000,227322000,1643224667720954
287322000,136256304,1643224667821074
347322000,136162102,1643224667921105
277857000,151821373,1643224668024719
222285000,222285000,1643224668121068
222285000,222285000,1643224668221112
282285000,181863885,1643224668321008
342285000,51920196,1643224668420977
273828000,176972389,1643224668520954
219062000,219062000,1643224668620913
219062000,219062000,1643224668724698
279062000,243160004,1643224668820732
339062000,339062000,1643224668920754
339062000,275599711,1643224669024706
399062000,82423776,1643224669120747
319249000,79662035,1643224669224770
255399000,255399000,1643224669320793
255399000,255399000,1643224669420851
315399000,201141644,1643224669520938
375399000,260336806,1643224669620871
300319000,300319000,1643224669720878
300319000,216580765,1643224669820797
360319000,329376343,1643224669924714
360319000,199122466,1643224670025036
288255000,145999168,1643224670121028
230604000,230604000,1643224670224917
230604000,230604000,1643224670320702
290604000,277234195,1643224670420752
350604000,144797890,1643224670520890
280483000,280483000,1643224670620937
280483000,280483000,1643224670724686
340483000,167194341,1643224670820925
400483000,262063193,1643224670920850
320386000,308595668,1643224671020797
320386000,276011821,1643224671120689
315386000,296076207,1643224671220917
315386000,240043463,1643224671320838
252308000,252308000,1643224671420957
252308000,252308000,1643224671524875
312308000,312308000,1643224671624627
372308000,170786194,1643224671720591
432308000,352269973,1643224671820888
427308000,265698502,1643224671920639
341846000,309731804,1643224672020852
341846000,320415305,1643224672120641
336846000,148429852,1643224672220955
269476000,163140659,1643224672320602
215580000,215580000,1643224672420685
215580000,215580000,1643224672520810
275580000,275580000,1643224672620625
335580000,335580000,1643224672720674
395580000,287322526,1643224672820881
455580000,425006208,1643224672920610
455580000,227799911,1643224673020806
364464000,280226598,1643224673120620
291571000,291571000,1643224673221001
291571000,291571000,1643224673320665
351571000,351571000,1643224673420574
411571000,158930927,1643224673520618
471571000,228434788,1643224673620877
377256000,377256000,1643224673720825
377256000,201815403,1643224673820635
437256000,341574273,1643224673920724
349804000,348874520,1643224674024743
349804000,279524003,1643224674120847
279843000,279843000,1643224674224743
279843000,276069575,1643224674320631
339843000,339843000,1643224674420897
339843000,189804152,1643224674520896
399843000,263963001,1643224674620878
319874000,289508052,1643224674724798
319874000,319874000,1643224674820593
319874000,319874000,1643224674924607
379874000,94453052,1643224675020962
439874000,394951760,1643224675120817
439874000,197151212,1643224675220688
351899000,351899000,1643224675320855
351899000,286610666,1643224675420952
411899000,390294372,1643224675520869
411899000,262897128,1643224675620574
329519000,254595982,1643224675724590
263615000,263615000,1643224675824572
263615000,263615000,1643224675924800
323615000,323615000,1643224676024598
383615000,323069516,1643224676120688
443615000,306722212,1643224676220600
354892000,354892000,1643224676320580
354892000,303264215,1643224676420814
414892000,251059079,1643224676520670
331913000,232566766,1643224676620995
265530000,110126417,1643224676720580
212424000,137752196,1643224676820804
169939000,169939000,1643224676920576
169939000,169939000,1643224677020600
229939000,229939000,1643224677124596
289939000,170083590,1643224677224586
349939000,192919668,1643224677320764
279951000,231179296,1643224677420775
279951000,222059310,1643224677520792
223960000,223960000,1643224677620627
223960000,223960000,1643224677720832
283960000,278686981,1643224677820671
343960000,343960000,1643224677920737
343960000,206071442,1643224678020777
403960000,328384363,1643224678120555
398960000,356037617,1643224678220786
398960000,364125694,1643224678320832
393960000,300843725,1643224678420777
315168000,276866610,1643224678524691
315168000,157729234,1643224678620927
252134000,252134000,1643224678720808
252134000,252134000,1643224678820496
312134000,312134000,1643224678920817
372134000,361815638,1643224679020728
432134000,144660648,1643224679120795
345707000,345707000,1643224679220750
345707000,304620327,1643224679320550
405707000,205704585,1643224679420741
324565000,195779782,1643224679520786
259652000,150786968,1643224679620611
207721000,207721000,1643224679720670
207721000,207721000,1643224679820626
267721000,250752365,1643224679920567
327721000,247034959,1643224680020917
262176000,111539819,1643224680120745
209740000,209740000,1643224680220746
209740000,209740000,1643224680320525
209740000,209740000,1643224680420896
269740000,269740000,1643224680520757
329740000,260847868,1643224680620863
389740000,372221046,1643224680720776
389740000,205332487,1643224680820753
311792000,148386457,1643224680924701
249433000,249433000,1643224681020716
249433000,249433000,1643224681120778
309433000,309433000,1643224681220976
369433000,256483936,1643224681324699
429433000,229769903,1643224681420739
343546000,201311495,1643224681524690
274836000,274836000,1643224681620520
274836000,274836000,1643224681720802
334836000,80171706,1643224681820756
394836000,52280304,1643224681920788
315868000,238305451,1643224682024520
252694000,252694000,1643224682120673
252694000,252694000,1643224682220625
312694000,230931187,1643224682320791
372694000,111436821,1643224682420716
298155000,86905393,1643224682520698
238524000,40205730,1643224682620490
190819000,50989755,1643224682720820
152655000,152655000,1643224682820706
152655000,152655000,1643224682920774
212655000,212655000,1643224683020719
272655000,265556407,1643224683120727
332655000,160142505,1643224683220507
266124000,266124000,1643224683320805
266124000,247766591,1643224683420771
326124000,262021477,1643224683520654
321124000,284472885,1643224683620645
321124000,199281750,1643224683720721
256899000,256899000,1643224683820826
256899000,256899000,1643224683924493
316899000,316899000,1643224684020398
376899000,241422055,1643224684120481
436899000,88749989,1643224684220454
349519000,53996033,1643224684320647
279615000,125052360,1643224684420706
223692000,223692000,1643224684520482
223692000,223692000,1643224684624380
283692000,190353059,1643224684720489
343692000,98037805,1643224684820669
274953000,221590281,1643224684920680
269953000,157790841,1643224685024355
215962000,145787970,1643224685124393
172769000,70741753,1643224685220577
138215000,56579547,1643224685320468
110572000,44965697,1643224685420727
88457000,88457000,1643224685520657
88457000,88457000,1643224685620456
148457000,148457000,1643224685720510
208457000,187454939,1643224685820560
268457000,187098182,1643224685920675
214765000,210348383,1643224686024430
214765000,214765000,1643224686120451
214765000,191575748,1643224686220586
274765000,170274925,1643224686320661
219812000,219812000,1643224686420516
219812000,219812000,1643224686524687
279812000,147641524,1643224686620460
339812000,165125188,1643224686720714
271849000,271849000,1643224686820701
271849000,236917032,1643224686924397
331849000,50764048,1643224687020420
265479000,159321363,1643224687120624
212383000,212383000,1643224687220657
212383000,212383000,1643224687320445
272383000,272383000,1643224687420455
332383000,332383000,1643224687520529
392383000,344580900,1643224687620348
452383000,291414344,1643224687720476
361906000,190263054,1643224687820347
289524000,170278772,1643224687920859
231619000,231619000,1643224688020603
231619000,231619000,1643224688120791
291619000,205530863,1643224688220485
351619000,322255525,1643224688320753
351619000,337804917,1643224688420656
351619000,283326698,1643224688520354
346619000,266613282,1643224688620667
277295000,277295000,1643224688720574
277295000,202829550,1643224688820680
337295000,17602742,1643224688920470
269836000,2139254,1643224689020635
215868000,4462335,1643224689120453
172694000,8597509,1643224689220660
138155000,2134354,1643224689320376
110524000,6559863,1643224689420380
88419000,4264083,1643224689520604
70735000,2131191,1643224689620696
56588000,3395639,1643224689720442
45270000,1049623,1643224689820516
36216000,36216000,1643224689920434
36216000,8461303,1643224690020418
30000000,4323847,1643224690124423
30000000,9490811,1643224690220599
30000000,2143868,1643224690320603
30000000,6496630,1643224690420335
30000000,9587773,1643224690520432
30000000,2126055,1643224690620430
30000000,3210212,1643224690720426
30000000,2792353,1643224690820500
30000000,4347456,1643224690924419
30000000,5309396,1643224691024411
30000000,4425825,1643224691124367
30000000,9704482,1643224691220415
30000000,2120222,1643224691320481
30000000,23622697,1643224691424415
30000000,9570704,1643224691520410
30000000,3203987,1643224691620628
30000000,3200416,1643224691720309
30000000,2195857,1643224691820556
30000000,4295246,1643224691920479
30000000,5302127,1643224692020585
30000000,4356292,1643224692120400
30000000,9692337,1643224692220396
30000000,18915145,1643224692320604
30000000,30000000,1643224692424391
30000000,30000000,1643224692524335
90000000,80288121,1643224692624394
150000000,3164270,1643224692720594
120000000,1702982,1643224692820579
96000000,1050960,1643224692920602
76800000,2102505,1643224693020617
61440000,4341983,1643224693120439
49152000,7406146,1643224693220454
39321000,2109475,1643224693320396
31456000,4286825,1643224693420332
30000000,1042918,1643224693520448
30000000,4256623,1643224693620479
30000000,3195156,1643224693720317
30000000,2641389,1643224693820309
30000000,27169370,1643224693920277
30000000,5348051,1643224694020443
30000000,5460235,1643224694120442
30000000,10771415,1643224694220489
30000000,2133681,1643224694320374
30000000,4326553,1643224694420325
30000000,8599081,1643224694520369
30000000,4240657,1643224694620351
30000000,3254900,1643224694720448
30000000,1052426,1643224694820391
30000000,30000000,1643224694920465
30000000,30000000,1643224695020475
90000000,8628639,1643224695120391
150000000,7467225,1643224695220382
120000000,2127102,1643224695320376
96000000,4282496,1643224695420380
76800000,2148156,1643224695520365
61440000,2095450,1643224695620348
49152000,3166391,1643224695720360
39321000,1036997,1643224695820362
31456000,3671319,1643224695920410
30000000,2121261,1643224696020337
30000000,4303299,1643224696120385
30000000,10889500,1643224696220335
30000000,2141854,1643224696320337
30000000,30000000,1643224696420409
30000000,30000000,1643224696520262
90000000,90000000,1643224696620544
150000000,27859787,1643224696720299
210000000,2213430,1643224696820498
168000000,1029225,1643224696920299
134400000,1040787,1643224697020528
107520000,9794335,1643224697120323
86016000,7596618,1643224697220245
68812000,2129292,1643224697320333
55049000,55049000,1643224697420426
55049000,55049000,1643224697520345
115049000,54370547,1643224697620384
175049000,3146985,1643224697720465
140039000,2114475,1643224697820465
112031000,1043417,1643224697920520
89624000,2126784,1643224698020520
71699000,8615603,1643224698120254
57359000,9651772,1643224698220335
45887000,2119810,1643224698320257
36709000,4271658,1643224698420369
30000000,1028541,1643224698520335
30000000,11441331,1643224698620391
30000000,3149821,1643224698720316
30000000,1041704,1643224698820311
30000000,18117135,1643224698920299
30000000,1029265,1643224699020443
30000000,9762260,1643224699120530
30000000,10748808,1643224699220289
30000000,2132616,1643224699320443
30000000,4306867,1643224699420362
30000000,1036299,1643224699520432
30000000,12483183,1643224699624353
30000000,3170041,1643224699720466
30000000,1028224,1643224699820402
30000000,30000000,1643224699924353
30000000,30000000,1643224700024242
90000000,90000000,1643224700124231
150000000,105554238,1643224700220260
210000000,99112875,1643224700320428
168000000,36522670,1643224700424263
134400000,1037747,1643224700524188
107520000,12099347,1643224700620201
86016000,3183270,1643224700720272
68812000,1040819,1643224700824222
55049000,3290533,1643224700920289
44039000,1032716,1643224701020226
35231000,8595738,1643224701120233
30000000,9637625,1643224701220307
30000000,2123250,1643224701320260
30000000,21840533,1643224701424255
30000000,2531660,1643224701524312
30000000,11161679,1643224701620491
30000000,3180144,1643224701724434
30000000,1037534,1643224701824256
30000000,1045642,1643224701924211
30000000,1033807,1643224702020440
30000000,8653085,1643224702124154
30000000,11828914,1643224702224237
30000000,6355622,1643224702324190
30000000,30000000,1643224702424179
30000000,30000000,1643224702520414
90000000,25504055,1643224702620234
150000000,4259558,1643224702720219
120000000,1035169,1643224702820382
96000000,1044493,1643224702920417
76800000,1044645,1643224703020394
61440000,8632347,1643224703120389
49152000,8622999,1643224703220181
39321000,2117966,1643224703320582
31456000,4291870,1643224703420422
30000000,1046365,1643224703524217
30000000,11742768,1643224703620141
30000000,4883726,1643224703720216
30000000,1027736,1643224703820219
30000000,20671074,1643224703920285
30000000,1047833,1643224704024213
30000000,8597671,1643224704124198
30000000,10746881,1643224704224204
30000000,2121924,1643224704320272
30000000,4290417,1643224704420318
30000000,1050179,1643224704524214
30000000,10740201,1643224704620197
30000000,3161149,1643224704720208
30000000,1035543,1643224704820267
30000000,30000000,1643224704920290
30000000,30000000,1643224705020220
90000000,74890108,1643224705120157
150000000,7553490,1643224705220079
120000000,2172728,1643224705320391
96000000,5340891,1643224705420440
76800000,1049866,1643224705520353
61440000,10727120,1643224705624229
49152000,3137593,1643224705720214
39321000,1027751,1643224705820238
31456000,3901931,1643224705924271
30000000,1039244,1643224706024243
30000000,8498516,1643224706120240
30000000,8632376,1643224706220246
30000000,2123311,1643224706320174
30000000,17141418,1643224706420293
30000000,1046545,1643224706520060
30000000,10755297,1643224706620432
30000000,3186664,1643224706720156
30000000,2205999,1643224706820642
30000000,2652658,1643224706920308
30000000,1046383,1643224707020193
30000000,7505824,1643224707120231
30000000,8532721,1643224707224082
30000000,2124426,1643224707320140
30000000,30000000,1643224707420237
30000000,30000000,1643224707520137
90000000,90000000,1643224707620091
150000000,45826897,1643224707720080
210000000,1082857,1643224707820296
168000000,1027598,1643224707920375
134400000,1042150,1643224708020393
107520000,8555092,1643224708120069
86016000,8641456,1643224708220198
68812000,2133489,1643224708320018
55049000,3264543,1643224708420151
44039000,1051340,1643224708520147
35231000,17165223,1643224708620217
30000000,23145820,1643224708720187
30000000,21016708,1643224708820072
90000000,25255729,1643224708920129
72000000,1047480,1643224709020241
57600000,8666010,1643224709120176
46080000,7434997,1643224709220162
36864000,2131077,1643224709320189
30000000,3226674,1643224709420072
30000000,1034789,1643224709520242
30000000,11318864,1643224709620183
30000000,3152258,1643224709720228
30000000,1048805,1643224709820105
30000000,30000000,1643224709920193
30000000,30000000,1643224710020178
90000000,39767980,1643224710120220
150000000,7445461,1643224710220215
120000000,2120687,1643224710320051
96000000,3228707,1643224710420101
76800000,1033418,1643224710520064
61440000,12480230,1643224710620088
49152000,4217024,1643224710720101
39321000,1042476,1643224710820159
31456000,2154601,1643224710920207
30000000,3170778,1643224711020159
30000000,9603937,1643224711120127
30000000,8587751,1643224711220044
30000000,2111119,1643224711320175
30000000,17193198,1643224711420200
30000000,1031362,1643224711520167
30000000,12367321,1643224711620112
30000000,3175508,1643224711720260
30000000,2237063,1643224711820242
30000000,1047746,1643224711920265
30000000,1041004,1643224712020277
30000000,9623941,1643224712120043
30000000,10770192,1643224712220065
30000000,6095781,1643224712320116
30000000,30000000,1643224712420151
30000000,30000000,1643224712524023
90000000,36889742,1643224712624261
150000000,3172475,1643224712724278
120000000,1028266,1643224712824212
96000000,1047001,1643224712923983
76800000,1045175,1643224713020229
61440000,9780919,1643224713120180
49152000,7464103,1643224713220024
39321000,2098055,1643224713320240
31456000,3297211,1643224713420236
30000000,1046786,1643224713520057
30000000,12347670,1643224713620115
30000000,3182601,1643224713720113
30000000,2084723,1643224713820124
30000000,20730895,1643224713920024
30000000,2083199,1643224714020074
30000000,8582433,1643224714120112
30000000,8634845,1643224714220122
30000000,2110252,1643224714319979
30000000,3253740,1643224714419971
30000000,1045462,1643224714520152
30000000,10803033,1643224714619961
30000000,3210314,1643224714720061
30000000,1045390,1643224714819987
30000000,30000000,1643224714920162
30000000,21937889,1643224715020021
90000000,8408178,1643224715119939
72000000,8598849,1643224715220090
57600000,2121033,1643224715319946
46080000,3236410,1643224715419960
36864000,1045249,1643224715520034
30000000,10597073,1643224715620090
30000000,3144478,1643224715719991
30000000,1042132,1643224715819972
30000000,4808076,1643224715920016
30000000,1044941,1643224716024011
30000000,8467400,1643224716123969
30000000,8586314,1643224716220033
30000000,3175781,1643224716320038
30000000,17333671,1643224716419976
30000000,2131782,1643224716519994
30000000,9585624,1643224716619969
30000000,3136188,1643224716719988
30000000,2255394,1643224716820105
30000000,2053949,1643224716919988
30000000,1036957,1643224717020075
30000000,8557566,1643224717119949
30000000,8506180,1643224717219903
30000000,2150677,1643224717320070
30000000,30000000,1643224717419874
30000000,30000000,1643224717519904
90000000,90000000,1643224717623979
150000000,47051529,1643224717720189
210000000,1038637,1643224717823989
168000000,3132561,1643224717923878
134400000,1046574,1643224718019936
107520000,9602417,1643224718119943
86016000,7531337,1643224718219936
68812000,2091121,1643224718319937
55049000,3218578,1643224718419929
44039000,1046190,1643224718519943
35231000,12264486,1643224718619973
30000000,3129851,1643224718719898
30000000,1040532,1643224718819921
30000000,15155742,1643224718919961
30000000,1043465,1643224719020238
30000000,8447382,1643224719120028
30000000,9674888,1643224719219997
30000000,2098496,1643224719319920
30000000,2120250,1643224719420211
30000000,1034066,1643224719520104
30000000,13304369,1643224719620024
30000000,3126379,1643224719720009
30000000,1043598,1643224719819902
30000000,30000000,1643224719923869
30000000,19517225,1643224720024048
90000000,9617589,1643224720124175
72000000,7461156,1643224720223856
57600000,3228021,1643224720320125
46080000,3207142,1643224720420149
36864000,1035895,1643224720519901
30000000,14377056,1643224720619948
30000000,3130117,1643224720719896
30000000,1046195,1643224720820110
30000000,6508355,1643224720920102
30000000,1033097,1643224721020013
30000000,10740142,1643224721119838
30000000,10673665,1643224721219975
30000000,2143788,1643224721319917
30000000,30000000,1643224721419899
30000000,30000000,1643224721519866
90000000,51877198,1643224721619921
150000000,3140132,1643224721720080
120000000,2245606,1643224721820083
96000000,1040565,1643224721919843
76800000,1048806,1643224722019976
61440000,10708168,1643224722119869
49152000,10756548,1643224722219826
