30000000,3154090,1621444984483129
30000000,4755549,1621444984586367
30000000,6331775,1621444984882582
30000000,3155198,1621444985488449
30000000,15084075,1621444985583160
30000000,1024319,1621444985683279
30000000,20734162,1621444986083819
30000000,21131051,1621444986185309
30000000,26026668,1621444986286676
30000000,29878184,1621444986387907
42000000,18530541,1621444986483191
33600000,3118396,1621444986587633
30000000,30000000,1621444986689750
30000000,3287897,1621444986785393
42000000,42000000,1621444986884154
42000000,42000000,1621444986984818
54000000,54000000,1621444987083575
66000000,36746620,1621444987184234
78000000,29436654,1621444987285277
62400000,62400000,1621444987386670
62400000,46093995,1621444987484737
74400000,58808145,1621444987584433
59520000,20691967,1621444987683901
47616000,38045697,1621444987783248
38092000,38092000,1621444987885738
38092000,38092000,1621444987987530
50092000,44906137,1621444988086477
62092000,47246555,1621444988184638
49673000,49673000,1621444988287290
49673000,49673000,1621444988386362
61673000,60460470,1621444988483387
73673000,73673000,1621444988585274
73673000,64732957,1621444988683701
85673000,69406047,1621444988786881
85673000,66700110,1621444988886275
68538000,31446856,1621444988987274
54830000,36363983,1621444989090398
43864000,43864000,1621444989183830
43864000,43864000,1621444989283646
55864000,48290589,1621444989384752
67864000,35067344,1621444989485051
54291000,54291000,1621444989584130
54291000,54291000,1621444989695667
66291000,14501304,1621444989786456
78291000,78291000,1621444989883710
78291000,78291000,1621444989982470
90291000,90291000,1621444990083749
102291000,102291000,1621444990184479
114291000,114291000,1621444990283273
126291000,92498893,1621444990387136
138291000,35616502,1621444990484004
110632000,65779242,1621444990585617
88505000,19021291,1621444990683274
70804000,47443145,1621444990782573
56643000,44458455,1621444990882402
45314000,45314000,1621444990983319
45314000,20977446,1621444991083405
57314000,53688254,1621444991186538
57314000,57314000,1621444991284312
57314000,30543578,1621444991382838
69314000,3086118,1621444991484612
55451000,38340100,1621444991585236
44360000,44360000,1621444991683467
44360000,44360000,1621444991783355
56360000,27856166,1621444991883919
68360000,60785070,1621444991984211
68360000,66270692,1621444992082473
68360000,8366660,1621444992182603
80360000,77468039,1621444992286300
80360000,57902621,1621444992482489
64288000,26511134,1621444992587184
51430000,32256479,1621444992682543
41144000,41144000,1621444992783139
41144000,36315499,1621444992886378
53144000,53144000,1621444992982508
53144000,31600301,1621444993082329
65144000,7057078,1621444993182342
52115000,45330815,1621444993284043
52115000,52115000,1621444993384289
52115000,52115000,1621444993486337
64115000,35659353,1621444993584621
76115000,28087946,1621444993683368
60892000,60653528,1621444993783282
60892000,44650084,1621444993886906
48713000,28474525,1621444993986401
38970000,28041026,1621444994084709
31176000,31176000,1621444994183537
31176000,31176000,1621444994286283
43176000,43176000,1621444994383468
55176000,44133633,1621444994486405
67176000,10793192,1621444994583771
53740000,53740000,1621444994682680
53740000,53740000,1621444994783732
65740000,28337095,1621444994882291
77740000,38189081,1621444994983195
62192000,62192000,1621444995082335
62192000,62192000,1621444995183921
74192000,22506566,1621444995286997
86192000,70998976,1621444995482410
86192000,64127803,1621444995583380
68953000,15924205,1621444995682566
55162000,45152016,1621444995882906
55162000,55162000,1621444995983329
55162000,48395719,1621444996083361
67162000,61776324,1621444996183448
67162000,32159668,1621444996286359
53729000,52900350,1621444996382516
53729000,53729000,1621444996483315
53729000,53729000,1621444996582387
65729000,65729000,1621444996682629
77729000,77729000,1621444996782719
89729000,89729000,1621444996887434
101729000,101729000,1621444996983365
113729000,113729000,1621444997082391
125729000,125729000,1621444997184713
137729000,123156308,1621444997282420
149729000,6808885,1621444997383318
119783000,76516624,1621444997483267
95826000,57756962,1621444997584383
76660000,31340201,1621444997684088
61328000,58956541,1621444997882624
61328000,37095996,1621444997983808
49062000,49062000,1621444998084090
49062000,49062000,1621444998184343
61062000,61062000,1621444998283150
73062000,23537212,1621444998382351
85062000,44845754,1621444998483442
68049000,35885634,1621444998589007
54439000,42965101,1621444998682296
43551000,42841783,1621444998782824
43551000,43551000,1621444998882546
55551000,55551000,1621444998982468
67551000,18098323,1621444999082462
54040000,54040000,1621444999184490
54040000,47176810,1621444999282322
54040000,14576267,1621444999386307
43232000,34342412,1621444999484165
34585000,34585000,1621444999583120
34585000,34585000,1621444999683254
46585000,46585000,1621444999783938
58585000,48224179,1621444999882722
70585000,70585000,1621444999984774
70585000,24227973,1621445000082454
82585000,11960737,1621445000183511
66068000,23662683,1621445000282547
52854000,52854000,1621445000384310
52854000,52854000,1621445000482374
52854000,49135418,1621445000586346
64854000,28112738,1621445000682592
51883000,28762299,1621445000783307
41506000,41506000,1621445000882369
41506000,41506000,1621445000983572
53506000,53506000,1621445001082491
65506000,0,1621445001182313
77506000,73381927,1621445001282450
77506000,45707012,1621445001382460
62004000,30893859,1621445001483272
49603000,35183564,1621445001583659
39682000,39682000,1621445001687147
39682000,39682000,1621445001782344
51682000,44995900,1621445001886276
63682000,25243878,1621445001983850
50945000,50945000,1621445002082367
50945000,50945000,1621445002181872
62945000,39648241,1621445002282814
74945000,37048720,1621445002383405
59956000,3093626,1621445002482349
47964000,47964000,1621445002582384
47964000,47964000,1621445002682398
59964000,40253157,1621445002786250
71964000,56893533,1621445002882995
57571000,56315058,1621445002982274
57571000,57571000,1621445003084431
69571000,46543164,1621445003183636
81571000,21241734,1621445003282480
65256000,65256000,1621445003382446
65256000,29767482,1621445003482324
77256000,23186534,1621445003584948
61804000,30859749,1621445003683124
49443000,49443000,1621445003782479
49443000,49236630,1621445003882384
61443000,54832424,1621445003983228
73443000,30723530,1621445004083044
58754000,26045040,1621445004183583
47003000,47003000,1621445004282304
47003000,47003000,1621445004386498
59003000,24834733,1621445004487156
71003000,57564435,1621445004583249
71003000,71003000,1621445004682776
71003000,67829369,1621445004783566
83003000,83003000,1621445004887259
83003000,83003000,1621445004983607
95003000,95003000,1621445005082391
107003000,107003000,1621445005182308
119003000,119003000,1621445005282360
131003000,131003000,1621445005382375
143003000,143003000,1621445005483578
155003000,155003000,1621445005582316
167003000,66115490,1621445005683156
179003000,31742216,1621445005782381
143202000,27900255,1621445005882457
114561000,68240202,1621445005982351
91648000,23139037,1621445006082288
73318000,13925253,1621445006182320
58654000,44772142,1621445006282306
46923000,46923000,1621445006383479
46923000,46923000,1621445006490497
58923000,58918910,1621445006582408
70923000,0,1621445006682494
82923000,56301205,1621445006782492
66338000,35093562,1621445006883016
53070000,41890670,1621445006983039
42456000,17807160,1621445007082324
33964000,33964000,1621445007182357
33964000,33964000,1621445007283100
45964000,38619111,1621445007382348
57964000,41525517,1621445007484413
46371000,46371000,1621445007583206
46371000,28821806,1621445007685363
37096000,19033453,1621445007783417
30000000,30000000,1621445007882338
30000000,30000000,1621445007982334
42000000,42000000,1621445008085478
54000000,54000000,1621445008183121
66000000,66000000,1621445008283288
78000000,7262610,1621445008383042
90000000,43717159,1621445008482399
72000000,25580662,1621445008584764
57600000,33323701,1621445008684037
46080000,46080000,1621445008782851
46080000,46080000,1621445008882321
58080000,53790293,1621445008982552
70080000,33643238,1621445009084508
56064000,41370212,1621445009182322
44851000,31877648,1621445009283156
35880000,25746844,1621445009385789
30000000,29671535,1621445009482469
30000000,30000000,1621445009583408
30000000,30000000,1621445009682421
42000000,42000000,1621445009782464
54000000,48160982,1621445009882530
66000000,66000000,1621445009982302
66000000,20498644,1621445010082529
78000000,38227713,1621445010285340
62400000,62400000,1621445010387694
62400000,60987725,1621445010486325
62400000,56095043,1621445010582516
62400000,28644994,1621445010683635
49920000,27623932,1621445010787556
39936000,39936000,1621445010883520
39936000,39936000,1621445010984741
51936000,36691736,1621445011083550
63936000,24820460,1621445011186468
51148000,51148000,1621445011283318
51148000,51148000,1621445011386297
63148000,50671875,1621445011483246
75148000,35225357,1621445011584422
60118000,60118000,1621445011685229
60118000,60118000,1621445011786485
72118000,0,1621445011884255
84118000,5000000,1621445011986464
67294000,67294000,1621445012083442
67294000,64547102,1621445012190330
79294000,47222097,1621445012283860
63435000,27718038,1621445012391003
50748000,24370203,1621445012486432
40598000,40598000,1621445012586322
40598000,40598000,1621445012683419
52598000,39503060,1621445012782428
64598000,64598000,1621445012982340
64598000,64598000,1621445013084341
76598000,63077071,1621445013183257
88598000,24235563,1621445013284700
70878000,64057998,1621445013383324
70878000,43685390,1621445013484661
56702000,3118663,1621445013586293
45361000,25324647,1621445013782337
36288000,36288000,1621445013886427
36288000,36288000,1621445013983871
36288000,36288000,1621445014083509
48288000,35513425,1621445014184281
60288000,41996728,1621445014283964
48230000,28544180,1621445014385734
38584000,38584000,1621445014486301
38584000,38584000,1621445014583857
50584000,50584000,1621445014683627
62584000,62584000,1621445014787105
74584000,73919560,1621445014882358
86584000,59078610,1621445014982363
98584000,27340801,1621445015086241
78867000,67299296,1621445015186354
78867000,19909439,1621445015284198
63093000,28503233,1621445015383695
50474000,50474000,1621445015482420
50474000,50474000,1621445015586368
62474000,62474000,1621445015683238
74474000,74474000,1621445015782455
86474000,86474000,1621445015883239
98474000,98474000,1621445015984354
110474000,110474000,1621445016083266
122474000,122474000,1621445016182453
134474000,134474000,1621445016283650
146474000,146474000,1621445016385504
158474000,158474000,1621445016483721
170474000,122710924,1621445016584222
182474000,46249774,1621445016783146
145979000,29938930,1621445016883259
116783000,32468729,1621445016983890
93426000,51693661,1621445017082501
74740000,36052656,1621445017182524
59792000,46367015,1621445017284055
47833000,28959384,1621445017383609
38266000,38266000,1621445017482399
38266000,38266000,1621445017583261
50266000,46327801,1621445017683218
62266000,38166124,1621445017786298
49812000,49812000,1621445017883764
49812000,48602188,1621445017982475
61812000,49864813,1621445018083692
73812000,66645729,1621445018184232
73812000,36910448,1621445018286519
59049000,15179469,1621445018383216
47239000,31863426,1621445018483730
37791000,35488970,1621445018582426
37791000,27955235,1621445018686312
49791000,49791000,1621445018782511
49791000,49791000,1621445018884420
61791000,51276603,1621445018983784
73791000,29482394,1621445019084689
59032000,59032000,1621445019186457
59032000,14500117,1621445019283328
71032000,44833003,1621445019382504
56825000,56825000,1621445019483789
56825000,56825000,1621445019582498
68825000,68825000,1621445019682532
80825000,29023690,1621445019783221
92825000,28590369,1621445019886332
74260000,61616728,1621445019982467
74260000,40893466,1621445020083241
59408000,14554836,1621445020183250
47526000,17542579,1621445020282499
38020000,38020000,1621445020382452
38020000,38020000,1621445020482426
50020000,50020000,1621445020582429
62020000,30735237,1621445020694767
74020000,74020000,1621445020884968
74020000,46964921,1621445020983726
86020000,27706476,1621445021183217
68816000,68816000,1621445021288232
68816000,68816000,1621445021382524
80816000,30510361,1621445021483721
92816000,27228529,1621445021586371
74252000,51864321,1621445021683304
59401000,37884419,1621445021783956
47520000,31382243,1621445021890295
38016000,38016000,1621445021984438
38016000,38016000,1621445022086305
50016000,50016000,1621445022184154
62016000,54740091,1621445022282636
74016000,20241099,1621445022383643
59212000,2053310,1621445022490432
47369000,47369000,1621445022582536
47369000,47369000,1621445022684580
59369000,17543252,1621445022783299
71369000,38622211,1621445022882523
57095000,57095000,1621445022984229
57095000,57095000,1621445023083198
69095000,50576362,1621445023187042
81095000,35728403,1621445023286426
64876000,24655414,1621445023386400
51900000,29556653,1621445023484100
41520000,3064956,1621445023586541
33216000,33216000,1621445023684289
33216000,33216000,1621445023783356
45216000,45216000,1621445023883776
57216000,49472202,1621445023983552
69216000,20570509,1621445024086450
55372000,13098272,1621445024186347
44297000,44297000,1621445024283259
44297000,44297000,1621445024383785
56297000,53621238,1621445024484258
68297000,30002803,1621445024582444
54637000,54637000,1621445024687010
54637000,54637000,1621445024787454
66637000,66637000,1621445024886337
78637000,0,1621445024984341
90637000,16279289,1621445025083296
72509000,59304664,1621445025186366
72509000,72509000,1621445025382546
72509000,63861616,1621445025482461
84509000,74093629,1621445025586516
84509000,12319382,1621445025683612
67607000,27805522,1621445025882621
54085000,54085000,1621445025982438
54085000,54085000,1621445026091703
66085000,37072307,1621445026184250
78085000,26094970,1621445026288100
62468000,62468000,1621445026387872
62468000,62468000,1621445026484077
74468000,74468000,1621445026582820
86468000,36499523,1621445026683491
98468000,61822966,1621445026783614
78774000,45712907,1621445026882502
63019000,43877428,1621445026982513
50415000,29071219,1621445027082443
40332000,38801838,1621445027182461
40332000,40332000,1621445027283632
40332000,32990406,1621445027386418
52332000,52332000,1621445027484228
52332000,52332000,1621445027587268
64332000,41914929,1621445027682341
76332000,74931863,1621445027882260
76332000,22891840,1621445027982371
61065000,61065000,1621445028082741
61065000,61065000,1621445028182322
73065000,73065000,1621445028283276
85065000,85065000,1621445028382422
97065000,97065000,1621445028483386
109065000,109065000,1621445028583163
121065000,121065000,1621445028682373
133065000,133065000,1621445028783322
145065000,145065000,1621445028883181
157065000,157065000,1621445028982498
169065000,169065000,1621445029083578
181065000,181065000,1621445029182867
193065000,91361331,1621445029282313
205065000,56391541,1621445029383188
164052000,3083871,1621445029482334
131241000,67471345,1621445029582324
104992000,91484849,1621445029687071
104992000,37559400,1621445029782461
83993000,18200391,1621445029883202
67194000,67194000,1621445029982376
67194000,39413729,1621445030083679
79194000,18883260,1621445030283150
63355000,63355000,1621445030384858
63355000,63355000,1621445030483255
75355000,31867106,1621445030582581
87355000,47110273,1621445030682482
69884000,33973483,1621445030783848
55907000,55907000,1621445030883268
55907000,49986564,1621445030984142
67907000,7052874,1621445031082595
54325000,12564622,1621445031183650
43460000,43460000,1621445031284209
43460000,43460000,1621445031384869
55460000,55460000,1621445031491739
67460000,15106675,1621445031582490
79460000,79460000,1621445031684016
79460000,43850106,1621445031783899
91460000,33727338,1621445031982562
73168000,73168000,1621445032083476
73168000,44060235,1621445032183326
85168000,44917360,1621445032287648
68134000,29671159,1621445032383399
54507000,12936638,1621445032484066
43605000,43605000,1621445032582379
43605000,43605000,1621445032682482
55605000,27044634,1621445032782376
67605000,67605000,1621445032987689
67605000,67605000,1621445033082517
79605000,44956039,1621445033183392
91605000,81371730,1621445033383897
91605000,8523226,1621445033487145
73284000,2097033,1621445033582394
58627000,14053713,1621445033682450
46901000,46901000,1621445033782510
46901000,46901000,1621445033883242
58901000,41384743,1621445033983779
70901000,27272260,1621445034082523
56720000,28152924,1621445034182821
45376000,45376000,1621445034284226
45376000,45037257,1621445034383573
57376000,14481832,1621445034483629
45900000,40467310,1621445034582523
45900000,45900000,1621445034686347
45900000,45900000,1621445034783233
57900000,57900000,1621445034883245
69900000,19409151,1621445034986487
81900000,30210804,1621445035087286
65520000,60486211,1621445035186630
65520000,55824331,1621445035386534
65520000,65520000,1621445035486384
65520000,65520000,1621445035583722
77520000,6931510,1621445035684553
89520000,19622555,1621445035783240
71616000,28808442,1621445035887654
57292000,57292000,1621445035982408
57292000,21252899,1621445036084345
69292000,46669809,1621445036184271
55433000,44064421,1621445036282527
44346000,44346000,1621445036382774
44346000,44346000,1621445036482671
56346000,56346000,1621445036583447
68346000,24546021,1621445036684196
80346000,37304222,1621445036782601
64276000,37832637,1621445036883130
51420000,40703459,1621445036984548
41136000,1021979,1621445037084446
32908000,32908000,1621445037183736
32908000,32908000,1621445037284902
44908000,44908000,1621445037383605
56908000,54840997,1621445037482395
68908000,59214935,1621445037582360
68908000,11918102,1621445037684606
55126000,23547812,1621445037783090
44100000,44100000,1621445037882452
44100000,37687407,1621445037983242
56100000,56100000,1621445038083754
56100000,55680574,1621445038183588
68100000,68100000,1621445038282395
68100000,33982925,1621445038382687
80100000,35379463,1621445038482463
64080000,28620088,1621445038582397
51264000,42580372,1621445038684309
51264000,25142346,1621445038783232
41011000,41011000,1621445038882364
41011000,41011000,1621445038986417
53011000,23921404,1621445039083239
65011000,28110695,1621445039182339
52008000,52008000,1621445039284500
52008000,52008000,1621445039383260
64008000,21353977,1621445039485330
76008000,71790086,1621445039587385
76008000,76008000,1621445039682593
76008000,52215716,1621445039782412
88008000,31767845,1621445039886463
70406000,68607508,1621445039982480
70406000,26573917,1621445040082454
82406000,33163110,1621445040283397
65924000,61851050,1621445040383296
65924000,57526189,1621445040483698
65924000,65924000,1621445040584267
65924000,46107298,1621445040684238
77924000,35621944,1621445040783954
62339000,62339000,1621445040886276
62339000,42620909,1621445040983984
49871000,23525338,1621445041183270
39896000,39896000,1621445041282477
39896000,39896000,1621445041383171
51896000,51896000,1621445041487068
63896000,20238571,1621445041587271
75896000,75896000,1621445041684170
75896000,56387986,1621445041784443
87896000,20016998,1621445041882446
70316000,70316000,1621445042086938
70316000,70316000,1621445042184605
82316000,46452072,1621445042285396
94316000,53178324,1621445042383556
75452000,9516343,1621445042487173
60361000,60361000,1621445042582746
60361000,26613421,1621445042684230
72361000,44843491,1621445042784218
57888000,7145533,1621445042884771
46310000,46310000,1621445042982624
46310000,46310000,1621445043083670
58310000,58310000,1621445043184428
70310000,34132490,1621445043289284
82310000,44828070,1621445043382562
65848000,29835502,1621445043482437
52678000,33419205,1621445043586371
42142000,22781719,1621445043682647
33713000,33713000,1621445043784302
33713000,33713000,1621445043882824
45713000,38720923,1621445043984453
57713000,39355040,1621445044086840
46170000,0,1621445044186340
36936000,36936000,1621445044286359
36936000,36936000,1621445044382631
48936000,48936000,1621445044482414
60936000,60936000,1621445044582534
72936000,72936000,1621445044686763
84936000,84936000,1621445044784417
96936000,96936000,1621445044882603
108936000,108936000,1621445044983800
120936000,120936000,1621445045083275
132936000,132936000,1621445045182559
144936000,144936000,1621445045284082
156936000,156936000,1621445045386350
168936000,168936000,1621445045486540
180936000,180936000,1621445045583142
192936000,192936000,1621445045683475
204936000,172301912,1621445045782530
216936000,65287560,1621445045883491
173548000,75396383,1621445045983612
138838000,35884342,1621445046084489
111070000,40747917,1621445046183720
88856000,52888168,1621445046283792
71084000,59124037,1621445046384144
71084000,61715055,1621445046483191
71084000,71084000,1621445046584556
71084000,45052033,1621445046683305
83084000,39753315,1621445046784405
66467000,31358926,1621445046884466
53173000,53173000,1621445046987060
53173000,12763337,1621445047082683
42538000,41375948,1621445047186416
42538000,42538000,1621445047283798
42538000,42521286,1621445047384585
54538000,54538000,1621445047484210
66538000,54463234,1621445047586351
66538000,27875027,1621445047687694
53230000,22078115,1621445047784084
42584000,41944307,1621445047886331
42584000,42584000,1621445047983325
54584000,54584000,1621445048086487
54584000,54584000,1621445048186551
66584000,66584000,1621445048290304
78584000,21444941,1621445048389383
90584000,44257815,1621445048487052
72467000,32885575,1621445048586361
57973000,36911733,1621445048686354
46378000,31162483,1621445048786016
37102000,37102000,1621445048884138
37102000,37102000,1621445048984374
49102000,47470057,1621445049083498
61102000,44576481,1621445049183670
48881000,36768795,1621445049283601
39104000,39104000,1621445049383863
39104000,4907917,1621445049484213
51104000,51104000,1621445049583226
51104000,51104000,1621445049683923
63104000,63104000,1621445049787423
75104000,28552988,1621445049882585
87104000,87104000,1621445049983225
87104000,1059887,1621445050086552
69683000,7100872,1621445050182931
55746000,32571984,1621445050282769
44596000,44596000,1621445050384825
44596000,44596000,1621445050483938
56596000,48512596,1621445050584033
68596000,44327455,1621445050686461
54876000,47636363,1621445050782611
54876000,54876000,1621445050883486
54876000,54876000,1621445050983858
66876000,22133942,1621445051083758
78876000,78166905,1621445051282742
78876000,43058135,1621445051386426
63100000,34542352,1621445051482506
50480000,28002153,1621445051583041
40384000,40384000,1621445051682420
40384000,40384000,1621445051782377
52384000,49362307,1621445051884915
64384000,0,1621445051983632
76384000,73112206,1621445052082341
76384000,59618414,1621445052186357
61107000,43292094,1621445052284239
48885000,31343120,1621445052383779
39108000,13197257,1621445052486520
31286000,31286000,1621445052586338
31286000,31286000,1621445052682467
43286000,43286000,1621445052786394
55286000,1018102,1621445052882457
67286000,67286000,1621445052982417
67286000,67286000,1621445053083244
79286000,71335448,1621445053182481
91286000,43310414,1621445053382412
73028000,30841469,1621445053482425
58422000,43198265,1621445053582524
46737000,46737000,1621445053787147
46737000,46737000,1621445053884530
58737000,47250283,1621445053987237
70737000,17269459,1621445054084523
56589000,22100446,1621445054182487
45271000,45271000,1621445054383599
45271000,33898861,1621445054487292
57271000,53764698,1621445054586350
57271000,52268669,1621445054783286
57271000,57271000,1621445054885721
57271000,57271000,1621445054986363
69271000,47397003,1621445055085377
81271000,16290006,1621445055187011
65016000,44636385,1621445055282413
52012000,51000719,1621445055386331
52012000,20651133,1621445055482863
41609000,41609000,1621445055583924
41609000,41609000,1621445055687040
53609000,53609000,1621445055782520
65609000,43970111,1621445055885165
77609000,23272903,1621445055987099
62087000,62087000,1621445056086189
62087000,59816086,1621445056187891
74087000,51478761,1621445056290397
59269000,30974772,1621445056386517
47415000,47415000,1621445056482780
47415000,47415000,1621445056584792
59415000,59415000,1621445056683537
71415000,14663395,1621445056788329
83415000,60451443,1621445056883732
66732000,47198417,1621445056990546
53385000,23988460,1621445057087848
42708000,42708000,1621445057186433
42708000,17318748,1621445057283533
54708000,54708000,1621445057386396
54708000,54708000,1621445057483853
66708000,45589067,1621445057583908
78708000,21643178,1621445057684012
62966000,33025544,1621445057782669
50372000,50372000,1621445057886295
50372000,50372000,1621445057986487
62372000,43740348,1621445058087293
74372000,73726818,1621445058183240
74372000,58156032,1621445058282482
59497000,32030484,1621445058383394
47597000,21675950,1621445058483626
38077000,38077000,1621445058582732
38077000,38077000,1621445058687570
50077000,50077000,1621445058786520
62077000,44332831,1621445058883637
74077000,43828160,1621445058987215
59261000,35243337,1621445059084164
47408000,47408000,1621445059183158
47408000,47408000,1621445059283836
59408000,9169187,1621445059382615
71408000,48925827,1621445059486418
57126000,57126000,1621445059586394
57126000,57126000,1621445059682821
69126000,49490119,1621445059787735
81126000,47365628,1621445059883696
64900000,64900000,1621445059983743
64900000,56608568,1621445060083280
76900000,30312465,1621445060183734
61520000,35152635,1621445060283458
49216000,49216000,1621445060386465
49216000,49216000,1621445060486973
61216000,46506260,1621445060586430
73216000,39600411,1621445060686483
58572000,11266073,1621445060783583
46857000,46857000,1621445060883822
46857000,46857000,1621445060982630
58857000,1021674,1621445061083431
70857000,22688650,1621445061183480
56685000,56685000,1621445061283196
56685000,56685000,1621445061383292
68685000,35412522,1621445061482586
80685000,34354328,1621445061587354
64548000,60141331,1621445061682738
64548000,32720799,1621445061784848
51638000,50710800,1621445061887369
51638000,27957474,1621445061986526
41310000,41310000,1621445062086583
41310000,41310000,1621445062183866
53310000,53310000,1621445062283654
65310000,57083053,1621445062383962
77310000,3084126,1621445062486497
61848000,61848000,1621445062583733
61848000,61810594,1621445062683747
73848000,21085644,1621445062782699
85848000,53904251,1621445062887408
68678000,68678000,1621445062987141
68678000,66332559,1621445063086414
80678000,30163097,1621445063183937
64542000,30530134,1621445063283713
51633000,49303549,1621445063385746
51633000,40882539,1621445063483762
63633000,32437561,1621445063586144
50906000,50906000,1621445063688528
50906000,50906000,1621445063786386
62906000,62906000,1621445063882355
74906000,15443214,1621445063984156
86906000,35956127,1621445064084267
69524000,1019529,1621445064186457
55619000,32737916,1621445064284428
44495000,44495000,1621445064382572
44495000,44495000,1621445064485214
56495000,56495000,1621445064587551
68495000,68495000,1621445064686324
80495000,80495000,1621445064784195
92495000,92495000,1621445064886508
104495000,104495000,1621445064990377
116495000,116495000,1621445065086398
128495000,128495000,1621445065185815
140495000,140495000,1621445065283830
152495000,152495000,1621445065383284
164495000,164495000,1621445065482639
176495000,176495000,1621445065583171
188495000,188495000,1621445065683454
200495000,198150200,1621445065782646
212495000,198848370,1621445065883400
212495000,183433122,1621445065984188
212495000,30411784,1621445066082582
169996000,40203285,1621445066187655
135996000,25875787,1621445066284631
108796000,56360886,1621445066383291
87036000,34040328,1621445066484032
69628000,69628000,1621445066586469
69628000,60413308,1621445066684040
81628000,29262203,1621445066783312
65302000,51509435,1621445066882575
52241000,45255105,1621445066986536
52241000,52241000,1621445067182732
52241000,52241000,1621445067286451
64241000,34976587,1621445067382815
76241000,21013193,1621445067486430
60992000,54480264,1621445067582641
60992000,25975936,1621445067687147
48793000,48793000,1621445067886397
48793000,30892912,1621445067986351
60793000,60793000,1621445068084924
60793000,57778022,1621445068184143
72793000,72793000,1621445068283261
84793000,0,1621445068382538
96793000,26271403,1621445068483524
77434000,41970797,1621445068582372
61947000,36453238,1621445068682457
49557000,17841239,1621445068784668
39645000,39645000,1621445068883859
39645000,39645000,1621445068983429
51645000,49472015,1621445069084490
63645000,26250153,1621445069187904
75645000,57488285,1621445069286461
60516000,38549801,1621445069383803
48412000,3122489,1621445069482386
38729000,38729000,1621445069582489
38729000,38729000,1621445069684481
50729000,50729000,1621445069784305
62729000,25949467,1621445069884011
74729000,34715495,1621445069983193
59783000,59783000,1621445070082393
59783000,34879256,1621445070183523
71783000,15611787,1621445070383997
57426000,50608951,1621445070485251
57426000,54629356,1621445070583935
57426000,34869675,1621445070685113
45940000,33134956,1621445070783400
36752000,10962528,1621445070882376
30000000,30000000,1621445070982558
30000000,30000000,1621445071088006
42000000,42000000,1621445071185615
54000000,32531959,1621445071286567
66000000,15413949,1621445071385239
52800000,52800000,1621445071485843
52800000,52800000,1621445071587314
64800000,47632226,1621445071682521
76800000,76800000,1621445071785105
76800000,35538141,1621445071884481
88800000,70843597,1621445072083358
71040000,71040000,1621445072183151
71040000,52821087,1621445072282456
83040000,40549684,1621445072382548
66432000,22113840,1621445072483286
53145000,40313025,1621445072583231
42516000,40819384,1621445072682401
42516000,19914754,1621445072784228
34012000,22636661,1621445072886371
30000000,30000000,1621445072982439
30000000,30000000,1621445073083937
42000000,42000000,1621445073182492
54000000,28754829,1621445073283493
66000000,48362459,1621445073382479
52800000,52800000,1621445073488200
52800000,45078604,1621445073582802
64800000,64800000,1621445073782512
64800000,64800000,1621445073882473
76800000,14828027,1621445073983238
88800000,29037825,1621445074083503
71040000,8077412,1621445074183208
56832000,52196208,1621445074282381
56832000,56832000,1621445074383186
56832000,33344192,1621445074482333
68832000,21530202,1621445074582376
55065000,55065000,1621445074682487
55065000,55065000,1621445074782524
67065000,67065000,1621445074882450
79065000,17886280,1621445074983207
91065000,13134611,1621445075082464
72852000,52755765,1621445075182359
58281000,21680061,1621445075385850
46624000,46624000,1621445075483225
46624000,46624000,1621445075583461
58624000,58624000,1621445075683743
70624000,45298348,1621445075883860
56499000,48004516,1621445075982581
56499000,47039246,1621445076083649
56499000,23754399,1621445076188187
45199000,30812034,1621445076287446
36159000,36159000,1621445076383880
36159000,36159000,1621445076482495
48159000,48159000,1621445076584228
60159000,44888257,1621445076686437
72159000,15722629,1621445076783405
57727000,57727000,1621445076886390
57727000,50530596,1621445076983727
69727000,23221120,1621445077083751
55781000,20274114,1621445077185420
44624000,44624000,1621445077286385
44624000,44624000,1621445077386442
56624000,47663079,1621445077483456
68624000,68624000,1621445077586350
68624000,29538136,1621445077684081
54899000,22934841,1621445077783549
43919000,42043164,1621445077886396
43919000,43919000,1621445077986656
43919000,43209387,1621445078083712
55919000,55919000,1621445078187219
67919000,67919000,1621445078283506
79919000,27763490,1621445078384127
91919000,33363024,1621445078488418
73535000,23329865,1621445078583185
58828000,58828000,1621445078683245
58828000,32188831,1621445078783531
70828000,67492254,1621445078887120
70828000,70828000,1621445078984334
70828000,7692092,1621445079082702
82828000,28950711,1621445079186412
66262000,66262000,1621445079283210
66262000,45782871,1621445079384634
78262000,3101856,1621445079486365
62609000,37532812,1621445079582647
50087000,50087000,1621445079686318
50087000,50087000,1621445079783548
62087000,44684951,1621445079883810
74087000,65081192,1621445079986652
74087000,6557162,1621445080082870
59269000,21314796,1621445080184297
47415000,13848689,1621445080285253
37932000,37932000,1621445080386330
37932000,37932000,1621445080487370
49932000,49932000,1621445080586356
61932000,37837389,1621445080683488
73932000,28728647,1621445080783764
59145000,58282347,1621445080887177
59145000,47641407,1621445080984172
59145000,12889963,1621445081082806
47316000,47316000,1621445081287427
47316000,47316000,1621445081386561
59316000,59316000,1621445081484169
71316000,20435532,1621445081583693
83316000,83316000,1621445081686835
83316000,45054336,1621445081784186
95316000,38458140,1621445081884176
76252000,18863872,1621445081984258
61001000,61001000,1621445082086419
61001000,61001000,1621445082184169
73001000,27468640,1621445082284278
85001000,27974928,1621445082383291
68000000,20235284,1621445082483330
54400000,54400000,1621445082590342
54400000,50397245,1621445082686307
66400000,12388990,1621445082782632
53120000,15146469,1621445082882616
42496000,42496000,1621445082983501
42496000,42496000,1621445083082563
54496000,54496000,1621445083182935
66496000,18767449,1621445083286435
78496000,74356733,1621445083386414
78496000,18044239,1621445083483224
62796000,11517886,1621445083587308
50236000,5072547,1621445083683241
40188000,40188000,1621445083784420
40188000,40188000,1621445083886357
52188000,31500066,1621445083983141
64188000,29281047,1621445084083892
51350000,22306738,1621445084184167
41080000,41080000,1621445084287215
41080000,41080000,1621445084389148
53080000,28506223,1621445084483691
65080000,28468937,1621445084583356
52064000,52064000,1621445084690403
52064000,52064000,1621445084783814
64064000,64064000,1621445084884088
76064000,42997949,1621445084984261
88064000,31780195,1621445085083718
70451000,56321829,1621445085184359
56360000,27149282,1621445085386375
45088000,45088000,1621445085482442
45088000,45088000,1621445085582387
57088000,57088000,1621445085683235
69088000,24131285,1621445085787156
81088000,46123033,1621445085886930
64870000,64870000,1621445085984673
64870000,13103848,1621445086082384
76870000,47231131,1621445086187714
61496000,37837801,1621445086282453
49196000,49196000,1621445086382553
49196000,49196000,1621445086482450
61196000,61196000,1621445086582382
73196000,63399486,1621445086683769
85196000,40800364,1621445086782362
68156000,27610092,1621445086887290
54524000,34971954,1621445086982476
43619000,13068073,1621445087082529
34895000,31343682,1621445087182356
34895000,34895000,1621445087282371
34895000,34895000,1621445087383364
46895000,46895000,1621445087482421
58895000,58895000,1621445087583387
70895000,20131000,1621445087682358
56716000,37979087,1621445087882534
45372000,45372000,1621445087986305
45372000,45372000,1621445088082503
57372000,57372000,1621445088182645
69372000,61865296,1621445088286437
81372000,27591287,1621445088483726
65097000,44008769,1621445088586426
52077000,52077000,1621445088684009
52077000,28532600,1621445088782504
64077000,64077000,1621445088885079
64077000,46407696,1621445088987235
76077000,9854714,1621445089083995
60861000,27888968,1621445089182450
48688000,48688000,1621445089284410
48688000,48688000,1621445089384218
60688000,12962333,1621445089483525
72688000,46837789,1621445089583406
58150000,58150000,1621445089684510
58150000,58150000,1621445089784163
70150000,42479519,1621445089884556
82150000,61383941,1621445089983151
65720000,65720000,1621445090083367
65720000,65720000,1621445090182440
77720000,77720000,1621445090282428
89720000,89720000,1621445090382498
101720000,101720000,1621445090483631
113720000,113720000,1621445090583278
125720000,125720000,1621445090684349
137720000,137720000,1621445090786432
149720000,149720000,1621445090884135
161720000,161720000,1621445090982389
173720000,173720000,1621445091086387
185720000,185720000,1621445091186349
197720000,191005724,1621445091283215
209720000,191929739,1621445091382346
209720000,208969702,1621445091483285
209720000,182578281,1621445091582443
209720000,187054935,1621445091682782
204720000,135991247,1621445091784283
163776000,19180577,1621445091883324
131020000,75539072,1621445092086465
104816000,50629982,1621445092186424
83852000,35014861,1621445092288320
67081000,31581349,1621445092384863
53664000,25202505,1621445092488743
42931000,42931000,1621445092582680
42931000,42931000,1621445092682759
54931000,44444766,1621445092783378
66931000,31229913,1621445092886382
53544000,53544000,1621445092983447
53544000,53544000,1621445093083713
65544000,65544000,1621445093187066
77544000,1019139,1621445093286707
89544000,52074048,1621445093383847
71635000,38943921,1621445093484243
57308000,23112845,1621445093583302
45846000,26106318,1621445093682540
36676000,36676000,1621445093783650
36676000,36676000,1621445093885499
48676000,48676000,1621445093983816
60676000,23820259,1621445094086341
72676000,12949976,1621445094183265
58140000,34371004,1621445094283109
46512000,46512000,1621445094386281
46512000,24948414,1621445094484313
58512000,58512000,1621445094586322
58512000,42881284,1621445094686455
70512000,67825463,1621445094782500
70512000,62239275,1621445094885618
82512000,32733653,1621445094984183
66009000,66009000,1621445095190356
66009000,29142321,1621445095285775
78009000,45575643,1621445095387823
62407000,56330697,1621445095484087
62407000,62407000,1621445095582427
62407000,36019393,1621445095684072
74407000,36459523,1621445095786426
59525000,1023109,1621445095882529
47620000,47620000,1621445095982385
47620000,36198181,1621445096082735
38096000,38096000,1621445096182382
38096000,35451627,1621445096282622
50096000,50096000,1621445096382433
50096000,50096000,1621445096488189
50096000,50096000,1621445096584573
62096000,41478403,1621445096682403
74096000,28236243,1621445096783654
59276000,30274443,1621445096886386
47420000,47420000,1621445096982402
47420000,47420000,1621445097082620
59420000,39483558,1621445097186499
71420000,62248401,1621445097282352
71420000,61378163,1621445097499326
71420000,57141407,1621445097586546
71420000,35565138,1621445097686461
57136000,28335098,1621445097785085
45708000,43050058,1621445097884006
45708000,33519267,1621445097982580
36566000,36566000,1621445098086448
36566000,36566000,1621445098186816
48566000,48566000,1621445098283623
60566000,31169876,1621445098386680
72566000,33412254,1621445098486342
58052000,30078843,1621445098584620
46441000,46441000,1621445098685244
46441000,44319466,1621445098784352
58441000,58441000,1621445098882607
58441000,58441000,1621445098984377
70441000,30743700,1621445099086441
82441000,46312639,1621445099186383
65952000,49512612,1621445099286993
52761000,28113432,1621445099385272
42208000,22791291,1621445099484298
33766000,33766000,1621445099586356
33766000,33766000,1621445099686618
45766000,45766000,1621445099784040
57766000,22328435,1621445099883437
69766000,67629855,1621445099983787
69766000,45340087,1621445100083716
55812000,20315601,1621445100186539
44649000,26418713,1621445100287328
35719000,35719000,1621445100386525
35719000,35719000,1621445100484218
47719000,40452503,1621445100583382
59719000,52468077,1621445100683549
59719000,27544536,1621445100783220
47775000,47775000,1621445100883307
47775000,47775000,1621445100982649
59775000,40904887,1621445101083733
71775000,71775000,1621445101282398
71775000,49452050,1621445101386572
83775000,50637595,1621445101482451
67020000,2038382,1621445101583574
53616000,53616000,1621445101682397
53616000,53616000,1621445101783569
65616000,29168806,1621445101883469
77616000,54124240,1621445101984125
62092000,62092000,1621445102083685
62092000,58269542,1621445102183510
62092000,29293879,1621445102283285
74092000,65075296,1621445102382584
74092000,14650472,1621445102482480
59273000,59273000,1621445102582411
59273000,50152666,1621445102683214
59273000,20609754,1621445102783123
47418000,22194566,1621445102882544
37934000,37934000,1621445102982438
37934000,37934000,1621445103084567
49934000,49934000,1621445103183778
61934000,43426466,1621445103282863
73934000,53911787,1621445103386400
59147000,46346410,1621445103483660
47317000,3079729,1621445103582339
37853000,37853000,1621445103686443
37853000,37853000,1621445103784248
49853000,49853000,1621445103882521
61853000,41202978,1621445103982526
73853000,46947589,1621445104082478
59082000,9324511,1621445104182561
47265000,35320731,1621445104286939
37812000,37812000,1621445104382541
37812000,37812000,1621445104483331
49812000,15565476,1621445104583804
61812000,61812000,1621445104684206
61812000,61812000,1621445104784397
73812000,73812000,1621445104883360
85812000,44123171,1621445104982416
97812000,30879827,1621445105083739
78249000,57960491,1621445105182339
62599000,62599000,1621445105386456
62599000,62599000,1621445105486370
74599000,73448688,1621445105582470
86599000,12521216,1621445105684478
69279000,50274530,1621445105783278
55423000,39034180,1621445105886323
44338000,44338000,1621445105986461
44338000,44338000,1621445106082604
56338000,56338000,1621445106187028
68338000,30829273,1621445106282563
80338000,65622303,1621445106388140
80338000,38429671,1621445106484261
64270000,64270000,1621445106584685
64270000,64270000,1621445106686337
76270000,32008828,1621445106782488
88270000,27234667,1621445106886428
70616000,49972997,1621445106985710
56492000,15486097,1621445107082450
45193000,33055861,1621445107183731
36154000,36154000,1621445107284408
36154000,36154000,1621445107383424
48154000,48154000,1621445107484696
60154000,60154000,1621445107584272
72154000,18997803,1621445107683962
57723000,23127533,1621445107784764
46178000,46178000,1621445107886490
46178000,45227325,1621445107983417
58178000,58178000,1621445108083392
70178000,44653893,1621445108187911
82178000,82178000,1621445108283256
82178000,24235093,1621445108383801
94178000,53222517,1621445108486641
75342000,30904810,1621445108583457
60273000,44370134,1621445108682734
48218000,26448724,1621445108787787
38574000,38574000,1621445108886489
38574000,38574000,1621445108983416
50574000,43762101,1621445109086388
62574000,43957558,1621445109186393
50059000,50059000,1621445109282555
50059000,50059000,1621445109382578
62059000,2052859,1621445109482729
74059000,74059000,1621445109582613
74059000,74059000,1621445109683510
86059000,68215097,1621445109783599
98059000,29908919,1621445109887029
78447000,76666104,1621445109984819
78447000,32157286,1621445110083388
90447000,39165773,1621445110283394
72357000,59111687,1621445110383248
72357000,43939564,1621445110486363
57885000,44621564,1621445110586365
46308000,42609887,1621445110682677
46308000,44796226,1621445110786532
46308000,46308000,1621445110886414
46308000,46308000,1621445110984043
58308000,31983512,1621445111083454
70308000,70308000,1621445111283234
70308000,52352672,1621445111382511
82308000,74978828,1621445111482504
82308000,26555728,1621445111585181
65846000,65846000,1621445111682604
65846000,65846000,1621445111782509
77846000,5318333,1621445111882524
89846000,14807431,1621445111982647
71876000,69549728,1621445112086493
71876000,62247861,1621445112183249
83876000,38158387,1621445112283391
67100000,67100000,1621445112382582
67100000,26150000,1621445112488550
79100000,68137723,1621445112583744
79100000,36692440,1621445112682605
63280000,10073684,1621445112786403
50624000,50624000,1621445112982603
50624000,50624000,1621445113082686
62624000,62624000,1621445113182522
74624000,21976319,1621445113282560
86624000,46451759,1621445113383606
69299000,37181054,1621445113486834
55439000,3068662,1621445113582358
44351000,19810772,1621445113682532
35480000,35480000,1621445113783864
35480000,35480000,1621445113883924
47480000,47480000,1621445113984025
59480000,31830605,1621445114082429
71480000,7068480,1621445114182406
57184000,57184000,1621445114283687
57184000,45616916,1621445114382539
69184000,29711048,1621445114484398
55347000,27134304,1621445114584552
44277000,44277000,1621445114682381
44277000,44277000,1621445114782390
56277000,56277000,1621445114883824
68277000,24722306,1621445114982685
80277000,40551580,1621445115085027
64221000,56131302,1621445115182505
64221000,10974239,1621445115283420
51376000,37687822,1621445115386446
41100000,41100000,1621445115483266
41100000,41100000,1621445115582463
53100000,53100000,1621445115683167
65100000,10612336,1621445115782348
77100000,50161041,1621445115882635
61680000,61680000,1621445115982370
61680000,49938124,1621445116088757
61680000,27997395,1621445116182947
49344000,35138984,1621445116286516
39475000,39475000,1621445116383165
39475000,39475000,1621445116483711
51475000,51475000,1621445116582543
63475000,45735047,1621445116682604
75475000,45644607,1621445116782525
60380000,39912945,1621445116886458
48304000,29928649,1621445116984252
38643000,18746766,1621445117084397
30914000,30914000,1621445117183820
30914000,30914000,1621445117284231
42914000,42914000,1621445117386357
54914000,36263024,1621445117482526
66914000,66914000,1621445117582465
66914000,38674521,1621445117683806
78914000,29493683,1621445117883810
63131000,63131000,1621445117984615
63131000,63131000,1621445118084468
75131000,64732302,1621445118185421
87131000,85288511,1621445118283698
87131000,28060361,1621445118483495
69704000,35229260,1621445118586449
55763000,37751116,1621445118684320
44610000,27780086,1621445118787049
35688000,35688000,1621445118883259
35688000,35688000,1621445118986462
47688000,47688000,1621445119082651
59688000,59688000,1621445119182623
71688000,71688000,1621445119283641
83688000,20114881,1621445119385735
95688000,3082544,1621445119482787
76550000,59664444,1621445119582574
61240000,61240000,1621445119683681
61240000,61240000,1621445119785518
73240000,50953546,1621445119885788
85240000,60507413,1621445119982453
68192000,11547544,1621445120083431
54553000,21616096,1621445120282519
43642000,43642000,1621445120382591
43642000,43642000,1621445120482528
55642000,45424942,1621445120583887
67642000,62409120,1621445120682376
67642000,45511165,1621445120783687
54113000,54113000,1621445120883362
54113000,54113000,1621445120982444
66113000,66113000,1621445121082468
78113000,78113000,1621445121184303
90113000,90113000,1621445121282554
102113000,102113000,1621445121382710
114113000,114113000,1621445121482963
126113000,126113000,1621445121583834
138113000,138113000,1621445121683264
150113000,150113000,1621445121782398
162113000,162113000,1621445121882585
174113000,174113000,1621445121982533
186113000,186113000,1621445122083681
198113000,195012637,1621445122183803
210113000,195019392,1621445122282616
210113000,205963429,1621445122382573
210113000,206997393,1621445122483769
210113000,194725541,1621445122586569
210113000,208992426,1621445122684000
210113000,198982413,1621445122787607
210113000,205958739,1621445122886968
205113000,149099217,1621445122983153
164090000,48661198,1621445123083456
131272000,59662787,1621445123182436
105017000,8219839,1621445123284272
84013000,38585947,1621445123386645
67210000,49274789,1621445123484480
53768000,3071938,1621445123582482
43014000,22986993,1621445123682518
34411000,34411000,1621445123784243
34411000,34411000,1621445123882533
46411000,46411000,1621445123982544
58411000,40933745,1621445124082648
70411000,7053676,1621445124182386
56328000,56328000,1621445124283706
56328000,42898381,1621445124384868
68328000,32456323,1621445124482482
54662000,29875604,1621445124582480
43729000,43729000,1621445124682450
43729000,43729000,1621445124782539
55729000,55729000,1621445124886399
67729000,37227975,1621445124983458
79729000,38145051,1621445125082405
63783000,56259935,1621445125182406
63783000,40151960,1621445125283814
51026000,31550846,1621445125383436
40820000,40820000,1621445125482461
40820000,40820000,1621445125584098
52820000,52820000,1621445125688278
64820000,7053921,1621445125782420
76820000,61364689,1621445125882454
61456000,48655114,1621445125983195
49164000,17986920,1621445126082893
39331000,18751777,1621445126182408
31464000,31464000,1621445126283162
31464000,26986898,1621445126383087
43464000,43464000,1621445126482472
55464000,55464000,1621445126582504
67464000,14383604,1621445126682754
79464000,55419561,1621445126782493
63571000,8225670,1621445126882463
50856000,50856000,1621445126982336
50856000,28187592,1621445127082379
62856000,25657735,1621445127185628
50284000,50284000,1621445127282497
50284000,49392473,1621445127386406
62284000,37568798,1621445127482357
49827000,49827000,1621445127583208
49827000,36263169,1621445127686490
61827000,0,1621445127783469
49461000,46694356,1621445127883768
49461000,49461000,1621445127986518
49461000,49461000,1621445128082451
61461000,61461000,1621445128182953
73461000,73461000,1621445128282577
85461000,20728159,1621445128382377
97461000,31666006,1621445128482349
77968000,23242469,1621445128583245
62374000,53158643,1621445128682410
62374000,18553770,1621445128788331
49899000,49899000,1621445128883793
49899000,49899000,1621445128983079
61899000,38897973,1621445129093357
73899000,44221298,1621445129182367
59119000,31487785,1621445129283447
47295000,38764578,1621445129382494
47295000,18292241,1621445129483240
37836000,37836000,1621445129583239
37836000,37836000,1621445129682732
49836000,49836000,1621445129783762
61836000,60763348,1621445129884892
73836000,62748337,1621445129986425
85836000,54171382,1621445130082468
68668000,68668000,1621445130382572
68668000,68668000,1621445130486366
80668000,34180946,1621445130582448
92668000,38296609,1621445130686370
74134000,50071511,1621445130782553
59307000,59307000,1621445130883736
59307000,50198840,1621445130982452
71307000,27406072,1621445131086399
57045000,57045000,1621445131282473
57045000,57045000,1621445131383932
69045000,69045000,1621445131484156
81045000,4092820,1621445131584391
93045000,78279207,1621445131682574
93045000,61524136,1621445131783584
74436000,21286298,1621445131882565
59548000,21742808,1621445131982710
47638000,47638000,1621445132084252
47638000,46482078,1621445132183274
59638000,59638000,1621445132284206
71638000,26653308,1621445132385338
83638000,23036026,1621445132484368
66910000,66910000,1621445132582698
66910000,13506164,1621445132683721
78910000,36561670,1621445132782625
63128000,63128000,1621445132986451
63128000,63128000,1621445133084223
75128000,67858028,1621445133187426
87128000,28666734,1621445133382610
69702000,59970595,1621445133487531
69702000,3097068,1621445133582902
55761000,30421448,1621445133691622
44608000,44608000,1621445133782746
44608000,44608000,1621445133886401
56608000,30984974,1621445133984970
68608000,29046959,1621445134083395
54886000,16466340,1621445134182494
43908000,43908000,1621445134282468
43908000,42303374,1621445134383232
55908000,48086251,1621445134482874
67908000,25549520,1621445134586574
54326000,23954175,1621445134687795
43460000,24552339,1621445134786650
34768000,31110258,1621445134884718
34768000,34768000,1621445134988311
34768000,34768000,1621445135084775
46768000,46768000,1621445135188977
58768000,46059287,1621445135288097
70768000,7136333,1621445135386709
56614000,48331940,1621445135486404
56614000,3080932,1621445135585802
45291000,45291000,1621445135684308
45291000,17505427,1621445135786449
57291000,32266595,1621445135890411
45832000,45832000,1621445135986598
45832000,45832000,1621445136084132
57832000,41126477,1621445136185394
69832000,40177076,1621445136382499
55865000,55865000,1621445136486645
55865000,55865000,1621445136584270
67865000,36432818,1621445136684046
79865000,79865000,1621445136783643
79865000,77748528,1621445136884641
91865000,62836746,1621445136984012
73492000,30868333,1621445137085156
58793000,58793000,1621445137184586
58793000,47344371,1621445137283285
70793000,70793000,1621445137386563
70793000,36956372,1621445137486427
56634000,56634000,1621445137583427
56634000,29269512,1621445137682390
68634000,16410919,1621445137782540
54907000,53353667,1621445137883582
54907000,54907000,1621445137984221
66907000,32163647,1621445138083850
78907000,61214728,1621445138187506
63125000,43697891,1621445138287371
50500000,26012124,1621445138383993
40400000,40400000,1621445138486500
40400000,40400000,1621445138584618
52400000,52400000,1621445138683605
64400000,49013267,1621445138783593
76400000,70463608,1621445138882848
76400000,9214265,1621445138982720
61120000,61120000,1621445139083585
61120000,46728383,1621445139183711
73120000,61450679,1621445139283422
73120000,16036814,1621445139383535
58496000,58496000,1621445139483645
58496000,58496000,1621445139582668
70496000,55629741,1621445139683733
82496000,30627671,1621445139782720
65996000,65996000,1621445139984287
65996000,44186603,1621445140084182
77996000,64323906,1621445140182602
77996000,64084672,1621445140286532
77996000,44156718,1621445140384316
62396000,15172603,1621445140484044
49916000,49916000,1621445140586414
49916000,13765927,1621445140687598
61916000,61916000,1621445140787371
61916000,60987818,1621445140886547
73916000,60661979,1621445140984044
73916000,14465943,1621445141083696
59132000,59132000,1621445141186609
59132000,59132000,1621445141285544
71132000,56908851,1621445141386588
83132000,34401790,1621445141484062
66505000,19762714,1621445141583731
53204000,53204000,1621445141684081
53204000,53204000,1621445141787241
65204000,54059179,1621445141882614
77204000,77204000,1621445141984334
77204000,42013128,1621445142083581
89204000,20113562,1621445142182501
71363000,14946220,1621445142282487
57090000,48304899,1621445142383656
57090000,57090000,1621445142483583
57090000,56132172,1621445142584250
69090000,25580796,1621445142683631
81090000,49756053,1621445142784539
64872000,1025069,1621445142885135
51897000,51897000,1621445142984702
51897000,51897000,1621445143084643
63897000,63897000,1621445143184543
75897000,12093338,1621445143284305
87897000,71076111,1621445143382403
87897000,30783026,1621445143483470
70317000,50410658,1621445143582770
56253000,47774028,1621445143682565
56253000,20697939,1621445143782903
45002000,45002000,1621445143886422
45002000,17988887,1621445143984035
57002000,57002000,1621445144082613
57002000,42399082,1621445144183961
69002000,34909227,1621445144282801
55201000,39466641,1621445144384161
44160000,42723383,1621445144487677
44160000,3129271,1621445144586424
35328000,35328000,1621445144682609
35328000,35328000,1621445144782474
47328000,47328000,1621445144884296
59328000,30130507,1621445144984116
71328000,28065244,1621445145082616
57062000,57062000,1621445145184602
57062000,53854053,1621445145284302
69062000,38928401,1621445145384048
55249000,17696163,1621445145487495
44199000,43826880,1621445145586555
44199000,39452653,1621445145688153
56199000,35151903,1621445145786788
44959000,44959000,1621445145886484
44959000,44959000,1621445145983756
56959000,21809176,1621445146084106
68959000,33950133,1621445146184867
55167000,55167000,1621445146282659
55167000,55167000,1621445146382733
67167000,65306187,1621445146482750
79167000,67336331,1621445146585484
91167000,30362868,1621445146785122
72933000,41747459,1621445146882551
58346000,55620068,1621445146982666
58346000,17748350,1621445147083186
46676000,25799611,1621445147182526
37340000,37340000,1621445147282629
37340000,37340000,1621445147382445
49340000,49340000,1621445147483454
61340000,57885315,1621445147588195
73340000,42398574,1621445147687989
85340000,31213790,1621445147884195
68272000,68272000,1621445147982863
68272000,68272000,1621445148086682
80272000,49609794,1621445148190471
92272000,92272000,1621445148284556
92272000,34802347,1621445148384309
104272000,26661664,1621445148484630
83417000,3076260,1621445148587156
66733000,58651201,1621445148682506
66733000,45340830,1621445148788023
53386000,53386000,1621445148886407
53386000,53167980,1621445148983511
65386000,58589365,1621445149082853
77386000,31845265,1621445149186429
61908000,57511560,1621445149287527
61908000,36821640,1621445149383600
49526000,3113401,1621445149486470
39620000,38224296,1621445149582854
39620000,39620000,1621445149683694
51620000,51620000,1621445149787366
63620000,54975371,1621445149886120
75620000,69846511,1621445149986631
75620000,22154809,1621445150284708
60496000,60496000,1621445150383391
60496000,60496000,1621445150482500
72496000,72496000,1621445150584150
84496000,31886291,1621445150682567
96496000,47804775,1621445150783621
77196000,57314672,1621445150882548
61756000,32226736,1621445150986596
49404000,10102021,1621445151082613
39523000,39486107,1621445151182423
39523000,39523000,1621445151282539
39523000,39523000,1621445151383216
51523000,51523000,1621445151482889
63523000,23687275,1621445151582675
75523000,75523000,1621445151682615
75523000,68747967,1621445151784563
87523000,23059184,1621445151882713
70018000,17934871,1621445151982448
56014000,56014000,1621445152082437
56014000,56014000,1621445152183621
68014000,46900078,1621445152282534
80014000,50638231,1621445152382540
64011000,3076561,1621445152488022
51208000,51208000,1621445152582599
51208000,31927454,1621445152683585
63208000,50434660,1621445152782499
50566000,50566000,1621445152982432
50566000,50566000,1621445153082496
62566000,62566000,1621445153184088
74566000,10655944,1621445153282653
86566000,52936729,1621445153384119
69252000,29357825,1621445153483543
55401000,24202169,1621445153587531
44320000,44320000,1621445153783492
44320000,44320000,1621445153883594
56320000,47714760,1621445153983613
68320000,17530181,1621445154086493
54656000,8987217,1621445154186726
43724000,43724000,1621445154283629
43724000,43724000,1621445154383535
55724000,42587446,1621445154483530
67724000,28296117,1621445154582706
54179000,54179000,1621445154682770
54179000,54179000,1621445154784389
66179000,66179000,1621445154883582
78179000,13117904,1621445154982805
90179000,58286770,1621445155082618
72143000,60887660,1621445155183738
72143000,27121034,1621445155386500
57714000,52093621,1621445155482530
57714000,57714000,1621445155583838
57714000,56573756,1621445155683533
69714000,30058813,1621445155883792
55771000,55771000,1621445155983255
55771000,55771000,1621445156084398
67771000,42820273,1621445156182581
79771000,38717885,1621445156282457
63816000,63816000,1621445156387326
63816000,60949493,1621445156483513
75816000,75816000,1621445156582468
75816000,26966281,1621445156684717
87816000,29879465,1621445156786482
70252000,16742383,1621445156886524
56201000,56201000,1621445156982932
56201000,30904712,1621445157082559
68201000,40675628,1621445157182700
54560000,54560000,1621445157283605
54560000,39864035,1621445157382502
66560000,20185926,1621445157482588
53248000,53248000,1621445157582535
53248000,53248000,1621445157686407
65248000,8744989,1621445157782619
52198000,27824206,1621445157882458
41758000,41758000,1621445157984630
41758000,41758000,1621445158083883
53758000,53758000,1621445158182930
65758000,65758000,1621445158284103
77758000,11787409,1621445158383278
89758000,27976163,1621445158483506
71806000,8552795,1621445158584129
57444000,57444000,1621445158684825
57444000,53493257,1621445158782488
69444000,56362074,1621445158886474
69444000,48841715,1621445158982380
55555000,29934960,1621445159084847
44444000,31154543,1621445159182381
35555000,35555000,1621445159283757
35555000,35555000,1621445159382564
47555000,47555000,1621445159484321
59555000,59555000,1621445159587764
71555000,71555000,1621445159682512
83555000,83555000,1621445159782557
95555000,95555000,1621445159883561
107555000,107555000,1621445159982575
119555000,119555000,1621445160083716
131555000,131555000,1621445160186573
143555000,143555000,1621445160284135
155555000,155555000,1621445160383546
167555000,167555000,1621445160482682
179555000,179555000,1621445160584219
191555000,191555000,1621445160684249
203555000,194993572,1621445160783983
215555000,200704439,1621445160886374
215555000,201011928,1621445160986458
215555000,206006487,1621445161083470
215555000,202952371,1621445161182818
210555000,194895993,1621445161287257
210555000,210151481,1621445161383655
210555000,204043116,1621445161484729
210555000,203014093,1621445161583577
210555000,202659327,1621445161684351
210555000,203303309,1621445161784534
210555000,133765213,1621445161883674
168444000,54658695,1621445161982611
134755000,68152624,1621445162082448
107804000,66717241,1621445162182611
86243000,31265631,1621445162286463
68994000,25745659,1621445162382650
55195000,10943930,1621445162482591
44156000,44156000,1621445162586642
44156000,44156000,1621445162682635
56156000,41007453,1621445162784350
68156000,12860953,1621445162886592
54524000,54524000,1621445162982501
54524000,54524000,1621445163083599
66524000,66524000,1621445163183647
78524000,14933510,1621445163283390
90524000,76901063,1621445163382514
90524000,49997710,1621445163486416
72419000,3115484,1621445163583774
57935000,25756179,1621445163682571
46348000,46348000,1621445163784375
46348000,46348000,1621445163882514
58348000,55013289,1621445163982743
70348000,3080871,1621445164482643
56278000,3123991,1621445164582602
45022000,19998384,1621445164682499
36017000,24284283,1621445164882450
30000000,3132878,1621445165482652
30000000,3070386,1621445165582535
30000000,14103949,1621445165682540
30000000,21268190,1621445166182602
30000000,4140596,1621445166482411
30000000,3114603,1621445166578904
30000000,18836932,1621445166983605
30000000,3094637,1621445167483647
30000000,3070733,1621445167582569
30000000,3119940,1621445168482501
30000000,3114314,1621445168582601
30000000,3108572,1621445169482544
30000000,20207375,1621445169583783
30000000,7056473,1621445169682592
30000000,30000000,1621445169782666
30000000,3043335,1621445169882438
42000000,3131980,1621445170482668
33600000,3080527,1621445170582660
30000000,3125928,1621445171482584
30000000,3129504,1621445171582471
30000000,13478325,1621445172083735
30000000,3149527,1621445172482611
30000000,3124612,1621445172582616
30000000,19730744,1621445173082489
30000000,3150227,1621445173482602
30000000,3116760,1621445173582608
30000000,13068160,1621445173882405
