30000000,17798377,1621379211256046
30000000,4785240,1621379211356709
30000000,3198067,1621379211457565
30000000,3219681,1621379211557443
30000000,2119922,1621379211656784
30000000,3217478,1621379211756709
30000000,8304133,1621379211857281
30000000,15070780,1621379211956660
30000000,13493932,1621379212059767
30000000,10796014,1621379212156594
30000000,9372326,1621379212256574
30000000,8267248,1621379212357087
30000000,7061800,1621379212455818
30000000,7307369,1621379212556715
30000000,6047348,1621379212655954
30000000,8089897,1621379212755760
30000000,12750332,1621379212855773
30000000,14202468,1621379212956436
30000000,20434693,1621379213057378
30000000,13644545,1621379213156490
30000000,19632470,1621379213255794
30000000,15362404,1621379213361376
30000000,22618087,1621379213456524
30000000,19915505,1621379213555805
30000000,24736203,1621379213655752
30000000,15488144,1621379213757190
30000000,26268715,1621379213857305
30000000,15212793,1621379213957002
30000000,28735116,1621379214057298
30000000,26104899,1621379214157042
30000000,22044007,1621379214257168
30000000,25243811,1621379214356529
30000000,22013705,1621379214456771
30000000,24199131,1621379214556646
30000000,27811762,1621379214657164
30000000,21865162,1621379214755822
30000000,28711860,1621379214857313
30000000,24468264,1621379214955796
30000000,27978500,1621379215055743
30000000,19409635,1621379215156685
30000000,25099099,1621379215255758
30000000,17352088,1621379215356686
30000000,26362403,1621379215455770
30000000,19836783,1621379215558245
30000000,18286709,1621379215656833
30000000,19471471,1621379215756653
30000000,16554779,1621379215856486
30000000,19155384,1621379215955780
30000000,19384504,1621379216055657
30000000,14431090,1621379216155656
30000000,16918613,1621379216255658
30000000,19206928,1621379216357299
30000000,14893098,1621379216455795
30000000,16453907,1621379216555706
30000000,13602347,1621379216655863
30000000,11397569,1621379216759800
30000000,19980991,1621379216855785
30000000,13227875,1621379216955702
30000000,15434857,1621379217055860
30000000,10711034,1621379217155685
30000000,13665305,1621379217255656
30000000,12026214,1621379217355670
30000000,16790199,1621379217455824
30000000,14526325,1621379217555657
30000000,5972227,1621379217659658
30000000,9631229,1621379217755893
30000000,9789506,1621379217856303
30000000,9184379,1621379217955708
30000000,27089401,1621379218055803
30000000,7813780,1621379218155692
30000000,2145891,1621379218255732
30000000,7378172,1621379218356424
30000000,11315391,1621379218459624
30000000,6179650,1621379218555624
30000000,10372005,1621379218655649
30000000,5734098,1621379218755654
30000000,13864626,1621379218856750
30000000,11010678,1621379218955662
30000000,13140804,1621379219055890
30000000,11741177,1621379219155714
30000000,6334600,1621379219255777
30000000,5820326,1621379219356210
30000000,5950187,1621379219455768
30000000,10774124,1621379219556443
30000000,6700935,1621379219655673
30000000,6094045,1621379219756951
30000000,10206245,1621379219859875
30000000,6316212,1621379219959656
30000000,11602884,1621379220057097
30000000,5959057,1621379220160726
30000000,5085411,1621379220256520
30000000,6467720,1621379220355989
30000000,7603747,1621379220455732
30000000,6566166,1621379220555724
30000000,8364188,1621379220655944
30000000,9796340,1621379220755705
30000000,8116754,1621379220855906
30000000,10110676,1621379220956087
30000000,9421811,1621379221055717
30000000,4226234,1621379221156434
30000000,5044572,1621379221255754
30000000,8993373,1621379221357066
30000000,6096982,1621379221456040
30000000,7037136,1621379221557335
30000000,4997290,1621379221656774
30000000,4225166,1621379221756506
30000000,8189270,1621379221855813
30000000,8141054,1621379221956599
30000000,12432040,1621379222056305
30000000,4231518,1621379222156576
30000000,2190605,1621379222259771
30000000,2146830,1621379222356897
30000000,7122196,1621379222455655
30000000,6993152,1621379222555846
30000000,4933940,1621379222655795
30000000,3214952,1621379222756562
30000000,5476056,1621379222856611
30000000,8198756,1621379222956629
30000000,10679192,1621379223055791
30000000,5253181,1621379223156718
30000000,4968744,1621379223256648
30000000,3838287,1621379223356543
30000000,5906805,1621379223455684
30000000,5965474,1621379223555708
30000000,2148442,1621379223656025
30000000,5004429,1621379223756694
30000000,9102480,1621379223855960
30000000,10206969,1621379223955876
30000000,9807954,1621379224055745
30000000,5976892,1621379224156838
30000000,3164526,1621379224255895
30000000,5679578,1621379224355981
30000000,3198296,1621379224456495
30000000,2140078,1621379224555718
30000000,4844173,1621379224656546
30000000,5975629,1621379224757217
30000000,9419043,1621379224855743
30000000,7989067,1621379224956652
30000000,8144326,1621379225056427
30000000,6969476,1621379225155910
30000000,3217318,1621379225255743
30000000,5096850,1621379225355829
30000000,6216404,1621379225455867
30000000,2141198,1621379225555756
30000000,2149369,1621379225655799
30000000,6259466,1621379225755689
30000000,7237718,1621379225855678
30000000,8082515,1621379225955793
30000000,8156259,1621379226055661
30000000,8049573,1621379226155717
30000000,2166308,1621379226255768
30000000,2147940,1621379226355739
30000000,3205011,1621379226455694
30000000,2128639,1621379226556986
30000000,2144811,1621379226656617
30000000,3256162,1621379226755761
30000000,9244946,1621379226855850
30000000,6367324,1621379226957249
30000000,8068767,1621379227055759
30000000,3207336,1621379227155673
30000000,4853137,1621379227255740
30000000,2137151,1621379227356650
30000000,6121788,1621379227460210
30000000,5449298,1621379227556647
30000000,6020186,1621379227655844
30000000,3206076,1621379227756590
30000000,5439966,1621379227856468
30000000,5307500,1621379227957181
30000000,20156568,1621379228055771
30000000,5889714,1621379228155810
30000000,2176271,1621379228255905
30000000,2147391,1621379228355992
30000000,5928614,1621379228455776
30000000,2161449,1621379228555841
30000000,2153751,1621379228655689
30000000,6976341,1621379228756707
30000000,5438116,1621379228855768
30000000,8163821,1621379228955694
30000000,9107138,1621379229056512
30000000,4931348,1621379229155847
30000000,2138703,1621379229256426
30000000,2188919,1621379229355790
30000000,6968130,1621379229455742
30000000,2143414,1621379229555719
30000000,2150524,1621379229655845
30000000,3200964,1621379229755740
30000000,5457014,1621379229857244
30000000,4263524,1621379229956551
30000000,9097130,1621379230055756
30000000,3207855,1621379230155858
30000000,2150712,1621379230255775
30000000,2144937,1621379230355685
30000000,3210824,1621379230456778
30000000,4949838,1621379230555982
30000000,2148379,1621379230655831
30000000,6950223,1621379230756599
30000000,5474400,1621379230855663
30000000,8111914,1621379230955990
30000000,9760909,1621379231055763
30000000,3227574,1621379231155738
30000000,2145598,1621379231255944
30000000,2142920,1621379231355712
30000000,4963349,1621379231456783
30000000,3214734,1621379231555588
30000000,2141886,1621379231656562
30000000,4993093,1621379231755670
30000000,5479309,1621379231855950
30000000,7002741,1621379231955646
30000000,8075227,1621379232056826
30000000,4958228,1621379232155668
30000000,2185998,1621379232255664
30000000,2151706,1621379232356553
30000000,5008060,1621379232455756
30000000,4415689,1621379232555710
30000000,2149103,1621379232655655
30000000,3209584,1621379232755734
30000000,5462676,1621379232856609
30000000,6289409,1621379232955668
30000000,8173676,1621379233056830
30000000,3254828,1621379233155790
30000000,4849516,1621379233255740
30000000,2145550,1621379233355792
30000000,3261940,1621379233455794
30000000,2142229,1621379233556860
30000000,2130516,1621379233655717
30000000,7787769,1621379233755838
30000000,8368591,1621379233856545
30000000,5326777,1621379233957637
30000000,8743174,1621379234055688
30000000,7149476,1621379234155859
30000000,2157170,1621379234256525
30000000,4521030,1621379234355832
30000000,3211553,1621379234455856
30000000,2149922,1621379234555918
30000000,2148212,1621379234657455
30000000,5971192,1621379234755782
30000000,7039614,1621379234856013
30000000,5301913,1621379234956845
30000000,8112625,1621379235055821
30000000,3222988,1621379235156503
30000000,2141833,1621379235255886
30000000,2143454,1621379235357546
30000000,3216702,1621379235455670
30000000,3217976,1621379235555713
30000000,2149586,1621379235655776
30000000,3211068,1621379235755907
30000000,7343715,1621379235855730
30000000,5302273,1621379235955693
30000000,8175146,1621379236055755
30000000,9176942,1621379236156721
30000000,4821993,1621379236256492
30000000,2152860,1621379236356871
30000000,2104984,1621379236457468
30000000,4872569,1621379236555790
30000000,5213580,1621379236656723
30000000,4221643,1621379236755816
30000000,4362099,1621379236856672
30000000,5307700,1621379236957040
30000000,10758020,1621379237057028
30000000,3154682,1621379237155930
30000000,2223267,1621379237256602
30000000,4837933,1621379237359712
30000000,2098454,1621379237455731
30000000,4407916,1621379237555713
30000000,2147188,1621379237655778
30000000,3197370,1621379237755921
30000000,5387284,1621379237856846
30000000,5293047,1621379237955772
30000000,19454850,1621379238055655
30000000,3202173,1621379238155767
30000000,2142955,1621379238255779
30000000,2133511,1621379238355654
30000000,2100653,1621379238455704
30000000,2147383,1621379238555695
30000000,2151943,1621379238657113
30000000,7075839,1621379238755675
30000000,4404836,1621379238855706
30000000,5318516,1621379238955701
30000000,9705789,1621379239055677
30000000,5867377,1621379239157171
30000000,4779443,1621379239257295
30000000,2138516,1621379239355761
30000000,2091652,1621379239455686
30000000,3219423,1621379239555671
30000000,2148213,1621379239655713
30000000,3206406,1621379239755793
30000000,4503566,1621379239855939
30000000,5299260,1621379239955831
30000000,8160239,1621379240056018
30000000,3203022,1621379240155804
30000000,2137281,1621379240255947
30000000,2131712,1621379240355848
30000000,3191062,1621379240456817
30000000,2126583,1621379240555995
30000000,2159590,1621379240655803
30000000,5881725,1621379240755664
30000000,9036225,1621379240855662
30000000,9000677,1621379240955761
30000000,8098681,1621379241055916
30000000,3210834,1621379241155697
30000000,2143806,1621379241255632
30000000,2147933,1621379241355805
30000000,5949008,1621379241455812
30000000,2130074,1621379241555728
30000000,2146953,1621379241655989
30000000,3215045,1621379241755625
30000000,4350011,1621379241859691
30000000,5337480,1621379241955850
30000000,8074362,1621379242056177
30000000,3196413,1621379242155785
30000000,2139814,1621379242255887
30000000,4902167,1621379242355771
30000000,3250729,1621379242455755
30000000,5491656,1621379242555850
30000000,2189953,1621379242656685
30000000,6047132,1621379242755991
30000000,4327774,1621379242859648
30000000,9171972,1621379242960747
30000000,10762767,1621379243055757
30000000,3201757,1621379243155926
30000000,4908410,1621379243256476
30000000,3167467,1621379243356579
30000000,5979689,1621379243456654
30000000,3208514,1621379243557241
30000000,4933812,1621379243655736
30000000,4230844,1621379243755705
30000000,8056576,1621379243855727
30000000,5303142,1621379243955769
30000000,9017233,1621379244055726
30000000,3196915,1621379244155681
30000000,1105564,1621379244256666
30000000,6357297,1621379244355871
30000000,3216956,1621379244455752
30000000,2190516,1621379244556068
30000000,2137152,1621379244655765
30000000,3209916,1621379244759686
30000000,5444004,1621379244855785
30000000,5287770,1621379244955870
30000000,8049349,1621379245055835
30000000,3202932,1621379245156612
30000000,2132234,1621379245255670
30000000,5030401,1621379245359690
30000000,4232399,1621379245455916
30000000,2145165,1621379245555656
30000000,3804056,1621379245655687
30000000,3179082,1621379245755956
30000000,5480954,1621379245856494
30000000,4195815,1621379245955684
30000000,8633837,1621379246056915
30000000,7332446,1621379246157271
30000000,2140718,1621379246255810
30000000,2147920,1621379246356640
30000000,3216663,1621379246455780
30000000,2169116,1621379246555796
30000000,2157656,1621379246656831
30000000,2105913,1621379246755771
30000000,7198084,1621379246857431
30000000,4194697,1621379246955918
30000000,15294130,1621379247055816
30000000,7288614,1621379247156994
30000000,6535991,1621379247256691
30000000,4227118,1621379247355675
30000000,3202069,1621379247455793
30000000,11296183,1621379247556730
30000000,2151381,1621379247659157
30000000,5185618,1621379247755860
30000000,7081961,1621379247857273
30000000,6347045,1621379247955846
30000000,20383701,1621379248055685
30000000,3196240,1621379248155850
30000000,4930710,1621379248256629
30000000,5407669,1621379248356564
30000000,2149902,1621379248455696
30000000,2148075,1621379248555667
30000000,3216253,1621379248656946
30000000,2147843,1621379248756630
30000000,5327978,1621379248856881
30000000,10187594,1621379248955709
30000000,8033331,1621379249060786
30000000,7697240,1621379249156552
30000000,3170579,1621379249256790
30000000,3219929,1621379249356921
30000000,9591589,1621379249457739
30000000,4813717,1621379249555786
30000000,3196592,1621379249656003
30000000,2151329,1621379249757042
30000000,4281886,1621379249855643
30000000,5314877,1621379249956995
30000000,9124480,1621379250057971
30000000,5947920,1621379250159790
30000000,6053792,1621379250256784
30000000,3202172,1621379250356609
30000000,2154835,1621379250455941
30000000,2156976,1621379250557887
30000000,2154935,1621379250656561
30000000,2153741,1621379250759233
30000000,3181666,1621379250856815
30000000,5307939,1621379250958486
30000000,10486652,1621379251057317
30000000,7161512,1621379251155847
30000000,2150886,1621379251256860
30000000,5909032,1621379251357612
30000000,2137879,1621379251456698
30000000,5983769,1621379251557366
30000000,3201325,1621379251657823
30000000,4874449,1621379251756828
30000000,7041184,1621379251855815
30000000,7347636,1621379251956755
30000000,8140565,1621379252056567
30000000,3205600,1621379252156966
30000000,4894856,1621379252257594
30000000,2148265,1621379252356897
30000000,2142689,1621379252456009
30000000,5478925,1621379252556737
30000000,3210136,1621379252656900
30000000,2157676,1621379252755651
30000000,7107997,1621379252855785
30000000,9335013,1621379252957358
30000000,10891782,1621379253056939
30000000,4222081,1621379253155618
30000000,2139415,1621379253255677
30000000,3205511,1621379253355841
30000000,2137827,1621379253457556
30000000,2150191,1621379253555778
30000000,5977784,1621379253655763
30000000,2144844,1621379253755650
30000000,7083429,1621379253855709
30000000,6458760,1621379253955918
30000000,8167781,1621379254055660
30000000,3212960,1621379254155819
30000000,4944691,1621379254257474
30000000,5550562,1621379254355707
30000000,4833764,1621379254460804
30000000,2149204,1621379254555810
30000000,3235023,1621379254655886
30000000,2145623,1621379254756907
30000000,4295394,1621379254855823
30000000,9233543,1621379254955672
30000000,9785221,1621379255055659
30000000,3198904,1621379255155908
30000000,2139660,1621379255255891
30000000,8819869,1621379255356134
30000000,3163985,1621379255455709
30000000,6050134,1621379255555765
30000000,5817996,1621379255655771
30000000,2131416,1621379255755894
30000000,7056974,1621379255855656
30000000,9258119,1621379255955708
30000000,10887076,1621379256055697
30000000,8251160,1621379256155640
30000000,2133101,1621379256255789
30000000,3187880,1621379256356678
30000000,2146986,1621379256455833
30000000,2141589,1621379256556617
30000000,3211320,1621379256657842
30000000,5911130,1621379256755811
30000000,4301662,1621379256855724
30000000,6465310,1621379256956517
30000000,9125640,1621379257055764
30000000,3194597,1621379257155793
30000000,2131102,1621379257256580
30000000,3233527,1621379257355667
30000000,2148625,1621379257455867
30000000,6175019,1621379257555651
30000000,7314642,1621379257655817
30000000,2138582,1621379257755815
30000000,5939025,1621379257856796
30000000,5436039,1621379257955786
30000000,23745970,1621379258055674
30000000,4235927,1621379258155763
30000000,2134153,1621379258256668
30000000,6104264,1621379258356792
30000000,2132010,1621379258455847
30000000,2132556,1621379258555962
30000000,3275596,1621379258655714
30000000,2135456,1621379258755892
30000000,4332259,1621379258855837
30000000,5417275,1621379258955943
30000000,8064220,1621379259055674
30000000,6099079,1621379259156845
30000000,2151730,1621379259255755
30000000,3314794,1621379259355840
30000000,2153548,1621379259456529
30000000,3258586,1621379259555768
30000000,3229395,1621379259655795
30000000,2179583,1621379259755710
30000000,3186173,1621379259856821
30000000,6435050,1621379259955891
30000000,8105915,1621379260055815
30000000,3215091,1621379260155981
30000000,2154268,1621379260255953
30000000,4221014,1621379260355979
30000000,3140517,1621379260455861
30000000,4194548,1621379260555917
30000000,3206334,1621379260655664
30000000,2154836,1621379260755628
30000000,3181108,1621379260856792
30000000,8729578,1621379260955639
30000000,10153681,1621379261056710
30000000,3221700,1621379261156096
30000000,2144490,1621379261255742
30000000,3223636,1621379261357278
30000000,4920546,1621379261456324
30000000,2135785,1621379261555633
30000000,6046690,1621379261655601
30000000,2140086,1621379261756741
30000000,7046202,1621379261855791
30000000,11055695,1621379261955810
30000000,9860368,1621379262056717
30000000,4207107,1621379262155670
30000000,2140891,1621379262256150
30000000,3259844,1621379262355697
30000000,4928535,1621379262455635
30000000,4407336,1621379262555705
30000000,3289701,1621379262655883
30000000,2143837,1621379262755765
30000000,4270958,1621379262855644
30000000,8321354,1621379262955789
30000000,9148829,1621379263055672
30000000,6086304,1621379263155703
30000000,6657044,1621379263255794
30000000,3216645,1621379263356405
30000000,2150289,1621379263455772
30000000,3229645,1621379263557783
30000000,3227874,1621379263657239
30000000,2128239,1621379263757172
30000000,4266446,1621379263856637
30000000,7995698,1621379263956814
30000000,9766343,1621379264055868
30000000,6033757,1621379264156553
30000000,2149481,1621379264256318
30000000,6592126,1621379264356487
30000000,2177317,1621379264456351
30000000,2136569,1621379264555651
30000000,5924790,1621379264655824
30000000,2127272,1621379264760678
30000000,6963565,1621379264855807
30000000,6487688,1621379264955868
30000000,8055105,1621379265056749
30000000,5937752,1621379265155705
30000000,5836048,1621379265255877
30000000,4213883,1621379265356774
30000000,4844171,1621379265455694
30000000,2135054,1621379265555944
30000000,3222319,1621379265656641
30000000,2153163,1621379265759714
30000000,4279913,1621379265856040
30000000,6479277,1621379265956663
30000000,9793162,1621379266057386
30000000,6379534,1621379266157175
30000000,2137091,1621379266256838
30000000,3194409,1621379266356076
30000000,2184863,1621379266456528
30000000,2145747,1621379266555694
30000000,7072400,1621379266657506
30000000,4947050,1621379266759683
30000000,5279033,1621379266855664
30000000,6586010,1621379266957581
30000000,11039878,1621379267056035
30000000,7124527,1621379267155862
30000000,5899427,1621379267255881
30000000,4214492,1621379267355769
30000000,2150411,1621379267455779
30000000,6589120,1621379267556560
30000000,3194085,1621379267655661
30000000,2160235,1621379267760557
30000000,4287369,1621379267856707
30000000,7473151,1621379267957187
30000000,24677092,1621379268055915
30000000,6003233,1621379268155785
30000000,6027217,1621379268257401
30000000,7019292,1621379268357352
30000000,2122162,1621379268456809
30000000,2128186,1621379268555779
30000000,3202544,1621379268655675
30000000,4942121,1621379268755775
30000000,5283293,1621379268855672
30000000,8094135,1621379268955757
30000000,10844950,1621379269055702
30000000,3204170,1621379269155717
30000000,2183313,1621379269255929
30000000,5957277,1621379269355822
30000000,5939758,1621379269455770
30000000,7196945,1621379269555852
30000000,5892566,1621379269657506
30000000,4808271,1621379269755826
30000000,7951605,1621379269856007
30000000,6565972,1621379269959934
30000000,9250772,1621379270056664
30000000,7031968,1621379270155881
30000000,3200430,1621379270255735
30000000,3207830,1621379270359651
30000000,2148745,1621379270455774
30000000,2148644,1621379270555827
30000000,3217191,1621379270655719
30000000,2140237,1621379270755745
30000000,4286562,1621379270855644
30000000,8819043,1621379270955691
30000000,9090781,1621379271055845
30000000,3195603,1621379271156814
30000000,2143956,1621379271256062
30000000,6006712,1621379271355833
30000000,3161337,1621379271455753
30000000,3210659,1621379271556978
30000000,6195803,1621379271656681
30000000,3167508,1621379271755755
30000000,8005193,1621379271855980
30000000,8275268,1621379271960600
30000000,8114613,1621379272059773
30000000,3207743,1621379272156071
30000000,2146637,1621379272255724
30000000,3267874,1621379272355941
30000000,2141277,1621379272455799
30000000,6158804,1621379272555808
30000000,5846798,1621379272655760
30000000,2146851,1621379272756868
30000000,4271653,1621379272856590
30000000,8170198,1621379272955948
30000000,9045964,1621379273060647
30000000,3260442,1621379273158078
30000000,6795114,1621379273255758
30000000,5895323,1621379273356883
30000000,2192736,1621379273456566
30000000,2133008,1621379273557198
30000000,5958312,1621379273657099
30000000,2138121,1621379273756755
30000000,4271514,1621379273855743
30000000,9174598,1621379273959665
30000000,8012186,1621379274055690
30000000,5899421,1621379274156795
30000000,2144921,1621379274256735
30000000,5525350,1621379274356552
30000000,2134738,1621379274455712
30000000,2137109,1621379274555906
30000000,3207998,1621379274655879
30000000,2143856,1621379274757065
30000000,7077472,1621379274856208
30000000,10164757,1621379274956800
30000000,10730964,1621379275055736
30000000,6231416,1621379275158058
30000000,2135497,1621379275256490
30000000,3199709,1621379275357992
30000000,5060795,1621379275455760
30000000,3221960,1621379275555807
30000000,4229527,1621379275655920
30000000,5891561,1621379275755684
30000000,4284569,1621379275855674
30000000,9399655,1621379275955596
30000000,7058815,1621379276056834
30000000,8112687,1621379276155806
30000000,3153070,1621379276255780
30000000,6087854,1621379276355708
30000000,4871910,1621379276455954
30000000,4892935,1621379276559877
30000000,3193397,1621379276659648
30000000,5173789,1621379276755631
30000000,5320722,1621379276855858
30000000,6466363,1621379276955740
30000000,12589876,1621379277055700
30000000,4210942,1621379277156065
30000000,4930405,1621379277255731
30000000,4217856,1621379277359876
30000000,2165790,1621379277460818
30000000,7282035,1621379277556666
30000000,3215276,1621379277655845
30000000,6118752,1621379277757496
30000000,4270846,1621379277858532
30000000,6520877,1621379277956773
30000000,20670679,1621379278055644
30000000,3211447,1621379278155676
30000000,2145086,1621379278255720
30000000,7028166,1621379278357300
30000000,4891412,1621379278455926
30000000,2128999,1621379278559755
30000000,7035855,1621379278656751
30000000,2128732,1621379278757303
30000000,6974086,1621379278856009
30000000,8545516,1621379278955705
30000000,9112294,1621379279055691
30000000,3196536,1621379279155928
30000000,4937187,1621379279256536
30000000,3211400,1621379279356592
30000000,2146416,1621379279456013
30000000,3234826,1621379279557881
30000000,3194144,1621379279655991
30000000,2139085,1621379279756698
30000000,7052207,1621379279856638
30000000,6465780,1621379279957212
30000000,9092752,1621379280056057
30000000,5948874,1621379280156563
30000000,5131872,1621379280256691
30000000,4220837,1621379280356884
30000000,2135178,1621379280456042
30000000,2141014,1621379280557329
30000000,4237554,1621379280656783
30000000,3153140,1621379280756769
30000000,4274854,1621379280857405
30000000,7482517,1621379280957212
30000000,8087932,1621379281055805
30000000,3203008,1621379281155747
30000000,2148301,1621379281256898
30000000,5932007,1621379281356803
30000000,5822803,1621379281457085
30000000,2132698,1621379281556049
30000000,5929348,1621379281657020
30000000,5204480,1621379281755942
30000000,4250308,1621379281855806
30000000,6469416,1621379281955789
30000000,12131670,1621379282055659
30000000,3197600,1621379282158046
30000000,4896865,1621379282255907
30000000,3198967,1621379282357213
30000000,2134375,1621379282455813
30000000,5436555,1621379282555658
30000000,3197952,1621379282656597
30000000,2152949,1621379282755726
30000000,7063953,1621379282855861
30000000,7486109,1621379282956188
30000000,9015670,1621379283057028
30000000,3219884,1621379283155643
30000000,5875143,1621379283256658
30000000,3252749,1621379283357981
30000000,2156783,1621379283456821
30000000,6137477,1621379283557276
30000000,3219066,1621379283657239
30000000,2147531,1621379283756809
30000000,4281043,1621379283855667
30000000,5286787,1621379283957220
30000000,8047403,1621379284055910
30000000,3206921,1621379284156564
30000000,2205122,1621379284256061
30000000,7359993,1621379284360030
30000000,5104926,1621379284456791
30000000,3147744,1621379284555756
30000000,3207211,1621379284655771
30000000,5073929,1621379284755914
30000000,6938467,1621379284856103
30000000,5315768,1621379284957433
30000000,8925404,1621379285059777
30000000,3206022,1621379285156801
30000000,2139849,1621379285256907
30000000,5938116,1621379285356815
30000000,4829973,1621379285456882
30000000,2140008,1621379285555783
30000000,6028811,1621379285657780
30000000,2145559,1621379285756592
30000000,8019092,1621379285856936
30000000,9305737,1621379285956793
30000000,7996693,1621379286055869
30000000,5260170,1621379286161393
30000000,3162490,1621379286255878
30000000,3203907,1621379286357549
30000000,2146150,1621379286456012
30000000,2137728,1621379286557279
30000000,3201117,1621379286655748
30000000,2145617,1621379286755665
30000000,4281140,1621379286855731
30000000,6512530,1621379286955891
30000000,8076448,1621379287055673
30000000,3255894,1621379287157549
30000000,2134717,1621379287255967
30000000,2222656,1621379287356093
30000000,1105566,1621379287456626
30000000,5500097,1621379287556724
30000000,3195318,1621379287656750
30000000,6509748,1621379287756825
30000000,6959579,1621379287857322
30000000,9170126,1621379287956759
30000000,22326560,1621379288057436
30000000,3204666,1621379288156735
30000000,2166313,1621379288256828
30000000,3229031,1621379288356828
30000000,2145754,1621379288456876
30000000,2143709,1621379288556863
30000000,6053279,1621379288655947
30000000,4955326,1621379288757008
30000000,7933485,1621379288856544
30000000,5284259,1621379288955619
30000000,9109730,1621379289057291
30000000,3200144,1621379289157370
30000000,2149789,1621379289257311
30000000,7226067,1621379289355714
30000000,4959943,1621379289457480
30000000,3149885,1621379289555873
30000000,7040446,1621379289656845
30000000,3177482,1621379289760757
30000000,5283108,1621379289857576
30000000,11754052,1621379289956923
30000000,8092272,1621379290056801
30000000,2178313,1621379290155778
30000000,5035408,1621379290255699
30000000,2211330,1621379290358226
30000000,2199730,1621379290455974
30000000,5034910,1621379290557773
30000000,6912022,1621379290657301
30000000,2134631,1621379290755882
30000000,6962866,1621379290857672
30000000,7482087,1621379290955845
30000000,9250602,1621379291055814
30000000,6110075,1621379291155977
30000000,2158439,1621379291259685
30000000,3287054,1621379291357743
30000000,4883511,1621379291455762
30000000,6920012,1621379291555643
30000000,3221126,1621379291655791
30000000,4910778,1621379291755655
30000000,4265880,1621379291855749
30000000,10232508,1621379291959739
30000000,9723277,1621379292059723
30000000,5975849,1621379292156560
30000000,2142387,1621379292258843
30000000,3192986,1621379292357212
30000000,2151353,1621379292456806
30000000,6535644,1621379292557550
30000000,3198049,1621379292655621
30000000,2158234,1621379292755858
30000000,5966644,1621379292855804
30000000,6463568,1621379292955929
30000000,8094781,1621379293055923
30000000,2125226,1621379293156628
30000000,2136870,1621379293255684
30000000,3196897,1621379293358556
30000000,4959069,1621379293457561
30000000,2133687,1621379293556652
30000000,6133694,1621379293656516
30000000,3140846,1621379293755845
30000000,4283505,1621379293855913
30000000,6448222,1621379293956845
30000000,9157646,1621379294056582
30000000,3258750,1621379294157352
30000000,2163253,1621379294257437
30000000,6610070,1621379294356840
30000000,2138923,1621379294455684
30000000,2146179,1621379294559679
30000000,6057363,1621379294655846
30000000,2140052,1621379294755990
30000000,4271675,1621379294859791
30000000,5477862,1621379294955916
30000000,8160538,1621379295055734
30000000,3201604,1621379295156731
30000000,2145079,1621379295260592
30000000,5998305,1621379295355806
30000000,3152080,1621379295455846
30000000,3231700,1621379295557326
30000000,3199446,1621379295656823
30000000,5040624,1621379295755760
30000000,5271583,1621379295855747
30000000,6403112,1621379295955645
30000000,9037522,1621379296055696
30000000,8375300,1621379296155656
30000000,2128857,1621379296259693
30000000,3189154,1621379296355682
30000000,2146639,1621379296455826
30000000,2146470,1621379296555784
30000000,5961281,1621379296655704
30000000,2150881,1621379296755702
30000000,7127050,1621379296856887
30000000,6449786,1621379296955921
30000000,8045439,1621379297055699
30000000,2140480,1621379297156699
30000000,2132071,1621379297259789
30000000,7202213,1621379297356636
30000000,4935615,1621379297455804
30000000,4387526,1621379297555765
30000000,6069087,1621379297656719
30000000,3165794,1621379297755696
30000000,4302876,1621379297856026
30000000,6568889,1621379297956005
30000000,23812115,1621379298056606
30000000,3188015,1621379298156454
30000000,6754865,1621379298255947
30000000,6011974,1621379298355753
30000000,2143945,1621379298456963
30000000,2141359,1621379298555941
30000000,3209415,1621379298657991
30000000,4932746,1621379298761341
30000000,8562710,1621379298855968
30000000,6447170,1621379298956471
30000000,8024753,1621379299056887
30000000,3195781,1621379299156540
30000000,2140003,1621379299256652
30000000,3205602,1621379299356864
30000000,4981280,1621379299455882
30000000,6090621,1621379299555883
30000000,3187501,1621379299659723
30000000,5920016,1621379299755767
30000000,4318567,1621379299856468
30000000,7236808,1621379299955623
30000000,9113178,1621379300055781
30000000,5993582,1621379300155703
30000000,3157785,1621379300256652
30000000,3195571,1621379300356743
30000000,4939391,1621379300455645
30000000,2127025,1621379300559730
30000000,3198499,1621379300655659
30000000,4939203,1621379300755723
30000000,4259789,1621379300855685
30000000,7966169,1621379300955804
30000000,8019671,1621379301056927
30000000,3258237,1621379301156537
30000000,2187671,1621379301255631
30000000,3304768,1621379301355706
30000000,2145448,1621379301455714
30000000,5026141,1621379301556737
30000000,3183730,1621379301655686
30000000,2148394,1621379301757134
30000000,4283279,1621379301856755
30000000,6312361,1621379301955981
30000000,9756099,1621379302055871
30000000,4788729,1621379302156417
30000000,2146938,1621379302257352
30000000,3214335,1621379302356567
30000000,5947893,1621379302456717
30000000,6138210,1621379302555903
30000000,3187349,1621379302656446
30000000,5951243,1621379302756777
30000000,4276669,1621379302856084
30000000,6504046,1621379302955673
30000000,7997214,1621379303056551
30000000,3212445,1621379303157191
30000000,2144834,1621379303256104
30000000,6113866,1621379303355786
30000000,2164583,1621379303455677
30000000,3245769,1621379303555764
30000000,3212774,1621379303655738
30000000,2146293,1621379303757279
30000000,3250555,1621379303855783
30000000,6479336,1621379303955799
30000000,9112220,1621379304055616
30000000,3276179,1621379304155798
30000000,5003303,1621379304255839
30000000,6573736,1621379304355674
30000000,2141967,1621379304455697
30000000,2135143,1621379304555667
30000000,3262903,1621379304655754
30000000,5926580,1621379304755688
30000000,7170075,1621379304859678
30000000,9224334,1621379304956549
30000000,9979210,1621379305055659
30000000,4226188,1621379305156671
30000000,2153116,1621379305255654
30000000,3203190,1621379305355779
30000000,2153907,1621379305455622
30000000,2155684,1621379305555608
30000000,3218795,1621379305655950
30000000,2169404,1621379305755631
30000000,7049310,1621379305855644
30000000,6455320,1621379305955622
30000000,9237661,1621379306056394
30000000,6366924,1621379306157218
30000000,4966859,1621379306260729
30000000,4203238,1621379306355612
30000000,6038607,1621379306456664
30000000,2145751,1621379306555617
30000000,3207483,1621379306655770
30000000,2174161,1621379306756063
30000000,6980164,1621379306860741
30000000,5396111,1621379306959665
30000000,9050812,1621379307057299
30000000,3217213,1621379307155791
30000000,10835511,1621379307257182
30000000,6503805,1621379307359656
30000000,4241728,1621379307456703
30000000,11917658,1621379307555703
30000000,4236856,1621379307655734
30000000,2159198,1621379307755582
30000000,5373343,1621379307855746
30000000,2163049,1621379307959745
30000000,26196097,1621379308055669
30000000,2157221,1621379308155662
30000000,3233693,1621379308255894
30000000,2143086,1621379308355805
30000000,4382141,1621379308455670
30000000,2139605,1621379308555781
30000000,4954287,1621379308655635
30000000,3205594,1621379308756773
30000000,7125474,1621379308856550
30000000,5327547,1621379308956030
30000000,11874454,1621379309055721
30000000,4930021,1621379309155799
30000000,4228072,1621379309257420
30000000,4843336,1621379309356717
30000000,6909441,1621379309455667
30000000,3366420,1621379309555782
30000000,2142675,1621379309656678
30000000,5987934,1621379309755709
30000000,7041251,1621379309855713
30000000,4301882,1621379309955884
30000000,11477430,1621379310055677
30000000,2138993,1621379310155649
30000000,3202760,1621379310257268
30000000,6430343,1621379310356676
30000000,5981712,1621379310455675
30000000,3161996,1621379310555669
30000000,2136563,1621379310655775
30000000,3225263,1621379310755878
30000000,3184237,1621379310855958
30000000,4224587,1621379310956848
30000000,12077145,1621379311055812
30000000,4315241,1621379311155716
30000000,3316352,1621379311255832
30000000,2162467,1621379311355799
30000000,7104130,1621379311455852
30000000,3208562,1621379311556531
30000000,3803267,1621379311659726
30000000,3201852,1621379311755685
30000000,4289961,1621379311855746
30000000,4231806,1621379311955788
30000000,12338296,1621379312055723
30000000,2155027,1621379312155678
30000000,3191421,1621379312259721
30000000,4946673,1621379312355716
30000000,7211888,1621379312455708
30000000,4474164,1621379312555700
30000000,2147304,1621379312655830
30000000,3210160,1621379312755850
30000000,4180012,1621379312855809
30000000,4249694,1621379312955847
30000000,11490349,1621379313055759
30000000,6276191,1621379313156501
30000000,5896893,1621379313255675
30000000,4983113,1621379313356737
30000000,5909100,1621379313456692
30000000,2150591,1621379313556483
30000000,2163867,1621379313656009
30000000,3196535,1621379313755817
30000000,4268975,1621379313855969
30000000,4278216,1621379313955779
30000000,10302892,1621379314055893
30000000,2151912,1621379314157396
30000000,6003263,1621379314255706
30000000,5531664,1621379314355893
30000000,3227417,1621379314456652
30000000,2147313,1621379314557580
30000000,2151431,1621379314656556
30000000,6005844,1621379314755613
30000000,10816428,1621379314855856
30000000,5243391,1621379314956045
30000000,12079244,1621379315055727
30000000,3212261,1621379315155645
30000000,3186096,1621379315255718
30000000,2220196,1621379315355724
30000000,5953443,1621379315455830
30000000,4223002,1621379315555724
30000000,2217334,1621379315655705
30000000,3204916,1621379315755748
30000000,7111514,1621379315855682
30000000,4231889,1621379315955688
30000000,11354980,1621379316055831
30000000,8220947,1621379316155624
30000000,4253311,1621379316255695
30000000,2142427,1621379316355723
30000000,7810187,1621379316455700
30000000,3209844,1621379316555898
30000000,2140385,1621379316655688
30000000,6940980,1621379316756622
30000000,5283343,1621379316856694
30000000,4233955,1621379316956301
30000000,10418046,1621379317055619
30000000,4888045,1621379317156616
30000000,5983894,1621379317257671
30000000,2115358,1621379317355802
30000000,3223835,1621379317455794
30000000,4478198,1621379317555892
30000000,4959104,1621379317655843
30000000,7142576,1621379317755815
30000000,6882791,1621379317855916
30000000,4214478,1621379317956712
30000000,24127601,1621379318055765
30000000,2147239,1621379318157298
30000000,3188374,1621379318256839
30000000,2107835,1621379318355906
30000000,3163499,1621379318455929
30000000,2137762,1621379318555685
30000000,2123776,1621379318655785
30000000,3181067,1621379318755735
30000000,4246111,1621379318855700
30000000,3219162,1621379318955981
30000000,10225342,1621379319055792
30000000,2112292,1621379319155960
30000000,3156816,1621379319255959
30000000,2101283,1621379319355719
30000000,3153826,1621379319455802
30000000,3185606,1621379319555898
30000000,2122613,1621379319655861
30000000,3189021,1621379319756012
30000000,4238157,1621379319856010
30000000,3191770,1621379319956000
30000000,10288126,1621379320055702
30000000,2125134,1621379320155736
30000000,3187628,1621379320255861
30000000,2113480,1621379320355969
30000000,3162925,1621379320455940
30000000,2107896,1621379320555881
30000000,2127881,1621379320655664
30000000,3206103,1621379320755994
30000000,4269916,1621379320855775
30000000,3173698,1621379320955936
30000000,10232696,1621379321055748
30000000,2101739,1621379321155720
30000000,3164340,1621379321255674
30000000,2110102,1621379321355681
30000000,3165485,1621379321455699
30000000,2109350,1621379321555696
30000000,2120777,1621379321655709
30000000,3165140,1621379321755656
30000000,4238314,1621379321855728
30000000,3178311,1621379321955942
30000000,10215996,1621379322055763
30000000,2114947,1621379322155730
30000000,3154350,1621379322255838
30000000,2116291,1621379322355884
30000000,3174998,1621379322456768
30000000,4356634,1621379322555978
30000000,2153247,1621379322657034
30000000,3176664,1621379322756032
30000000,4246989,1621379322855878
30000000,3185569,1621379322955769
30000000,10245915,1621379323055828
30000000,2117843,1621379323156877
30000000,3165065,1621379323255715
30000000,2113892,1621379323355929
30000000,3165768,1621379323455867
30000000,3230674,1621379323555688
30000000,2125649,1621379323655893
30000000,3174348,1621379323755716
30000000,4219245,1621379323855859
30000000,3184245,1621379323955693
30000000,10331136,1621379324056037
30000000,2117035,1621379324155756
30000000,3207426,1621379324255839
30000000,3141696,1621379324355993
30000000,3163933,1621379324455813
30000000,2104787,1621379324555701
30000000,2134913,1621379324655770
30000000,3164575,1621379324755816
30000000,4230898,1621379324855779
30000000,3168893,1621379324955957
30000000,10258475,1621379325056132
30000000,2113224,1621379325155810
30000000,3170781,1621379325255960
30000000,2110508,1621379325355663
30000000,3151729,1621379325455885
30000000,2115995,1621379325555926
30000000,2111629,1621379325655722
30000000,3169192,1621379325755851
30000000,4236185,1621379325855911
30000000,3176835,1621379325955879
30000000,10251971,1621379326055814
30000000,5222137,1621379326155962
30000000,3160219,1621379326255872
30000000,2105429,1621379326355819
30000000,3170431,1621379326456006
30000000,2106479,1621379326555789
30000000,2122492,1621379326655783
30000000,3192840,1621379326756050
30000000,4259802,1621379326855846
30000000,3186566,1621379326955854
30000000,10241080,1621379327055899
30000000,2141804,1621379327155844
30000000,3185411,1621379327255756
30000000,2106618,1621379327355894
30000000,3155533,1621379327456708
30000000,5560775,1621379327555891
30000000,2151859,1621379327655708
30000000,3183385,1621379327755697
30000000,4236359,1621379327856073
30000000,3172426,1621379327956099
30000000,24226475,1621379328055802
30000000,4920846,1621379328156762
30000000,3195152,1621379328256569
30000000,2125452,1621379328356670
30000000,3169786,1621379328455875
30000000,2118389,1621379328556780
30000000,2103719,1621379328655806
30000000,3165555,1621379328755865
30000000,4260124,1621379328855889
30000000,3179636,1621379328955812
30000000,11809709,1621379329055849
30000000,2132342,1621379329155769
30000000,3165987,1621379329255817
30000000,2113232,1621379329355745
30000000,3164691,1621379329455993
30000000,2102626,1621379329555732
30000000,2105503,1621379329656160
30000000,3170668,1621379329755925
30000000,4240331,1621379329855885
30000000,3186115,1621379329955602
30000000,10268417,1621379330055675
30000000,2115204,1621379330155801
30000000,3168836,1621379330255752
30000000,2117337,1621379330355823
30000000,3174524,1621379330455718
30000000,2138396,1621379330556004
30000000,2116191,1621379330655919
30000000,3180336,1621379330755789
30000000,4250251,1621379330855826
30000000,3213482,1621379330955813
30000000,10279956,1621379331055876
30000000,2124459,1621379331155808
30000000,3166010,1621379331255909
30000000,2107670,1621379331355907
30000000,3158337,1621379331455787
30000000,3174270,1621379331555871
30000000,2104659,1621379331655732
30000000,3158332,1621379331755923
30000000,4240759,1621379331855655
30000000,3193785,1621379331955634
30000000,10356574,1621379332055705
30000000,2122198,1621379332155697
30000000,3177442,1621379332255822
30000000,2111708,1621379332355694
30000000,3166968,1621379332455641
30000000,4455461,1621379332555690
30000000,2114570,1621379332655792
30000000,3180822,1621379332755723
30000000,4245532,1621379332855732
30000000,4205852,1621379332955706
30000000,10220374,1621379333055686
30000000,2110150,1621379333155721
30000000,3165797,1621379333259724
30000000,2103361,1621379333355738
30000000,3151096,1621379333456082
30000000,2101508,1621379333555918
30000000,2100025,1621379333655678
30000000,3160775,1621379333755883
30000000,4224826,1621379333855812
30000000,4245538,1621379333955880
30000000,10227003,1621379334055776
30000000,2125376,1621379334155896
30000000,3204588,1621379334255878
30000000,4540699,1621379334356001
30000000,3171711,1621379334455970
30000000,2104393,1621379334555945
30000000,2106997,1621379334655997
30000000,3174706,1621379334755780
30000000,4229183,1621379334855781
30000000,4198576,1621379334955794
30000000,10256965,1621379335055875
30000000,2115320,1621379335155740
30000000,3194924,1621379335256032
30000000,2124738,1621379335355797
30000000,3159135,1621379335455930
30000000,3234909,1621379335556056
30000000,2112479,1621379335655696
30000000,3194784,1621379335755941
30000000,4241151,1621379335855850
30000000,4192403,1621379335955987
30000000,10290579,1621379336055867
30000000,4176226,1621379336155766
30000000,3162397,1621379336255798
30000000,2108723,1621379336355895
30000000,2139508,1621379336455834
30000000,2108987,1621379336555669
30000000,2103364,1621379336655906
30000000,3162784,1621379336755975
30000000,4233327,1621379336855996
30000000,4184578,1621379336955963
30000000,10287199,1621379337055902
30000000,2128999,1621379337156009
30000000,3198559,1621379337255908
30000000,2111355,1621379337355986
30000000,2140465,1621379337457078
30000000,5522591,1621379337555995
30000000,2111912,1621379337655979
30000000,3180487,1621379337755759
30000000,4252739,1621379337855854
30000000,4203326,1621379337955715
30000000,25084945,1621379338055779
30000000,4896340,1621379338155987
30000000,3237947,1621379338256807
30000000,2114616,1621379338355979
30000000,3221207,1621379338455975
30000000,2109890,1621379338555887
30000000,2130578,1621379338655923
30000000,3157828,1621379338755863
30000000,4231619,1621379338855894
30000000,4189954,1621379338955948
30000000,10210639,1621379339055911
30000000,2117715,1621379339155887
30000000,3171066,1621379339255847
30000000,2112422,1621379339356055
30000000,3162077,1621379339455752
30000000,3185191,1621379339555907
30000000,2112420,1621379339656009
30000000,3194803,1621379339755698
30000000,4251261,1621379339855744
30000000,4215492,1621379339955698
30000000,9336779,1621379340055838
30000000,2126427,1621379340155897
30000000,3222161,1621379340255643
30000000,2116167,1621379340355840
30000000,3166706,1621379340455828
30000000,2115361,1621379340555964
30000000,2141394,1621379340655871
30000000,3171498,1621379340755723
30000000,4241005,1621379340855796
30000000,4188326,1621379340955954
30000000,9261217,1621379341055970
30000000,2141362,1621379341155817
30000000,3205522,1621379341255878
30000000,2125739,1621379341355865
30000000,3240269,1621379341456048
30000000,2102655,1621379341555760
30000000,2117487,1621379341656010
30000000,3226921,1621379341755769
30000000,4234369,1621379341855699
30000000,4198306,1621379341955949
30000000,10288682,1621379342055877
30000000,2111517,1621379342155841
30000000,3161922,1621379342255664
30000000,2119568,1621379342355966
30000000,3165598,1621379342457213
30000000,4413890,1621379342555824
30000000,2121633,1621379342656685
30000000,3160276,1621379342755901
30000000,4225739,1621379342855763
30000000,4203388,1621379342955882
30000000,10305255,1621379343055931
30000000,2121529,1621379343155757
30000000,3179445,1621379343255754
30000000,2107262,1621379343355970
30000000,3148391,1621379343455889
30000000,3185518,1621379343556011
30000000,2126447,1621379343655940
30000000,3161184,1621379343755952
30000000,4226900,1621379343855991
30000000,4199369,1621379343955796
30000000,10209034,1621379344055861
30000000,2130960,1621379344155731
30000000,3179878,1621379344255633
30000000,4646200,1621379344355715
30000000,3180446,1621379344455980
30000000,2101658,1621379344555939
30000000,2116545,1621379344659932
30000000,3175169,1621379344755752
30000000,4282167,1621379344855667
30000000,4208655,1621379344955668
30000000,9285003,1621379345055833
30000000,2111763,1621379345155746
30000000,3165683,1621379345255674
30000000,2137721,1621379345355676
30000000,3177441,1621379345455960
30000000,2119064,1621379345555820
30000000,2147694,1621379345655715
30000000,3197052,1621379345755765
30000000,4240610,1621379345855921
30000000,4185531,1621379345955903
30000000,9334466,1621379346055970
30000000,4178463,1621379346159695
30000000,3149625,1621379346255806
30000000,2105846,1621379346355964
30000000,3166867,1621379346455715
30000000,2105272,1621379346556039
30000000,2120534,1621379346655725
30000000,3169107,1621379346755881
30000000,4231826,1621379346855752
30000000,4205502,1621379346956014
30000000,10234324,1621379347055943
30000000,2125150,1621379347155855
30000000,3207037,1621379347255712
30000000,2179962,1621379347355946
30000000,2149333,1621379347456917
30000000,5505848,1621379347556023
30000000,2130640,1621379347655786
30000000,3230260,1621379347755816
30000000,4244243,1621379347855965
30000000,4220032,1621379347956009
30000000,23850692,1621379348055952
30000000,2126308,1621379348156041
30000000,3231654,1621379348255812
30000000,2130692,1621379348356543
30000000,3170281,1621379348455760
30000000,2115623,1621379348555916
30000000,2152620,1621379348655959
30000000,3171948,1621379348755819
30000000,4240433,1621379348855855
30000000,4204307,1621379348955825
30000000,9228965,1621379349055892
30000000,2158635,1621379349155990
30000000,3166838,1621379349255996
30000000,2108587,1621379349355906
30000000,3164407,1621379349455811
30000000,2113094,1621379349555930
30000000,2131583,1621379349656023
30000000,3161998,1621379349755699
30000000,4236443,1621379349855962
30000000,4201543,1621379349955803
30000000,9266233,1621379350055833
30000000,2153802,1621379350155805
30000000,3184199,1621379350255923
30000000,2116465,1621379350355953
30000000,3160748,1621379350455941
30000000,2126248,1621379350555681
30000000,2168021,1621379350655832
30000000,3168320,1621379350756046
30000000,4233085,1621379350855890
30000000,4209803,1621379350955842
30000000,9304782,1621379351055906
30000000,2116470,1621379351155742
30000000,3173285,1621379351255703
30000000,2108788,1621379351356024
30000000,3174842,1621379351455920
30000000,3188615,1621379351555957
30000000,2122741,1621379351655917
30000000,3165710,1621379351755972
30000000,4235135,1621379351855917
30000000,4216421,1621379351955852
30000000,9102418,1621379352055918
30000000,2121929,1621379352159835
30000000,3177302,1621379352259866
30000000,2109837,1621379352356085
30000000,3174451,1621379352455914
30000000,4371734,1621379352555742
30000000,2181402,1621379352655890
30000000,3179590,1621379352755971
30000000,4261111,1621379352855775
30000000,4212862,1621379352955868
30000000,10235651,1621379353055886
30000000,2125991,1621379353155946
30000000,3172202,1621379353255871
30000000,2108295,1621379353355901
30000000,3192712,1621379353455946
30000000,2111078,1621379353555959
30000000,2135711,1621379353656046
30000000,3166793,1621379353755812
30000000,4238510,1621379353855786
30000000,4218697,1621379353955706
30000000,9263739,1621379354055639
30000000,2126254,1621379354155624
30000000,3186818,1621379354255997
30000000,4513279,1621379354355785
30000000,3168332,1621379354455919
30000000,2114056,1621379354555940
30000000,2127909,1621379354655997
30000000,3194007,1621379354755870
30000000,4249273,1621379354855782
30000000,4200219,1621379354955927
30000000,9183120,1621379355055774
30000000,2113725,1621379355155785
30000000,3168090,1621379355255729
30000000,2108516,1621379355355861
30000000,3166371,1621379355456019
30000000,3189831,1621379355555731
30000000,2108798,1621379355655978
30000000,3194720,1621379355756058
30000000,4244280,1621379355855877
30000000,4245954,1621379355955842
30000000,9212537,1621379356055829
30000000,4193660,1621379356156033
30000000,3186850,1621379356255768
30000000,2130206,1621379356355961
30000000,3173780,1621379356455917
30000000,2109809,1621379356555881
30000000,2123668,1621379356655953
30000000,3175290,1621379356755900
30000000,4249512,1621379356855890
30000000,4199609,1621379356955848
30000000,9243499,1621379357055853
30000000,2111794,1621379357155738
30000000,3163480,1621379357255916
30000000,2154768,1621379357355780
30000000,3166724,1621379357456996
30000000,4441614,1621379357555855
30000000,2182573,1621379357655878
30000000,3200438,1621379357755687
30000000,4306185,1621379357855741
30000000,4205692,1621379357955897
30000000,24292521,1621379358055981
30000000,2135046,1621379358154215
30000000,3225735,1621379358255796
30000000,2132959,1621379358355786
30000000,3169859,1621379358456816
30000000,2108186,1621379358555726
30000000,2131428,1621379358656005
30000000,3188999,1621379358756055
30000000,4250396,1621379358855845
30000000,4210820,1621379358955757
30000000,10361118,1621379359055901
30000000,2120284,1621379359155859
30000000,3160826,1621379359255747
30000000,2105542,1621379359355999
30000000,3169627,1621379359455849
30000000,3193377,1621379359555867
30000000,2146605,1621379359655881
30000000,3182069,1621379359755769
30000000,4304624,1621379359855771
30000000,4201539,1621379359955778
30000000,10386550,1621379360055773
30000000,2112710,1621379360155699
30000000,3186129,1621379360255807
30000000,2115396,1621379360355727
30000000,3166354,1621379360455821
30000000,2107856,1621379360556037
30000000,2125396,1621379360655779
30000000,3209513,1621379360756002
30000000,4248924,1621379360855777
30000000,4205558,1621379360955818
30000000,10311188,1621379361055793
30000000,2119314,1621379361155861
30000000,3176354,1621379361255864
30000000,2104733,1621379361355805
30000000,3173733,1621379361455698
30000000,2121259,1621379361556002
30000000,2112508,1621379361655829
30000000,3165782,1621379361755955
30000000,4244268,1621379361855836
30000000,4214096,1621379361955861
30000000,10338486,1621379362055743
30000000,2118203,1621379362155734
30000000,3176683,1621379362255911
30000000,2115438,1621379362355836
30000000,3173283,1621379362456539
30000000,4467607,1621379362555896
30000000,2154061,1621379362655660
30000000,3180853,1621379362755682
30000000,4256084,1621379362855651
30000000,4203006,1621379362955675
30000000,10336001,1621379363055696
30000000,2120215,1621379363155695
30000000,3160694,1621379363255713
30000000,2105391,1621379363355704
30000000,3166956,1621379363455713
30000000,3170642,1621379363555718
30000000,2105369,1621379363655602
30000000,3196062,1621379363755858
30000000,4241912,1621379363855715
30000000,4211482,1621379363955851
30000000,10320204,1621379364055854
30000000,2125589,1621379364155696
30000000,3211425,1621379364255981
30000000,4546316,1621379364356019
30000000,3170811,1621379364455889
30000000,2114117,1621379364555814
30000000,2144305,1621379364656130
30000000,3180161,1621379364755990
30000000,4242554,1621379364855963
30000000,4213319,1621379364955726
30000000,11324839,1621379365055757
30000000,2119171,1621379365155775
30000000,3178743,1621379365255941
30000000,2107865,1621379365355956
30000000,3162014,1621379365455768
30000000,2113436,1621379365555772
30000000,2114496,1621379365659847
30000000,3234209,1621379365755895
30000000,4240254,1621379365855851
30000000,4240449,1621379365955856
30000000,10279758,1621379366055829
30000000,4193912,1621379366156003
30000000,3171351,1621379366255834
30000000,2117849,1621379366355922
30000000,3166144,1621379366455728
30000000,2158528,1621379366555906
30000000,2113898,1621379366655631
30000000,3161664,1621379366755677
30000000,4242450,1621379366855809
30000000,4192433,1621379366955650
30000000,25932690,1621379367055644
30000000,2121517,1621379367155688
30000000,3177135,1621379367255674
30000000,12809944,1621379367355623
30000000,4250738,1621379367455727
30000000,21949890,1621379367555600
30000000,3190820,1621379367655645
30000000,4201129,1621379367755713
30000000,4247152,1621379367855653
30000000,5273833,1621379367955740
30000000,7927869,1621379368055809
30000000,4219393,1621379368155846
30000000,2126229,1621379368255699
30000000,3200174,1621379368355710
30000000,2114409,1621379368455870
30000000,4349111,1621379368555874
30000000,2121123,1621379368655826
30000000,2116954,1621379368755931
30000000,5307272,1621379368856021
30000000,4213710,1621379368955733
30000000,9082741,1621379369055873
30000000,3190115,1621379369155706
30000000,2121497,1621379369255871
30000000,3175557,1621379369355789
30000000,2111542,1621379369455814
30000000,3169446,1621379369556013
30000000,3286673,1621379369655992
30000000,2113628,1621379369755792
30000000,5296967,1621379369855839
30000000,4194667,1621379369955789
30000000,8058177,1621379370055765
30000000,3206374,1621379370155866
30000000,2171481,1621379370255795
30000000,4209304,1621379370355711
30000000,2112036,1621379370455932
30000000,3229012,1621379370555969
30000000,2137652,1621379370655844
30000000,2149538,1621379370755763
30000000,5303351,1621379370855660
30000000,4196549,1621379370955693
30000000,8067244,1621379371055660
30000000,3225790,1621379371155609
30000000,3275666,1621379371255643
30000000,3173061,1621379371355768
30000000,2117425,1621379371455662
30000000,4247813,1621379371555621
30000000,2118174,1621379371655609
30000000,2107642,1621379371755817
30000000,5301586,1621379371855611
30000000,4201600,1621379371955638
30000000,8039443,1621379372055640
30000000,4274009,1621379372155642
30000000,2132241,1621379372255647
30000000,3237078,1621379372356665
30000000,2122138,1621379372455642
30000000,5506191,1621379372555812
30000000,2109711,1621379372656167
30000000,2115082,1621379372755773
30000000,5302002,1621379372855974
30000000,4193279,1621379372955743
30000000,7980743,1621379373055910
30000000,4325235,1621379373155926
30000000,2127680,1621379373255811
30000000,3165128,1621379373355710
30000000,2116829,1621379373455914
30000000,3176409,1621379373555978
30000000,2118035,1621379373655761
30000000,2125463,1621379373755975
30000000,5340785,1621379373855815
30000000,4193830,1621379373955995
30000000,8046392,1621379374056031
30000000,4332451,1621379374155949
30000000,2110220,1621379374255815
30000000,4668023,1621379374355934
30000000,2107915,1621379374456005
30000000,3179142,1621379374555752
30000000,2114043,1621379374655674
30000000,2109236,1621379374755712
30000000,5314248,1621379374855719
30000000,4205424,1621379374955715
30000000,7958397,1621379375055652
30000000,4323221,1621379375155802
30000000,2116873,1621379375255704
30000000,3166625,1621379375355653
30000000,2106994,1621379375455787
30000000,4260106,1621379375555636
30000000,2118894,1621379375655758
30000000,2147010,1621379375755714
30000000,5305215,1621379375855713
30000000,4203877,1621379375955708
30000000,8074293,1621379376055919
30000000,6401044,1621379376155701
30000000,2112884,1621379376255703
30000000,3170921,1621379376355767
30000000,2119401,1621379376455932
30000000,3192818,1621379376556076
30000000,2118398,1621379376655792
30000000,2118592,1621379376755970
30000000,5316686,1621379376855982
30000000,4208422,1621379376955949
30000000,8077915,1621379377055794
30000000,4331455,1621379377155933
30000000,2114886,1621379377255913
30000000,3172498,1621379377355941
30000000,2156093,1621379377456019
30000000,5511804,1621379377556036
30000000,2125070,1621379377656075
30000000,2116520,1621379377755846
30000000,5292664,1621379377855755
30000000,4205669,1621379377955971
30000000,14617636,1621379378055876
30000000,4321111,1621379378155862
30000000,2127626,1621379378256631
30000000,3158918,1621379378355681
30000000,2145136,1621379378455936
30000000,3169966,1621379378555677
30000000,2118479,1621379378655797
30000000,2118118,1621379378755692
30000000,5319874,1621379378855652
30000000,4208258,1621379378955668
30000000,8041474,1621379379055628
30000000,4315855,1621379379155652
30000000,2107681,1621379379255694
30000000,3160593,1621379379355682
30000000,2127197,1621379379455623
30000000,4263183,1621379379555868
30000000,2124257,1621379379655754
30000000,2117451,1621379379755673
30000000,5332177,1621379379855959
30000000,4208753,1621379379955737
30000000,8053980,1621379380055837
30000000,4335836,1621379380155838
30000000,2116538,1621379380255702
30000000,3178124,1621379380355989
30000000,2115266,1621379380455742
30000000,3168283,1621379380556051
30000000,2110469,1621379380655932
30000000,2156349,1621379380755729
30000000,5293939,1621379380855731
30000000,4205249,1621379380955849
30000000,8156685,1621379381055787
30000000,4369746,1621379381155877
30000000,2108374,1621379381255726
30000000,3163451,1621379381355700
30000000,2112422,1621379381455743
30000000,3164841,1621379381555859
30000000,2109862,1621379381655972
30000000,2107172,1621379381755842
30000000,5301609,1621379381855740
30000000,4191989,1621379381955772
30000000,7978873,1621379382055910
30000000,4344084,1621379382155787
30000000,2110606,1621379382255720
30000000,3175699,1621379382355639
30000000,2102223,1621379382455643
30000000,5442197,1621379382555637
30000000,2121867,1621379382655774
30000000,2122037,1621379382755710
30000000,5338938,1621379382855664
30000000,4194256,1621379382955615
30000000,8011260,1621379383055719
30000000,4367418,1621379383155789
30000000,2117318,1621379383255872
30000000,3169659,1621379383355690
30000000,2113947,1621379383455695
30000000,4292591,1621379383555702
30000000,2104921,1621379383655827
30000000,2144418,1621379383755648
30000000,5295913,1621379383855661
30000000,4196702,1621379383955876
30000000,8015804,1621379384055672
30000000,4323180,1621379384155768
30000000,2114302,1621379384255930
30000000,4610479,1621379384355926
30000000,2143324,1621379384455715
30000000,3168806,1621379384556037
30000000,2129330,1621379384656041
30000000,2104184,1621379384755757
30000000,5295218,1621379384855695
30000000,4198478,1621379384955849
30000000,8117836,1621379385055699
30000000,4319927,1621379385155901
30000000,2111193,1621379385255912
30000000,3164958,1621379385355751
30000000,2107534,1621379385455850
30000000,3225734,1621379385555919
30000000,2128055,1621379385655787
30000000,2106805,1621379385755900
30000000,5319746,1621379385855768
30000000,4201514,1621379385955933
30000000,7967937,1621379386055980
30000000,6389781,1621379386155770
30000000,2115505,1621379386255662
30000000,3164750,1621379386355721
30000000,2114788,1621379386455683
30000000,3161258,1621379386555632
30000000,2111586,1621379386655639
30000000,2121151,1621379386755623
30000000,5290364,1621379386855690
30000000,4188895,1621379386955708
30000000,7999360,1621379387055816
30000000,4309539,1621379387159600
30000000,2103235,1621379387255621
30000000,3158110,1621379387355727
30000000,2096239,1621379387455705
30000000,6595665,1621379387555737
30000000,2145782,1621379387655727
30000000,2125646,1621379387755720
30000000,5293182,1621379387855718
30000000,4189385,1621379387955836
30000000,15402455,1621379388055776
30000000,4316498,1621379388155883
30000000,2116236,1621379388255767
30000000,3163933,1621379388355854
30000000,2100500,1621379388455887
30000000,3152131,1621379388555886
30000000,2121921,1621379388656033
30000000,2103184,1621379388755795
30000000,5303240,1621379388855877
30000000,4202010,1621379388955813
30000000,7894814,1621379389055950
30000000,4315432,1621379389155864
30000000,2110647,1621379389255722
30000000,3165772,1621379389355718
30000000,2108098,1621379389455737
30000000,3163011,1621379389555946
30000000,2107991,1621379389655797
30000000,2120767,1621379389755769
30000000,5304351,1621379389855975
30000000,4193667,1621379389955937
30000000,8013277,1621379390055720
30000000,4313718,1621379390155823
30000000,2116267,1621379390255653
30000000,3163142,1621379390355800
30000000,2108216,1621379390455626
30000000,3159103,1621379390555820
30000000,2154466,1621379390655721
30000000,2128261,1621379390755645
30000000,5365590,1621379390855721
30000000,4236847,1621379390955696
30000000,8004608,1621379391055843
30000000,4338137,1621379391155766
30000000,2117501,1621379391255770
30000000,3162512,1621379391355771
30000000,2122414,1621379391455813
30000000,4241522,1621379391555928
30000000,2110431,1621379391655825
30000000,2114353,1621379391755979
30000000,5294563,1621379391855802
30000000,4200038,1621379391955725
30000000,8020081,1621379392055843
30000000,4350245,1621379392155962
30000000,2118528,1621379392255756
30000000,3179553,1621379392355774
30000000,2111739,1621379392457030
30000000,6613486,1621379392555778
30000000,2136501,1621379392655726
30000000,2130840,1621379392755821
30000000,5358665,1621379392855815
30000000,4210049,1621379392955866
30000000,8011209,1621379393055875
30000000,4346758,1621379393155959
30000000,2111924,1621379393255836
30000000,3174020,1621379393355888
30000000,2098705,1621379393455847
