30000000,1073011,1621379211544579
30000000,2087885,1621379211744518
30000000,1044714,1621379212544570
30000000,2134510,1621379212744643
30000000,1047293,1621379213546706
30000000,2134765,1621379213745903
30000000,1047602,1621379214545846
30000000,2151029,1621379214745337
30000000,1084606,1621379215544525
30000000,2129011,1621379215744433
30000000,1042087,1621379216545735
30000000,2130011,1621379216744410
30000000,1047767,1621379217545221
30000000,2132742,1621379217745542
30000000,1047816,1621379218544430
30000000,2127746,1621379218745704
30000000,1077661,1621379219544409
30000000,2132269,1621379219745298
30000000,1041519,1621379220545146
30000000,2136676,1621379220745774
30000000,1047504,1621379221545234
30000000,2133333,1621379221746267
30000000,2073404,1621379222546448
30000000,2132304,1621379222745205
30000000,2043552,1621379223548452
30000000,2133598,1621379223745125
30000000,1043977,1621379224644490
30000000,2125973,1621379224744492
30000000,1054235,1621379225644677
30000000,2135769,1621379225745006
30000000,1045235,1621379226645309
30000000,2133752,1621379226744429
30000000,1049204,1621379227644413
30000000,2172605,1621379227744435
30000000,1045007,1621379228645247
30000000,2128935,1621379228744418
30000000,1045262,1621379229645899
30000000,2129645,1621379229746129
30000000,1040979,1621379230645109
30000000,2129559,1621379230745395
30000000,1044837,1621379231644662
30000000,2131743,1621379231744541
30000000,2042122,1621379232645150
30000000,2128722,1621379232744582
30000000,1042382,1621379233644533
30000000,2131080,1621379233745913
30000000,1042247,1621379234644478
30000000,2137424,1621379234744337
30000000,1051200,1621379235645170
30000000,2136813,1621379235745853
30000000,1047943,1621379236644542
30000000,2133474,1621379236744458
30000000,1074179,1621379237645157
30000000,2136654,1621379237748482
30000000,1041069,1621379238645909
30000000,2133197,1621379238745479
30000000,1047837,1621379239645365
30000000,2134989,1621379239746083
30000000,1047170,1621379240644352
30000000,2130114,1621379240745646
30000000,1079345,1621379241644431
30000000,2125354,1621379241744355
30000000,1041297,1621379242645513
30000000,2133236,1621379242745776
30000000,1046642,1621379243645443
30000000,2130821,1621379243746455
30000000,1046749,1621379244649435
30000000,2139782,1621379244744543
30000000,2036480,1621379245646668
30000000,2147274,1621379245745871
30000000,1040252,1621379246645292
30000000,2123171,1621379246745476
30000000,1041364,1621379247658968
30000000,2131527,1621379247745253
30000000,1089475,1621379248645682
30000000,2131845,1621379248745371
30000000,1038276,1621379249645516
30000000,2156814,1621379249745190
30000000,1045370,1621379250644659
30000000,2189020,1621379250744714
30000000,1042230,1621379251645572
30000000,2133206,1621379251744557
30000000,1045761,1621379252645896
30000000,2134128,1621379252745212
30000000,1111526,1621379253646037
30000000,2124872,1621379253744601
30000000,1051937,1621379254645842
30000000,2126236,1621379254744433
30000000,1044357,1621379255645301
30000000,2131670,1621379255745254
30000000,1039211,1621379256644461
30000000,2132022,1621379256745277
30000000,1061937,1621379257645474
30000000,2126514,1621379257745868
30000000,1039803,1621379258645193
30000000,3326318,1621379258745351
30000000,1048289,1621379259645259
30000000,2187301,1621379259749215
30000000,1047851,1621379260645924
30000000,2135843,1621379260745763
30000000,1045369,1621379261645474
30000000,2136021,1621379261744528
30000000,1043232,1621379262645313
30000000,2150050,1621379262745200
30000000,1044831,1621379263645353
30000000,2138491,1621379263744464
30000000,1047242,1621379264644487
30000000,2130451,1621379264744514
30000000,1081429,1621379265646671
30000000,2130527,1621379265746260
30000000,1040374,1621379266645482
30000000,2138374,1621379266744461
30000000,1047088,1621379267645194
30000000,2137498,1621379267745187
30000000,1047796,1621379268644493
30000000,2135533,1621379268744383
30000000,2039422,1621379269645836
30000000,2136915,1621379269745305
30000000,1043236,1621379270644674
30000000,3215541,1621379270744429
30000000,1043460,1621379271645386
30000000,2192186,1621379271745223
30000000,1043101,1621379272645886
30000000,2136187,1621379272745389
30000000,2033139,1621379273644419
30000000,2130168,1621379273744538
30000000,1037231,1621379274644479
30000000,2129836,1621379274744421
30000000,1038031,1621379275645196
30000000,2122005,1621379275745382
30000000,1041448,1621379276645325
30000000,2137661,1621379276745282
30000000,2041255,1621379277645662
30000000,2141285,1621379277745331
30000000,1038235,1621379278646530
30000000,2144655,1621379278745952
30000000,1039508,1621379279644709
30000000,2137751,1621379279744358
30000000,1035061,1621379280644550
30000000,2134381,1621379280746033
30000000,1039671,1621379281645191
30000000,2132122,1621379281745808
30000000,1068824,1621379282645256
30000000,2135167,1621379282745112
30000000,1037377,1621379283644606
30000000,2132590,1621379283746043
30000000,1034566,1621379284645729
30000000,2184386,1621379284744541
30000000,1042014,1621379285646457
30000000,2132557,1621379285745581
30000000,1076048,1621379286645182
30000000,2137991,1621379286744414
30000000,1036704,1621379287645253
30000000,2133170,1621379287744566
30000000,1043526,1621379288644509
30000000,2131218,1621379288744369
30000000,1037054,1621379289646140
30000000,2122649,1621379289748563
30000000,1063789,1621379290645435
30000000,2131014,1621379290744488
30000000,1048280,1621379291645223
30000000,2130483,1621379291745007
30000000,1042440,1621379292645490
30000000,2120392,1621379292746463
30000000,1039295,1621379293645938
30000000,2125443,1621379293745243
30000000,1042231,1621379294645346
30000000,2131771,1621379294744469
30000000,1074539,1621379295645935
30000000,2179494,1621379295745156
30000000,1038133,1621379296645640
30000000,2183139,1621379296746057
30000000,1037362,1621379297644392
30000000,2140836,1621379297744333
30000000,1038965,1621379298644325
30000000,2127541,1621379298744350
30000000,1086040,1621379299644353
30000000,2231151,1621379299744403
30000000,1039916,1621379300646394
30000000,2132034,1621379300746399
30000000,1039162,1621379301644387
30000000,2135532,1621379301749114
30000000,1047857,1621379302644335
30000000,2133145,1621379302744376
30000000,1062933,1621379303644348
30000000,2137248,1621379303745618
30000000,1039777,1621379304645207
30000000,2134119,1621379304744378
30000000,1034053,1621379305644376
30000000,2138413,1621379305744338
30000000,1029449,1621379306648386
30000000,2162355,1621379306745294
30000000,3085697,1621379307644361
30000000,2133920,1621379307744394
30000000,1046377,1621379308645018
30000000,2159686,1621379308745257
30000000,1048598,1621379309645202
30000000,2132200,1621379309744366
30000000,1041651,1621379310644450
30000000,2169645,1621379310745735
30000000,1069403,1621379311646602
30000000,2135388,1621379311744378
30000000,1042013,1621379312646236
30000000,2132583,1621379312744624
30000000,1043218,1621379313645350
30000000,2128797,1621379313744379
30000000,1043338,1621379314644654
30000000,2121556,1621379314744450
30000000,1084074,1621379315644353
30000000,2133144,1621379315745101
30000000,1042689,1621379316644428
30000000,2132475,1621379316744495
30000000,1047891,1621379317645700
30000000,2135041,1621379317744586
30000000,1051239,1621379318644707
30000000,2138262,1621379318744588
30000000,1080004,1621379319644558
30000000,2182853,1621379319744600
30000000,1037038,1621379320644471
30000000,2117391,1621379320744537
30000000,1048343,1621379321644540
30000000,2135154,1621379321744544
30000000,1048553,1621379322644357
30000000,2125295,1621379322744438
30000000,1036044,1621379323644414
30000000,2123760,1621379323744402
30000000,1047987,1621379324644706
30000000,2130600,1621379324744577
30000000,1046214,1621379325644635
30000000,1062486,1621379325744548
30000000,1097829,1621379325844520
30000000,1049375,1621379326644471
30000000,1026404,1621379326744514
30000000,1098169,1621379326844565
30000000,1035964,1621379327644430
30000000,1027634,1621379327744550
30000000,1103020,1621379327844428
30000000,1048307,1621379328644420
30000000,1024664,1621379328744494
30000000,1096618,1621379328844406
30000000,1048063,1621379329644763
30000000,1026469,1621379329744506
30000000,1103099,1621379329844555
30000000,1078283,1621379330644573
30000000,1025582,1621379330744585
30000000,1102808,1621379330844553
30000000,2071536,1621379331744673
30000000,1104004,1621379331844613
30000000,2075863,1621379332744446
30000000,1097078,1621379332844554
30000000,2089198,1621379333744459
30000000,1109972,1621379333844456
30000000,2114941,1621379334744499
30000000,1101730,1621379334844418
30000000,2074753,1621379335744552
30000000,1103421,1621379335844546
30000000,2078179,1621379336744447
30000000,1104083,1621379336844376
30000000,2076524,1621379337744462
30000000,1147017,1621379337844464
30000000,2103277,1621379338744433
30000000,1104410,1621379338844389
30000000,2073765,1621379339744405
30000000,1133207,1621379339844326
30000000,2068479,1621379340744411
30000000,1156000,1621379340844437
30000000,2074536,1621379341744699
30000000,1103330,1621379341844531
30000000,2070380,1621379342744443
30000000,1102936,1621379342844526
30000000,2080787,1621379343744467
30000000,1101663,1621379343844499
30000000,2064245,1621379344744472
30000000,1099880,1621379344844464
30000000,2079345,1621379345744477
30000000,1099712,1621379345844525
30000000,2098887,1621379346744535
30000000,1104684,1621379346844498
30000000,2073525,1621379347744394
30000000,1145455,1621379347844635
30000000,2068506,1621379348744539
30000000,1103610,1621379348844448
30000000,2050054,1621379349744415
30000000,1105272,1621379349844585
30000000,2057941,1621379350748489
30000000,1105032,1621379350844478
30000000,2079905,1621379351744456
30000000,1102575,1621379351844569
30000000,2079808,1621379352744557
30000000,1095053,1621379352844384
30000000,2084090,1621379353744572
30000000,1103542,1621379353844651
30000000,3087135,1621379354744565
30000000,1099057,1621379354844634
30000000,2072790,1621379355744500
30000000,1094972,1621379355844514
30000000,2071436,1621379356744583
30000000,1097591,1621379356844440
30000000,2079656,1621379357744526
30000000,1106298,1621379357844473
30000000,2104922,1621379358744443
30000000,1103146,1621379358848557
30000000,2068257,1621379359744518
30000000,1107976,1621379359844426
30000000,2078031,1621379360744544
30000000,1103537,1621379360844369
30000000,2100538,1621379361744496
30000000,1120279,1621379361844563
30000000,2071743,1621379362744552
30000000,1100063,1621379362844532
30000000,2074156,1621379363744579
30000000,1098586,1621379363844559
30000000,2074983,1621379364744565
30000000,1100348,1621379364844558
30000000,2064861,1621379365744551
30000000,1100097,1621379365848565
30000000,2064813,1621379366744590
30000000,1101116,1621379366844616
30000000,2075095,1621379367744489
30000000,1104356,1621379367844592
30000000,2074743,1621379368744553
30000000,1103138,1621379368844624
30000000,2105967,1621379369744467
30000000,1097988,1621379369844472
30000000,2070208,1621379370744462
30000000,1103321,1621379370844622
30000000,2084977,1621379371744577
30000000,1104243,1621379371844620
30000000,2075612,1621379372744440
30000000,1103640,1621379372844359
30000000,2094174,1621379373744473
30000000,1104974,1621379373844361
30000000,2071755,1621379374744424
30000000,1104844,1621379374844477
30000000,2078013,1621379375744577
30000000,1102911,1621379375844560
30000000,2070765,1621379376744526
30000000,1104598,1621379376844463
30000000,2067045,1621379377744469
30000000,1103059,1621379377844533
30000000,2077283,1621379378744529
30000000,1105849,1621379378844589
30000000,2074759,1621379379744458
30000000,1105503,1621379379844550
30000000,2082944,1621379380744470
30000000,1104660,1621379380844489
30000000,2097165,1621379381744630
30000000,1104501,1621379381844382
30000000,2079404,1621379382744626
30000000,1134087,1621379382844625
30000000,2077315,1621379383744590
30000000,1099759,1621379383844550
30000000,2080330,1621379384744607
30000000,1104020,1621379384844562
30000000,2105237,1621379385744608
30000000,1095454,1621379385844425
30000000,2071938,1621379386744597
30000000,1100811,1621379386844524
30000000,2060130,1621379387744538
30000000,1101858,1621379387844552
30000000,2079003,1621379388744552
30000000,1103501,1621379388844541
30000000,2098015,1621379389744495
30000000,1105246,1621379389844434
30000000,2081827,1621379390744600
30000000,1096309,1621379390844566
30000000,2075080,1621379391744494
30000000,1103702,1621379391844451
30000000,2076912,1621379392744625
30000000,1105676,1621379392844544
