255307776.0	266977280.0
255438848.0	266977280.0
255311872.0	266977280.0
255315968.0	266977280.0
255524864.0	266977280.0
284131328.0	287457280.0
319229952.0	328417280.0
323883008.0	328417280.0
323772416.0	328417280.0
324108288.0	328417280.0
330108928.0	348897280.0
362405888.0	369377280.0
392200192.0	410337280.0
411357184.0	430817280.0
411611136.0	430817280.0
411807744.0	430817280.0
411734016.0	430817280.0
411893760.0	430817280.0
427991040.0	430817280.0
455589888.0	471777280.0
486871040.0	492257280.0
505954304.0	512737280.0
505970688.0	512737280.0
506109952.0	512737280.0
505987072.0	512737280.0
506544128.0	512737280.0
506322944.0	512737280.0
528715776.0	533217280.0
552574976.0	553697280.0
585519104.0	594657280.0
610553856.0	615137280.0
633651200.0	635617280.0
633683968.0	635617280.0
633823232.0	635617280.0
633708544.0	635617280.0
633720832.0	635617280.0
634089472.0	635617280.0
634101760.0	635617280.0
634544128.0	635617280.0
662261760.0	676577280.0
692822016.0	697057280.0
722223104.0	738017280.0
751988736.0	758497280.0
770301952.0	778977280.0
770310144.0	778977280.0
770314240.0	778977280.0
770318336.0	778977280.0
770330624.0	778977280.0
770334720.0	778977280.0
770535424.0	778977280.0
770936832.0	778977280.0
771117056.0	778977280.0
780324864.0	799457280.0
811462656.0	819937280.0
840155136.0	840417280.0
871010304.0	881377280.0
900374528.0	901857280.0
924876800.0	942817280.0
958447616.0	963297280.0
960765952.0	963297280.0
960778240.0	963297280.0
960782336.0	963297280.0
960802816.0	963297280.0
960811008.0	963297280.0
960823296.0	963297280.0
960839680.0	963297280.0
961085440.0	963297280.0
961200128.0	963297280.0
961212416.0	963297280.0
961642496.0	963297280.0
981569536.0	983777280.0
1012207616.0	1024737280.0
1044942848.0	1045217280.0
1073340416.0	1086177280.0
1103990784.0	1106657280.0
1138266112.0	1147617280.0
1161490432.0	1168097280.0
1190838272.0	1209057280.0
1193213952.0	1209057280.0
1193398272.0	1209057280.0
1193279488.0	1209057280.0
1193287680.0	1209057280.0
1193299968.0	1209057280.0
1193324544.0	1209057280.0
1193340928.0	1209057280.0
1193410560.0	1209057280.0
1193426944.0	1209057280.0
1193869312.0	1209057280.0
1193873408.0	1209057280.0
1193897984.0	1209057280.0
1194053632.0	1209057280.0
1194524672.0	1209057280.0
1210400768.0	1229537280.0
1235939328.0	1250017280.0
1265500160.0	1270497280.0
1291251712.0	1311457280.0
1320198144.0	1331937280.0
1348878336.0	1352417280.0
1383530496.0	1393377280.0
1409056768.0	1413857280.0
1437962240.0	1454817280.0
1474248704.0	1475297280.0
1489690624.0	1495777280.0
1489575936.0	1495777280.0
1489584128.0	1495777280.0
1489723392.0	1495777280.0
1489723392.0	1495777280.0
1489727488.0	1495777280.0
1489739776.0	1495777280.0
1489756160.0	1495777280.0
1489956864.0	1495777280.0
1489842176.0	1495777280.0
1489850368.0	1495777280.0
1489862656.0	1495777280.0
1490051072.0	1495777280.0
1490313216.0	1495777280.0
1490542592.0	1495777280.0
1490620416.0	1495777280.0
1490616320.0	1495777280.0
1491152896.0	1495777280.0
1508745216.0	1516257280.0
1541537792.0	1557217280.0
1569165312.0	1577697280.0
1597792256.0	1598177280.0
1628409856.0	1639137280.0
1659645952.0	1659617280.0
1685680128.0	1700577280.0
1717334016.0	1721057280.0
1751908352.0	1762017280.0
1779605504.0	1782497280.0
1811955712.0	1823457280.0
1831055360.0	1843937280.0
1830961152.0	1843937280.0
1830981632.0	1843937280.0
1831112704.0	1843937280.0
1831116800.0	1843937280.0
1831129088.0	1843937280.0
1831137280.0	1843937280.0
1831149568.0	1843937280.0
1831153664.0	1843937280.0
