0.0	30000000.0
0.0	30000000.0
0.0	30000000.0
0.0	30000000.0
0.0	30000000.0
0.0	30000000.0
0.0	30000000.0
30300.0	30000000.0
0.0	30000000.0
0.0	30000000.0
0.0	30000000.0
0.0	30000000.0
0.0	30000000.0
0.0	30000000.0
0.0	30000000.0
0.0	30000000.0
31400.0	30000000.0
0.0	30000000.0
0.0	30000000.0
0.0	30000000.0
0.0	30000000.0
0.0	30000000.0
0.0	30000000.0
0.0	30000000.0
0.0	30000000.0
25800.0	30000000.0
0.0	30000000.0
0.0	30000000.0
0.0	30000000.0
0.0	30000000.0
0.0	30000000.0
0.0	30000000.0
0.0	30000000.0
3300.0	30000000.0
23000.0	30000000.0
0.0	30000000.0
0.0	30000000.0
0.0	30000000.0
0.0	30000000.0
0.0	30000000.0
0.0	30000000.0
0.0	30000000.0
2200.0	30000000.0
31300.0	30000000.0
0.0	30000000.0
0.0	30000000.0
0.0	30000000.0
0.0	30000000.0
0.0	30000000.0
0.0	30000000.0
0.0	30000000.0
27200.0	30000000.0
0.0	30000000.0
0.0	30000000.0
0.0	30000000.0
0.0	30000000.0
0.0	30000000.0
0.0	30000000.0
0.0	30000000.0
0.0	30000000.0
30000.0	30000000.0
0.0	30000000.0
0.0	30000000.0
0.0	30000000.0
0.0	30000000.0
0.0	30000000.0
0.0	30000000.0
0.0	30000000.0
0.0	30000000.0
36100.0	30000000.0
0.0	30000000.0
0.0	30000000.0
0.0	30000000.0
0.0	30000000.0
0.0	30000000.0
0.0	30000000.0
0.0	30000000.0
8300.0	30000000.0
34900.0	30000000.0
0.0	30000000.0
0.0	30000000.0
0.0	30000000.0
0.0	30000000.0
0.0	30000000.0
0.0	30000000.0
0.0	30000000.0
5200.0	30000000.0
27300.0	30000000.0
0.0	30000000.0
0.0	30000000.0
0.0	30000000.0
0.0	30000000.0
0.0	30000000.0
0.0	30000000.0
0.0	30000000.0
2200.0	30000000.0
20700.0	30000000.0
0.0	30000000.0
0.0	30000000.0
0.0	30000000.0
0.0	30000000.0
0.0	30000000.0
0.0	30000000.0
0.0	30000000.0
24900.0	30000000.0
0.0	30000000.0
0.0	30000000.0
0.0	30000000.0
0.0	30000000.0
0.0	30000000.0
0.0	30000000.0
0.0	30000000.0
0.0	30000000.0
30200.0	30000000.0
0.0	30000000.0
0.0	30000000.0
0.0	30000000.0
0.0	30000000.0
0.0	30000000.0
0.0	30000000.0
0.0	30000000.0
3000.0	30000000.0
20900.0	30000000.0
0.0	30000000.0
0.0	30000000.0
0.0	30000000.0
0.0	30000000.0
0.0	30000000.0
0.0	30000000.0
0.0	30000000.0
3300.0	30000000.0
25300.0	30000000.0
0.0	30000000.0
0.0	30000000.0
0.0	30000000.0
0.0	30000000.0
0.0	30000000.0
0.0	30000000.0
0.0	30000000.0
2900.0	30000000.0
