0.0	76200000.0
6408800.0	76200000.0
7545200.0	76200000.0
9313700.0	76200000.0
11159000.0	76200000.0
12768300.0	76200000.0
18249600.0	76200000.0
23743700.0	76200000.0
25632700.0	76200000.0
25080300.0	76200000.0
25828100.0	76200000.0
24150500.0	76200000.0
23694000.0	76200000.0
23093200.0	76200000.0
24045800.0	76200000.0
24048600.0	76200000.0
23885200.0	76200000.0
23309000.0	76200000.0
24253700.0	76200000.0
23678100.0	76200000.0
23771100.0	76200000.0
24515500.0	76200000.0
22725100.0	76200000.0
25380100.0	76200000.0
24005600.0	76200000.0
24141400.0	76200000.0
23578600.0	76200000.0
18917100.0	76200000.0
24829000.0	76200000.0
25941400.0	76200000.0
24341500.0	76200000.0
23890700.0	76200000.0
24252700.0	76200000.0
24531800.0	76200000.0
23770400.0	76200000.0
24523500.0	76200000.0
24107200.0	76200000.0
24741900.0	76200000.0
23753500.0	76200000.0
23700400.0	76200000.0
23089100.0	76200000.0
24852100.0	76200000.0
23838000.0	76200000.0
25437900.0	76200000.0
23403100.0	76200000.0
24451600.0	76200000.0
23763700.0	76200000.0
23313100.0	76200000.0
17227300.0	76200000.0
25748800.0	76200000.0
25356600.0	76200000.0
24107600.0	76200000.0
25131700.0	76200000.0
26832400.0	76200000.0
23609100.0	76200000.0
23864700.0	76200000.0
24402100.0	76200000.0
20701000.0	76200000.0
24978900.0	76200000.0
25153800.0	76200000.0
23877900.0	76200000.0
23755800.0	76200000.0
23796800.0	76200000.0
24004800.0	76200000.0
24152600.0	76200000.0
23911800.0	76200000.0
24077500.0	76200000.0
24054700.0	76200000.0
20920700.0	76200000.0
25541400.0	76200000.0
25806300.0	76200000.0
23918200.0	76200000.0
23506100.0	76200000.0
23800200.0	76200000.0
23715900.0	76200000.0
23097900.0	76200000.0
25690200.0	76200000.0
23390300.0	76200000.0
25058700.0	76200000.0
24988400.0	76200000.0
23817800.0	76200000.0
23740100.0	76200000.0
24182200.0	76200000.0
24040200.0	76200000.0
24266700.0	76200000.0
23863300.0	76200000.0
24566500.0	76200000.0
25321800.0	76200000.0
23933800.0	76200000.0
24722100.0	76200000.0
23855900.0	76200000.0
23695900.0	76200000.0
24372400.0	76200000.0
24238500.0	76200000.0
17752700.0	76200000.0
26349500.0	76200000.0
25768400.0	76200000.0
24191800.0	76200000.0
25653000.0	76200000.0
24650700.0	76200000.0
24726800.0	76200000.0
21739100.0	76200000.0
22027500.0	76200000.0
5361500.0	76200000.0
0.0	76200000.0
25400.0	76200000.0
74600.0	76200000.0
0.0	76200000.0
0.0	76200000.0
0.0	76200000.0
0.0	76200000.0
0.0	76200000.0
0.0	76200000.0
24685900.0	76200000.0
26718700.0	76200000.0
25557500.0	76200000.0
25945700.0	76200000.0
25186600.0	76200000.0
23787700.0	76200000.0
23352400.0	76200000.0
24299800.0	76200000.0
24404800.0	76200000.0
23967000.0	76200000.0
24454000.0	76200000.0
23475500.0	76200000.0
23637100.0	76200000.0
24268400.0	76200000.0
23668100.0	76200000.0
19833100.0	76200000.0
24114500.0	76200000.0
26170500.0	76200000.0
25767100.0	76200000.0
24410500.0	76200000.0
23782200.0	76200000.0
24149500.0	76200000.0
23590000.0	76200000.0
24265900.0	76200000.0
23424000.0	76200000.0
25125000.0	76200000.0
23670900.0	76200000.0
