51421.0	69465.0
32843.0	40687.0
1494.0	30000.0
370.0	30000.0
2808.0	30000.0
943.0	30000.0
992.0	30000.0
485.0	30000.0
3840.0	30000.0
79195.0	114000.0
107801.0	121000.0
16581.0	116000.0
35728.0	104800.0
47445.0	52756.0
19.0	30000.0
227.0	30000.0
2837.0	30000.0
1370.0	30000.0
3498.0	30000.0
6986.0	30000.0
78454.0	114000.0
99771.0	104000.0
92603.0	107200.0
109277.0	99328.0
55637.0	56999.0
46022.0	78000.0
45373.0	30000.0
1104.0	30000.0
7174.0	30000.0
55458.0	59000.0
66634.0	74468.0
89156.0	107023.0
101359.0	75483.0
72667.0	74468.0
74179.0	79800.0
1387.0	63840.0
55276.0	104685.0
17797.0	30587.0
1608.0	30000.0
8.0	30000.0
247.0	30000.0
6.0	30000.0
1650.0	30000.0
6080.0	30000.0
72408.0	91200.0
105977.0	116160.0
101371.0	105062.0
47212.0	75231.0
43398.0	40644.0
1714.0	30000.0
499.0	30000.0
2543.0	30000.0
792.0	30000.0
65430.0	114000.0
100214.0	104000.0
99780.0	104000.0
110266.0	116000.0
64111.0	84800.0
