45468.0	58368.0
3187.0	30000.0
134.0	30000.0
180.0	30000.0
2592.0	30000.0
1369.0	30000.0
821.0	30000.0
36.0	30000.0
56064.0	114000.0
104942.0	133000.0
77683.0	80096.0
41156.0	86471.0
303.0	30000.0
3815.0	30000.0
310.0	30000.0
14.0	30000.0
52.0	30000.0
22127.0	66000.0
92646.0	109000.0
100201.0	104000.0
105157.0	112000.0
44715.0	85600.0
56181.0	95313.0
23419.0	34889.0
702.0	30000.0
186.0	30000.0
16.0	30000.0
1965.0	30000.0
1159.0	30000.0
1860.0	30000.0
784.0	30000.0
502.0	30000.0
12.0	30000.0
20150.0	66000.0
95506.0	102000.0
82951.0	81600.0
90743.0	102080.0
29088.0	33448.0
40722.0	83048.0
43802.0	54808.0
1120.0	30000.0
190.0	30000.0
1848.0	30000.0
607.0	30000.0
13225.0	42000.0
84492.0	109000.0
107660.0	116000.0
5570.0	74240.0
34235.0	86405.0
59667.0	66954.0
1197.0	30000.0
622.0	30000.0
324.0	30000.0
407.0	30000.0
344.0	30000.0
328.0	30000.0
164.0	30000.0
3.0	30000.0
1480.0	30000.0
1446.0	30000.0
1013.0	30000.0
935.0	30000.0
12.0	30000.0
35023.0	90000.0
99941.0	109000.0
99886.0	104000.0
99702.0	104000.0
103843.0	112000.0
37402.0	54784.0
51574.0	91202.0
28231.0	39428.0
1724.0	30000.0
1317.0	30000.0
439.0	30000.0
12.0	30000.0
244.0	30000.0
30.0	30000.0
1399.0	30000.0
650.0	30000.0
282.0	30000.0
7355.0	30000.0
80329.0	102000.0
104206.0	138000.0
47898.0	56524.0
1978.0	30000.0
36649.0	79200.0
37446.0	58982.0
713.0	30000.0
591.0	30000.0
197.0	30000.0
1063.0	30000.0
1211.0	30000.0
1193.0	30000.0
41226.0	71332.0
86468.0	98434.0
99255.0	92993.0
81488.0	74468.0
79176.0	74468.0
6399.0	59574.0
3818.0	47659.0
62675.0	118975.0
2660.0	48732.0
1074.0	30000.0
971.0	30000.0
12.0	30000.0
264.0	30000.0
2137.0	30000.0
650.0	30000.0
1190.0	30000.0
23672.0	66000.0
94184.0	109000.0
105678.0	106400.0
9751.0	68096.0
7520.0	30000.0
22624.0	43200.0
46413.0	38137.0
1805.0	30000.0
1839.0	30000.0
4505.0	30000.0
65977.0	86886.0
93212.0	98428.0
50296.0	94493.0
