0	112000
31986	35061
62604	119061
11793	39012
1503	30000
383	30000
50	30000
1793	30000
1837	30000
962	30000
48441	102000
100231	104000
99831	104000
99850	104000
109984	140000
99839	107000
63155	81600
0	81600
0	81600
0	81600
0	81600
0	81600
0	81600
0	81600
0	81600
0	81600
0	81600
0	81600
0	81600
0	81600
0	81600
0	81600
0	81600
0	81600
0	81600
0	81600
0	81600
0	81600
0	81600
0	81600
0	81600
0	81600
0	81600
0	81600
0	81600
0	81600
0	81600
0	81600
0	81600
0	81600
0	81600
0	81600
0	81600
0	81600
0	81600
43515	101280
30011	51855
2590	30000
10	30000
195	30000
1394	30000
2525	30000
4579	30000
715	30000
76752	114000
99772	114000
101682	106400
8194	68096
44004	81044
35468	34420
748	30000
239	30000
1648	30000
1372	30000
50321	102000
100216	109000
99759	104000
109671	104800
54235	83840
0	83840
0	83840
0	83840
0	83840
0	83840
0	83840
0	83840
0	83840
0	83840
0	83840
0	83840
0	83840
0	83840
0	83840
0	83840
0	83840
0	83840
0	83840
0	83840
0	83840
0	83840
0	83840
0	83840
0	83840
0	83840
0	83840
0	83840
0	83840
0	83840
0	83840
0	83840
0	83840
0	83840
0	83840
0	83840
0	83840
0	83840
0	83840
0	83840
0	83840
0	83840
0	83840
0	83840
0	83840
0	83840
0	83840
0	83840
0	83840
0	83840
0	83840
0	83840
0	83840
0	83840
0	83840
0	83840
0	83840
0	83840
0	83840
0	83840
0	83840
0	83840
0	83840
0	83840
0	83840
0	83840
0	83840
0	83840
0	83840
0	83840
0	83840
0	83840
0	83840
0	83840
0	83840
0	83840
0	83840
0	83840
0	83840
0	83840
0	83840
0	83840
0	83840
0	83840
0	83840
0	83840
0	83840
0	83840
0	83840
0	83840
0	83840
0	83840
0	83840
0	83840
0	83840
0	83840
0	83840
17221	42925
47294	58841
1174	30000
554	30000
389	30000
1025	30000
133	30000
1498	30000
3226	30000
68142	114000
99720	104000
79247	77536
24946	46503
65742	85202
3188	30000
393	30000
2666	30000
1697	30000
341	30000
32101	78000
98622	109000
101339	109772
2185	109772
0	109772
0	109772
0	109772
0	109772
0	109772
0	109772
0	109772
0	109772
0	109772
0	109772
0	109772
0	109772
0	109772
0	109772
0	109772
0	109772
0	109772
0	109772
0	109772
0	109772
0	109772
0	109772
0	109772
0	109772
0	109772
0	109772
0	109772
0	109772
0	109772
0	109772
0	109772
0	109772
0	109772
0	109772
0	109772
0	109772
0	109772
0	109772
0	109772
0	109772
0	109772
0	109772
0	109772
0	109772
0	109772
0	109772
0	109772
0	109772
0	109772
0	109772
0	109772
0	109772
0	109772
0	109772
0	109772
0	109772
0	109772
0	109772
0	109772
0	109772
0	109772
0	109772
0	109772
0	109772
0	109772
0	109772
0	109772
0	109772
0	109772
0	109772
0	109772
0	109772
0	109772
0	109772
0	109772
0	109772
0	109772
0	109772
0	109772
0	109772
0	109772
0	109772
0	109772
0	109772
0	109772
0	109772
0	109772
0	109772
0	109772
0	109772
0	109772
0	109772
0	109772
0	109772
0	109772
0	109772
0	109772
0	109772
0	109772
0	109772
0	109772
0	109772
