0	30000
0	30000
0	30000
0	30000
0	30000
0	30000
0	30000
0	30000
0	30000
0	30000
0	30000
0	30000
0	30000
0	30000
0	30000
0	30000
0	30000
0	30000
0	30000
0	30000
0	30000
0	30000
0	30000
0	30000
0	30000
0	30000
0	30000
0	30000
0	30000
0	30000
0	30000
0	30000
0	30000
0	30000
0	30000
0	30000
0	30000
0	30000
0	30000
0	30000
0	30000
0	30000
0	30000
0	30000
0	30000
7851	64000
86507	155648
441	63752
1844	30000
947	30000
471	30000
180	30000
4131	30000
12684	39321
599	30000
60745	156000
98844	105592
99708	100592
110311	179578
55916	58843
0	58843
0	58843
0	30000
0	30000
0	30000
0	30000
0	30000
0	30000
0	30000
0	30000
0	30000
0	30000
0	30000
0	30000
0	30000
0	30000
0	30000
0	30000
0	30000
0	30000
0	30000
0	30000
0	30000
0	30000
0	30000
0	30000
0	30000
0	30000
0	30000
0	30000
0	30000
0	30000
0	30000
0	30000
0	30000
0	30000
0	30000
0	30000
0	30000
0	30000
0	30000
0	30000
0	30000
0	30000
0	30000
0	30000
0	30000
0	30000
0	30000
0	30000
0	30000
0	30000
0	30000
0	30000
0	30000
0	30000
0	30000
0	30000
0	30000
0	30000
0	30000
0	30000
0	30000
0	30000
0	30000
0	30000
0	30000
0	30000
0	30000
0	30000
0	30000
0	30000
0	30000
0	30000
0	30000
0	30000
0	30000
0	30000
0	30000
0	30000
0	30000
0	30000
0	30000
0	30000
0	30000
0	30000
0	30000
0	30000
0	30000
0	30000
0	30000
0	30000
0	30000
0	30000
0	30000
0	30000
0	30000
0	30000
0	30000
0	30000
0	30000
0	30000
0	30000
0	30000
0	30000
0	30000
0	30000
0	30000
0	30000
0	30000
0	30000
0	30000
0	30000
0	30000
0	30000
0	30000
0	30000
0	30000
0	30000
0	30000
0	30000
0	30000
0	30000
0	30000
0	30000
0	30000
0	30000
0	30000
0	30000
0	30000
0	30000
0	30000
0	30000
0	30000
0	30000
0	30000
0	30000
0	30000
0	30000
0	30000
0	30000
0	30000
0	30000
0	30000
0	30000
0	30000
0	30000
0	30000
0	30000
0	30000
0	30000
0	30000
0	30000
0	30000
0	30000
0	30000
0	30000
0	30000
0	30000
0	30000
0	30000
0	30000
0	30000
0	30000
0	30000
0	30000
0	30000
0	30000
0	30000
0	30000
0	30000
0	30000
0	30000
0	30000
0	30000
0	30000
0	30000
0	30000
0	30000
0	30000
0	30000
0	30000
0	30000
0	30000
0	30000
0	30000
0	30000
0	30000
0	30000
0	30000
0	30000
0	30000
0	30000
0	30000
0	30000
0	30000
0	30000
0	30000
0	30000
0	30000
0	30000
0	30000
0	30000
0	30000
0	30000
0	30000
0	30000
0	30000
0	30000
0	30000
610	30000
