544772096	646033408
545869824	646033408
546459648	646033408
546652160	599080960
546775040	599080960
562618368	599080960
572100608	599080960
572092416	599080960
576753664	599080960
588795904	599080960
612786176	619560960
707014656	721960960
679223296	721960960
587829248	721960960
587739136	721960960
587698176	721960960
587698176	721960960
587698176	721960960
587698176	721960960
587698176	721960960
587698176	721960960
587698176	721960960
587698176	721960960
587698176	721960960
587698176	721960960
587698176	721960960
587698176	721960960
587698176	721960960
587698176	721960960
587698176	721960960
587698176	721960960
587698176	721960960
587698176	721960960
587698176	721960960
587698176	721960960
587698176	640126976
587698176	640126976
587698176	640126976
587698176	640126976
587698176	640126976
587698176	640126976
587698176	640126976
587698176	640126976
606511104	640126976
642830336	660606976
643796992	660606976
643923968	660606976
646299648	660606976
660586496	660606976
660393984	660606976
663261184	681086976
674779136	681086976
715407360	722046976
701603840	722046976
618151936	722046976
618151936	722046976
618151936	722046976
648757248	722046976
673751040	722046976
674557952	722046976
674648064	722046976
699801600	722046976
699813888	722046976
700477440	722046976
715010048	722046976
750682112	763006976
654729216	763006976
654614528	763006976
654614528	763006976
654614528	763006976
654614528	763006976
654614528	763006976
654614528	763006976
654614528	763006976
654614528	763006976
654614528	763006976
654614528	763006976
654614528	763006976
654614528	763006976
654614528	763006976
654614528	763006976
654614528	763006976
654614528	763006976
654614528	763006976
654614528	763006976
654614528	763006976
654614528	763006976
654614528	763006976
654614528	763006976
654614528	763006976
654614528	763006976
654614528	707043328
654614528	707043328
654614528	707043328
654614528	707043328
654614528	707043328
654614528	707043328
654614528	707043328
654614528	707043328
654614528	707043328
654614528	707043328
654614528	707043328
673415168	707043328
708993024	727523328
709652480	727523328
709988352	727523328
711286784	727523328
727425024	727523328
727506944	727523328
727220224	727523328
727220224	727523328
732119040	748003328
780103680	788963328
764375040	788963328
691326976	788963328
738234368	788963328
740196352	788963328
740438016	788963328
741867520	788963328
765272064	788963328
781115392	788963328
801099776	809443328
893149184	911843328
897777664	911843328
777187328	911843328
777089024	911843328
777089024	911843328
777089024	911843328
777089024	911843328
777089024	911843328
777089024	911843328
777089024	911843328
777089024	911843328
777089024	911843328
777089024	911843328
777089024	911843328
777089024	911843328
777089024	911843328
777089024	911843328
777089024	911843328
777089024	911843328
777089024	911843328
777089024	911843328
777089024	911843328
777089024	911843328
777089024	911843328
777089024	911843328
777089024	911843328
777089024	829517824
777089024	829517824
777089024	829517824
777089024	829517824
777089024	829517824
777089024	829517824
777089024	829517824
777089024	829517824
777089024	829517824
777089024	829517824
777089024	829517824
777089024	829517824
777089024	829517824
777089024	829517824
784437248	829517824
810840064	829517824
830795776	849997824
832200704	849997824
832724992	849997824
832917504	849997824
833142784	849997824
834019328	849997824
847683584	849997824
849911808	849997824
862171136	870477824
905654272	911437824
807596032	911437824
807596032	911437824
807596032	911437824
807596032	860024832
836521984	860024832
863227904	880504832
863567872	880504832
880451584	880504832
887349248	900984832
932995072	941944832
915529728	941944832
837861376	941944832
837861376	941944832
837861376	941944832
837861376	941944832
837861376	941944832
837861376	941944832
837861376	941944832
837861376	941944832
837861376	941944832
837861376	941944832
837861376	941944832
837861376	941944832
837861376	941944832
837861376	941944832
837861376	941944832
837861376	941944832
837861376	941944832
837861376	941944832
837861376	941944832
837861376	941944832
837861376	890290176
837861376	890290176
837861376	890290176
837861376	890290176
837861376	890290176
837861376	890290176
837861376	890290176
837861376	890290176
837861376	890290176
837861376	890290176
837861376	890290176
837861376	890290176
837861376	890290176
837861376	890290176
837861376	890290176
837861376	890290176
837861376	890290176
838123520	890290176
876285952	890290176
891424768	910770176
892862464	910770176
893345792	910770176
893743104	910770176
893743104	910770176
893865984	910770176
894754816	910770176
901951488	910770176
910761984	910770176
922320896	931250176
963710976	972210176
871415808	972210176
906612736	972210176
923508736	972210176
924422144	972210176
925622272	972210176
950386688	972210176
982491136	992690176
986812416	992690176
887885824	992690176
887885824	992690176
887885824	992690176
887885824	992690176
887885824	992690176
887885824	992690176
887885824	992690176
887885824	992690176
887885824	992690176
887885824	992690176
887885824	992690176
887885824	992690176
887885824	992690176
887885824	992690176
887885824	992690176
887885824	992690176
887885824	992690176
887885824	992690176
887885824	992690176
887885824	940314624
887885824	940314624
887885824	940314624
887885824	940314624
887885824	940314624
887885824	940314624
887885824	940314624
887885824	940314624
887885824	940314624
887885824	940314624
887885824	940314624
887885824	940314624
887885824	940314624
887885824	940314624
887885824	940314624
887885824	940314624
887885824	940314624
887885824	940314624
887885824	940314624
887885824	940314624
887885824	940314624
887885824	940314624
887885824	940314624
887885824	940314624
887885824	940314624
887885824	940314624
887885824	940314624
887885824	940314624
887885824	940314624
887885824	940314624
887885824	940314624
887885824	940314624
887885824	940314624
887885824	940314624
887885824	940314624
887885824	940314624
887885824	940314624
887885824	940314624
