478060544	495624192
543178752	557064192
508317696	557064192
397565952	557064192
397565952	557064192
397565952	557064192
397565952	557064192
397565952	557064192
397565952	557064192
397565952	557064192
397565952	557064192
397565952	557064192
397565952	557064192
397565952	557064192
397565952	557064192
397565952	557064192
397565952	557064192
397565952	557064192
397565952	557064192
397565952	557064192
397565952	557064192
397565952	449994752
397565952	449994752
397565952	449994752
397565952	449994752
397565952	449994752
397565952	449994752
397565952	449994752
397565952	449994752
397565952	449994752
397565952	449994752
397565952	449994752
397565952	449994752
397565952	449994752
397565952	449994752
397565952	449994752
397565952	449994752
397565952	449994752
397565952	449994752
397565952	449994752
397565952	449994752
397565952	449994752
397565952	449994752
397565952	449994752
397565952	449994752
397565952	449994752
397565952	449994752
397565952	449994752
397565952	449994752
397565952	449994752
397565952	449994752
397565952	449994752
397565952	449994752
397565952	449994752
397565952	449994752
411824128	449994752
421896192	449994752
451432448	470474752
452538368	470474752
452562944	470474752
452648960	470474752
452780032	470474752
453283840	470474752
453644288	470474752
453664768	470474752
467496960	470474752
470413312	470474752
482115584	490954752
523526144	531914752
428093440	531914752
428093440	531914752
428093440	480522240
428093440	480522240
428093440	480522240
428093440	480522240
428093440	480522240
428093440	480522240
428093440	480522240
428093440	480522240
428093440	480522240
428093440	480522240
428093440	480522240
428093440	480522240
428093440	480522240
428093440	480522240
428093440	480522240
428093440	480522240
428093440	480522240
428093440	480522240
428093440	480522240
428093440	480522240
428093440	480522240
428093440	480522240
428093440	480522240
428093440	480522240
428093440	480522240
428093440	480522240
428093440	480522240
428093440	480522240
428093440	480522240
428093440	480522240
428093440	480522240
428093440	480522240
428093440	480522240
428093440	480522240
428093440	480522240
428093440	480522240
428093440	480522240
428093440	480522240
428093440	480522240
428093440	480522240
428093440	480522240
428093440	480522240
428093440	480522240
428093440	480522240
431239168	480522240
443142144	480522240
453099520	480522240
481746944	501002240
483147776	501002240
483962880	501002240
484134912	501002240
484225024	501002240
484196352	501002240
485408768	501002240
497569792	501002240
500944896	501002240
500686848	501002240
506273792	521482240
515829760	521482240
556191744	562442240
664031232	685322240
623271936	685322240
546844672	685322240
546836480	685322240
546783232	685322240
546783232	685322240
546783232	685322240
546783232	685322240
546783232	685322240
546783232	685322240
546783232	685322240
546783232	685322240
546783232	685322240
546783232	685322240
546783232	685322240
546783232	685322240
546783232	685322240
546783232	685322240
546783232	685322240
546783232	685322240
546783232	685322240
546783232	599212032
546783232	599212032
546783232	599212032
546783232	599212032
546783232	599212032
546783232	599212032
546783232	599212032
546783232	599212032
546783232	599212032
546783232	599212032
546783232	599212032
546783232	599212032
546783232	599212032
546783232	599212032
546783232	599212032
546783232	599212032
546783232	599212032
546783232	599212032
546783232	599212032
546783232	599212032
546783232	599212032
546783232	599212032
546783232	599212032
565653504	599212032
600629248	619692032
602054656	619692032
602546176	619692032
602701824	619692032
602689536	619692032
602800128	619692032
602902528	619692032
604254208	619692032
609968128	619692032
619614208	619692032
624439296	640172032
633077760	640172032
782192640	783532032
769310720	783532032
736882688	783532032
650727424	783532032
650727424	783532032
650727424	783532032
650727424	783532032
650727424	783532032
650727424	783532032
650727424	783532032
650727424	783532032
650727424	783532032
650727424	783532032
650727424	783532032
650727424	783532032
650727424	783532032
650727424	783532032
650727424	783532032
650727424	783532032
650727424	703156224
650727424	703156224
650727424	703156224
650727424	703156224
650727424	703156224
650727424	703156224
650727424	703156224
650727424	703156224
650727424	703156224
650727424	703156224
650727424	703156224
650727424	703156224
650727424	703156224
650727424	703156224
650727424	703156224
650727424	703156224
650727424	703156224
650727424	703156224
650727424	703156224
650727424	703156224
650727424	703156224
650727424	703156224
650727424	703156224
650727424	703156224
650727424	703156224
650727424	703156224
650727424	703156224
650727424	703156224
680927232	703156224
704204800	723636224
705343488	723636224
705449984	723636224
706056192	723636224
706306048	723636224
706306048	723636224
706424832	723636224
707178496	723636224
719532032	723636224
723632128	723636224
723595264	723636224
728068096	744116224
776413184	785076224
779296768	785076224
871514112	887476224
876363776	887476224
845852672	887476224
754147328	887476224
754147328	887476224
754147328	887476224
754147328	887476224
754147328	887476224
754147328	887476224
754147328	887476224
754147328	887476224
754147328	887476224
754147328	887476224
754147328	887476224
754147328	806576128
754147328	806576128
754147328	806576128
754147328	806576128
754147328	806576128
754147328	806576128
754147328	806576128
754147328	806576128
754147328	806576128
754147328	806576128
754147328	806576128
754147328	806576128
754147328	806576128
754147328	806576128
754147328	806576128
754147328	806576128
754147328	806576128
754147328	806576128
754147328	806576128
754147328	806576128
754147328	806576128
754147328	806576128
754147328	806576128
754147328	806576128
754147328	806576128
754147328	806576128
754147328	806576128
754147328	806576128
754147328	806576128
754147328	806576128
754147328	806576128
754147328	806576128
754147328	806576128
754147328	806576128
754147328	806576128
754147328	806576128
