888516608	923201536
890707968	923201536
858238976	923201536
765677568	923201536
799084544	923201536
801189888	923201536
801423360	923201536
801423360	923201536
802840576	923201536
811847680	923201536
826777600	923201536
842436608	923201536
853401600	923201536
872763392	923201536
875122688	923201536
832958464	923201536
757374976	923201536
757374976	923201536
757374976	923201536
757374976	923201536
757374976	923201536
757374976	923201536
757374976	923201536
757374976	923201536
757374976	923201536
757374976	923201536
757374976	809803776
757374976	809803776
757374976	809803776
757374976	809803776
757374976	809803776
757374976	809803776
757374976	809803776
757374976	809803776
757374976	809803776
757374976	809803776
757374976	809803776
757374976	809803776
757374976	809803776
757374976	809803776
757374976	809803776
757374976	809803776
797224960	809803776
808353792	809803776
808660992	809803776
808660992	809803776
809746432	809803776
814227456	830283776
820838400	830283776
820842496	830283776
820834304	830283776
828485632	830283776
885575680	871243776
904069120	912203776
805601280	912203776
834748416	912203776
860741632	912203776
861528064	912203776
861523968	912203776
868839424	912203776
887484416	912203776
918962176	932683776
902610944	932683776
824537088	932683776
824537088	932683776
824537088	932683776
824537088	932683776
824537088	932683776
824537088	932683776
824537088	932683776
824537088	932683776
824537088	932683776
824537088	932683776
824537088	932683776
824537088	932683776
824537088	932683776
824537088	932683776
824537088	932683776
824537088	932683776
824537088	932683776
824537088	932683776
824537088	932683776
824537088	876965888
824537088	876965888
824537088	876965888
824537088	876965888
824537088	876965888
824537088	876965888
824537088	876965888
824537088	876965888
824537088	876965888
824537088	876965888
824537088	876965888
824537088	876965888
824537088	876965888
824537088	876965888
824537088	876965888
824537088	876965888
824537088	876965888
824537088	876965888
824537088	876965888
827482112	876965888
861470720	876965888
879403008	897445888
880349184	897445888
880349184	897445888
880480256	897445888
881803264	897445888
888352768	897445888
897335296	897445888
897286144	897445888
897265664	897445888
897265664	897445888
897273856	897445888
899575808	917925888
912007168	917925888
951853056	958885888
854999040	958885888
883892224	958885888
910299136	958885888
911114240	958885888
911208448	958885888
912191488	958885888
937230336	958885888
969216000	979365888
1062727680	1081765888
1068564480	1081765888
947945472	1081765888
947945472	1081765888
947945472	1081765888
947945472	1081765888
947945472	1081765888
947945472	1081765888
947945472	1081765888
947945472	1081765888
947945472	1081765888
947945472	1081765888
947945472	1081765888
947945472	1081765888
947945472	1000374272
947945472	1000374272
947945472	1000374272
947945472	1000374272
947945472	1000374272
947945472	1000374272
947945472	1000374272
947945472	1000374272
947945472	1000374272
947945472	1000374272
947945472	1000374272
947945472	1000374272
947945472	1000374272
947945472	1000374272
947945472	1000374272
947945472	1000374272
947945472	1000374272
947945472	1000374272
947945472	1000374272
947945472	1000374272
947945472	1000374272
947945472	1000374272
964775936	1000374272
1001668608	1020854272
1003700224	1020854272
1003765760	1020854272
1003958272	1020854272
1004093440	1020854272
1004093440	1020854272
1011109888	1020854272
1020801024	1020854272
1020723200	1020854272
1032269824	1041334272
1074704384	1082294272
1168240640	1184694272
1172447232	1184694272
1051918336	1184694272
1067380736	1184694272
1105907712	1184694272
1107345408	1184694272
1108004864	1184694272
1108164608	1184694272
1108119552	1184694272
1109807104	1184694272
1122934784	1184694272
1143013376	1184694272
1161166848	1184694272
1191854080	1205174272
1157001216	1205174272
1073377280	1205174272
1073377280	1205174272
1073377280	1205174272
1073377280	1205174272
1073377280	1205174272
1073377280	1205174272
1073377280	1205174272
1073377280	1205174272
1073377280	1125806080
1073377280	1125806080
1073377280	1125806080
1073377280	1125806080
1073377280	1125806080
1073377280	1125806080
1073377280	1125806080
1073377280	1125806080
1073377280	1125806080
1073377280	1125806080
1073377280	1125806080
1073377280	1125806080
1073377280	1125806080
1073377280	1125806080
1073377280	1125806080
1073377280	1125806080
1073377280	1125806080
1073377280	1125806080
1073377280	1125806080
1073377280	1125806080
1073377280	1125806080
1073377280	1125806080
1073377280	1125806080
1073377280	1125806080
1073377280	1125806080
1076518912	1125806080
1125773312	1125806080
1128038400	1146286080
1128640512	1146286080
1128837120	1146286080
1128906752	1146286080
1129099264	1146286080
1130283008	1146286080
1137729536	1146286080
1146253312	1146286080
1157566464	1166766080
1199833088	1207726080
1294188544	1310126080
1258229760	1310126080
1179963392	1310126080
1191981056	1310126080
1231233024	1310126080
1232363520	1310126080
1233129472	1310126080
1233358848	1310126080
1234374656	1310126080
1255141376	1310126080
1258708992	1310126080
1266503680	1310126080
1287282688	1310126080
1332547584	1351086080
1296551936	1351086080
1213251584	1351086080
1213251584	1351086080
1213251584	1351086080
1213251584	1351086080
1213251584	1351086080
1213251584	1265680384
1213251584	1265680384
1213251584	1265680384
1213251584	1265680384
1213251584	1265680384
1213251584	1265680384
1213251584	1265680384
1213251584	1265680384
1213251584	1265680384
1213251584	1265680384
1213251584	1265680384
1213251584	1265680384
1213251584	1265680384
1213251584	1265680384
1213251584	1265680384
1213251584	1265680384
1213251584	1265680384
1213251584	1265680384
1213251584	1265680384
1213251584	1265680384
1213251584	1265680384
1213251584	1265680384
1213251584	1265680384
1213251584	1265680384
1213251584	1265680384
1213251584	1265680384
1213251584	1265680384
1213251584	1265680384
1213251584	1265680384
1216266240	1265680384
1250910208	1265680384
1268060160	1286160384
1268797440	1286160384
1268961280	1286160384
1270194176	1286160384
1286115328	1286160384
1298358272	1306640384
1341116416	1347600384
1434652672	1450000384
1317302272	1450000384
1317048320	1450000384
1317048320	1450000384
1317048320	1450000384
1317048320	1450000384
1317048320	1450000384
1317048320	1450000384
1317048320	1450000384
