570695680	575455232
574586880	575455232
591380480	595935232
474185728	595935232
479297536	595935232
504729600	595935232
528744448	595935232
530362368	595935232
530665472	595935232
530763776	595935232
531705856	595935232
537931776	595935232
547749888	595935232
556257280	595935232
572678144	595935232
564113408	595935232
487071744	595935232
487071744	595935232
487071744	595935232
487071744	595935232
487071744	595935232
487071744	595935232
487071744	595935232
487071744	539500544
487071744	539500544
487071744	539500544
487071744	539500544
487071744	539500544
487071744	539500544
487071744	539500544
487071744	539500544
487071744	539500544
487071744	539500544
487071744	539500544
487071744	539500544
487071744	539500544
487071744	539500544
487071744	539500544
487071744	539500544
487071744	539500544
487071744	539500544
487071744	539500544
536649728	539500544
537300992	539500544
538005504	539500544
538181632	539500544
538181632	539500544
538304512	539500544
539418624	539500544
539418624	539500544
539492352	539500544
543678464	559980544
550236160	559980544
551510016	559980544
551710720	559980544
559992832	559980544
591757312	600940544
685453312	703340544
690024448	703340544
647798784	703340544
572272640	703340544
601952256	703340544
624603136	703340544
625176576	703340544
625369088	703340544
625491968	703340544
637894656	703340544
651026432	703340544
665440256	703340544
655831040	703340544
581898240	703340544
581840896	703340544
581840896	703340544
581840896	703340544
581705728	703340544
581705728	703340544
581705728	703340544
581705728	703340544
581705728	703340544
581705728	634134528
581591040	634134528
581591040	634134528
581591040	634134528
581591040	634134528
581591040	634134528
581591040	634134528
581591040	634134528
581591040	634134528
581591040	634134528
581591040	634134528
581591040	634134528
581591040	634134528
581591040	634134528
581591040	634134528
581591040	634134528
581591040	634134528
581591040	634134528
581591040	634134528
581591040	634134528
581591040	634134528
581591040	634134528
581591040	634134528
634011648	634134528
632983552	634134528
632946688	634134528
632946688	634134528
633069568	634134528
633810944	634134528
634122240	634134528
634122240	634134528
634236928	654614528
637534208	654614528
645136384	654614528
670494720	675094528
727465984	736534528
629469184	736534528
670040064	736534528
685756416	736534528
685977600	736534528
692490240	736534528
706699264	736534528
725196800	736534528
747155456	757014528
648884224	757014528
648810496	757014528
648810496	757014528
648810496	757014528
648810496	757014528
648810496	757014528
648810496	757014528
648810496	757014528
648810496	757014528
648810496	757014528
648810496	757014528
648810496	757014528
648810496	757014528
648810496	701239296
648810496	701239296
648810496	701239296
648810496	701239296
648810496	701239296
648810496	701239296
648810496	701239296
648810496	701239296
648810496	701239296
648810496	701239296
648810496	701239296
648810496	701239296
648810496	701239296
648810496	701239296
648810496	701239296
648810496	701239296
648810496	701239296
648810496	701239296
648810496	701239296
648810496	701239296
648810496	701239296
648810496	701239296
648810496	701239296
648810496	701239296
648810496	701239296
652611584	701239296
654774272	701239296
681345024	701239296
703422464	721719296
704258048	721719296
704405504	721719296
704405504	721719296
704528384	721719296
705318912	721719296
711651328	721719296
721694720	721719296
721559552	721719296
721698816	721719296
731828224	742199296
775933952	783159296
678985728	783159296
681656320	783159296
718295040	783159296
733999104	783159296
734625792	783159296
734720000	783159296
734953472	783159296
735039488	783159296
735039488	783159296
736862208	783159296
754393088	783159296
767180800	783159296
793366528	803639296
775688192	803639296
698216448	803639296
698109952	803639296
698109952	803639296
698109952	750538752
698109952	750538752
698109952	750538752
698109952	750538752
698109952	750538752
698109952	750538752
698109952	750538752
698109952	750538752
698109952	750538752
698109952	750538752
698109952	750538752
698109952	750538752
698109952	750538752
698109952	750538752
698109952	750538752
698109952	750538752
698109952	750538752
698109952	750538752
698109952	750538752
698109952	750538752
698109952	750538752
698109952	750538752
698109952	750538752
698109952	750538752
698109952	750538752
698109952	750538752
698109952	750538752
698109952	750538752
698109952	750538752
713228288	750538752
751783936	771018752
753176576	771018752
753709056	771018752
754171904	771018752
754257920	771018752
754229248	771018752
756006912	771018752
764403712	771018752
770826240	771018752
783147008	791498752
826634240	832458752
805875712	832458752
743636992	832458752
782438400	832458752
783630336	832458752
784105472	832458752
784306176	832458752
784502784	832458752
784625664	832458752
790433792	832458752
795652096	832458752
802435072	832458752
814415872	832458752
844623872	852938752
939704320	955338752
903417856	955338752
821211136	955338752
821170176	873684992
821170176	873684992
821161984	873684992
821161984	873684992
821161984	873684992
821161984	873684992
821161984	873684992
821161984	873684992
821161984	873684992
821161984	873684992
821161984	873684992
821161984	873684992
821161984	873684992
821161984	873684992
821161984	873684992
821161984	873684992
821161984	873684992
821161984	873684992
821161984	873684992
821161984	873684992
821161984	873684992
821161984	873684992
821161984	873684992
821161984	873684992
821161984	873684992
821161984	873684992
821161984	873684992
821161984	873590784
821161984	873590784
821161984	873590784
821161984	873590784
821161984	873590784
821161984	873590784
836837376	873590784
874737664	894070784
876167168	894070784
877047808	894070784
877047808	894070784
877170688	894070784
879071232	894070784
889327616	894070784
894099456	894070784
906539008	914550784
946569216	955510784
851419136	955510784
851365888	955510784
851365888	955510784
851365888	955510784
851365888	955510784
851365888	955510784
