361742336	487272448
415625216	487272448
417337344	487272448
417808384	487272448
417783808	487272448
418942976	487272448
421941248	487272448
443437056	487272448
443310080	487272448
460288000	487272448
457469952	487272448
374018048	487272448
374018048	487272448
374018048	426446848
374018048	426446848
374018048	426446848
374018048	426446848
374018048	426446848
374018048	426446848
374018048	426446848
374018048	426446848
374018048	426446848
374018048	426446848
374018048	426446848
374018048	426446848
374018048	426446848
374018048	426446848
374018048	426446848
374018048	426446848
374018048	426446848
374018048	426446848
374018048	426446848
374018048	426446848
374018048	426446848
374018048	426446848
374018048	426446848
374018048	426446848
374018048	426446848
374018048	426446848
374018048	426446848
374018048	426446848
374018048	426446848
385359872	426446848
424398848	426446848
425160704	426446848
425279488	426446848
425279488	426446848
426127360	426446848
426840064	446926848
438501376	446926848
438390784	446926848
441188352	446926848
518676480	528846848
501334016	528846848
422637568	528846848
422637568	528846848
444215296	528846848
478265344	528846848
478642176	528846848
478846976	528846848
478978048	528846848
493645824	528846848
504262656	528846848
504270848	528846848
512229376	528846848
542089216	549326848
635953152	651726848
639913984	651726848
600965120	651726848
517476352	651726848
517476352	651726848
517476352	651726848
517476352	651726848
517476352	651726848
517476352	651726848
517476352	651726848
517476352	651726848
517476352	651726848
517468160	651726848
517468160	651726848
517468160	651726848
517468160	651726848
517468160	651726848
517468160	651726848
517468160	651726848
517468160	651726848
517468160	651726848
517468160	651726848
517468160	651726848
517468160	651726848
517468160	651726848
517468160	651726848
517468160	651726848
517468160	651726848
517468160	651726848
517468160	651726848
517468160	651726848
517468160	569896960
517468160	569896960
517468160	569896960
517468160	569896960
517468160	569896960
524718080	569896960
567504896	569896960
572588032	590376960
573091840	590376960
573313024	590376960
573362176	590376960
573558784	590376960
573558784	590376960
573689856	590376960
573677568	590376960
579280896	590376960
590262272	590376960
592375808	610856960
642514944	651816960
645562368	651816960
741380096	754216960
703090688	754216960
621555712	754216960
653365248	754216960
675753984	754216960
677576704	754216960
679088128	754216960
696233984	754216960
717230080	748449792
731095040	748449792
775745536	789409792
656068608	789409792
655822848	789409792
655822848	789409792
655822848	789409792
655822848	789409792
655822848	789409792
655822848	789409792
655822848	789409792
655822848	789409792
655822848	789409792
655822848	789409792
655822848	789409792
655822848	789409792
655822848	789409792
655822848	789409792
655822848	789409792
655822848	789409792
655822848	789409792
655822848	789409792
655822848	789409792
655822848	789409792
655822848	789409792
655822848	789409792
655822848	789409792
655822848	789409792
655822848	789409792
655822848	708251648
655822848	708251648
655822848	708251648
655822848	708251648
655822848	708251648
655822848	708251648
655822848	708251648
655822848	708251648
670978048	708251648
709287936	728731648
710762496	728731648
711176192	728731648
711507968	728731648
711639040	728731648
711757824	728731648
711757824	728731648
713404416	728731648
719564800	728731648
726908928	728731648
728674304	728731648
740278272	749211648
781717504	790171648
767467520	790171648
693489664	790171648
739176448	790171648
741601280	790171648
742076416	790171648
742240256	790171648
742596608	790171648
744054784	790171648
764858368	790171648
783192064	790171648
864120832	851611648
899891200	913051648
871698432	913051648
778948608	913051648
778948608	913051648
778948608	913051648
778948608	913051648
778948608	913051648
778948608	913051648
778948608	913051648
778948608	913051648
778948608	913051648
778948608	913051648
778948608	913051648
778948608	913051648
778948608	913051648
778948608	913051648
778948608	913051648
778948608	913051648
778948608	913051648
778948608	913051648
778948608	913051648
778948608	913051648
778948608	913051648
778948608	913051648
778948608	831377408
778948608	831377408
778948608	831377408
778948608	831377408
778948608	831377408
778948608	831377408
778948608	831377408
778948608	831377408
778948608	831377408
778948608	831377408
778948608	831377408
794034176	831377408
832720896	851857408
834146304	851857408
834646016	851857408
834875392	851857408
835149824	851857408
835121152	851857408
835256320	851857408
841367552	851857408
851656704	851857408
864215040	872337408
906956800	913297408
1001050112	1015697408
972726272	1015697408
885907456	1015697408
913543168	1015697408
936968192	1015697408
938586112	990400512
938778624	990400512
939016192	990400512
942088192	990400512
952365056	990400512
971505664	990400512
997867520	1010880512
979427328	1010880512
902070272	1010880512
902070272	1010880512
902070272	1010880512
902070272	1010880512
902070272	1010880512
902070272	1010880512
902070272	1010880512
902070272	1010880512
902070272	1010880512
902070272	1010880512
902070272	1010880512
902070272	1010880512
902070272	1010880512
902070272	1010880512
902070272	1010880512
902070272	1010880512
902070272	1010880512
902070272	1010880512
902070272	1010880512
902070272	1010880512
902070272	1010880512
902070272	954499072
902070272	954499072
902070272	954499072
902070272	954499072
902070272	954499072
902070272	954499072
902070272	954499072
902070272	954499072
902070272	954499072
902070272	954499072
902070272	954499072
902070272	954499072
902070272	954499072
902070272	954499072
902070272	954499072
902070272	954499072
933601280	954499072
956485632	974979072
957022208	974979072
957386752	974979072
957603840	974979072
978804736	995459072
1027063808	1036419072
931684352	1036419072
931655680	1036419072
931655680	1036419072
931655680	984084480
931655680	984084480
931655680	984084480
931655680	984084480
931655680	984084480
931655680	984084480
