669720576	670949376
549724160	670949376
568061952	670949376
602009600	670949376
602128384	670949376
602718208	670949376
602816512	670949376
603033600	670949376
605720576	670949376
617336832	670949376
625995776	670949376
628199424	670949376
628199424	670949376
641060864	670949376
658599936	670949376
559280128	670949376
559153152	670949376
559153152	670949376
559153152	670949376
559153152	670949376
559153152	670949376
559153152	670949376
559153152	670949376
559153152	670949376
559153152	670949376
559153152	670949376
559153152	670949376
559153152	611581952
559153152	611581952
559153152	611581952
559153152	611581952
559153152	611581952
559153152	611581952
559153152	611581952
559153152	611581952
559153152	611581952
559153152	611581952
559153152	611581952
559153152	611581952
559153152	611581952
559153152	611581952
559153152	611581952
574316544	611581952
610242560	611581952
610242560	611581952
610242560	611581952
610373632	611581952
611291136	611581952
611577856	611581952
611557376	611581952
618545152	632061952
624074752	632061952
686833664	713981952
671895552	713981952
592384000	713981952
592384000	713981952
610861056	713981952
646230016	713981952
647512064	713981952
648372224	713981952
648499200	713981952
659791872	713981952
672473088	713981952
673652736	713981952
687976448	713981952
716156928	713981952
762589184	775421952
725585920	775421952
643411968	775421952
643260416	775421952
643260416	775421952
643260416	775421952
643260416	775421952
643260416	775421952
643260416	775421952
643260416	775421952
643260416	775421952
643260416	775421952
643260416	775421952
643260416	775421952
643260416	775421952
643260416	775421952
643260416	775421952
643260416	695689216
643260416	695689216
643260416	695689216
643260416	695689216
643260416	695689216
643260416	695689216
643260416	695689216
643260416	695689216
643260416	695689216
643260416	695689216
643260416	695689216
643260416	695689216
643260416	695689216
643260416	695689216
643260416	695689216
643260416	695689216
643260416	695689216
643260416	695689216
643260416	695689216
650579968	695689216
675934208	695689216
696893440	716169216
698998784	716169216
699346944	716169216
699346944	716169216
700526592	716169216
707833856	716169216
713621504	716169216
716050432	716169216
716140544	716169216
715911168	716169216
721309696	736649216
768925696	777609216
771678208	777609216
873701376	859529216
881070080	900489216
840491008	900489216
765747200	900489216
783130624	900489216
816168960	900489216
817954816	900489216
818171904	900489216
818171904	900489216
818298880	900489216
821096448	900489216
836878336	900489216
847945728	900489216
869924864	900489216
774582272	900489216
774447104	900489216
774320128	900489216
774320128	900489216
774320128	900489216
774320128	900489216
774320128	900489216
774320128	900489216
774320128	900489216
774320128	826748928
774320128	826748928
774320128	826748928
774320128	826748928
774320128	826748928
774320128	826748928
774303744	826748928
774303744	826748928
774303744	826748928
774303744	826748928
774303744	826748928
774303744	826748928
774303744	826748928
774303744	826748928
774303744	826748928
774303744	826748928
774303744	826748928
774303744	826748928
774303744	826748928
774303744	826748928
774303744	826748928
774303744	826748928
826068992	826748928
824827904	826748928
825589760	826748928
825716736	826748928
826728448	826748928
826724352	826748928
827273216	847228928
837001216	847228928
901476352	929148928
904736768	929148928
954744832	970108928
919175168	970108928
836767744	970108928
851890176	970108928
890314752	970108928
892301312	970108928
892432384	970108928
892649472	970108928
892649472	970108928
894402560	970108928
904257536	970108928
913739776	970108928
922386432	970108928
943763456	970108928
848715776	970108928
848670720	970108928
848670720	970108928
848670720	970108928
848670720	970108928
848670720	970108928
848670720	970108928
848670720	970108928
848670720	970108928
848670720	970108928
848670720	970108928
848670720	901099520
848670720	901099520
848670720	901099520
848670720	901099520
848670720	901099520
848670720	901099520
848670720	901099520
848670720	901099520
848670720	901099520
848670720	901099520
848670720	901099520
848670720	901099520
848670720	901099520
848670720	901099520
848670720	901099520
848670720	901099520
848670720	901099520
848670720	901099520
848670720	901099520
848670720	901099520
848670720	901099520
848670720	901099520
848670720	901099520
848670720	901099520
848670720	901099520
886185984	901099520
899805184	901099520
899805184	901099520
899805184	901099520
899932160	901099520
901058560	901099520
901226496	921579520
908886016	921579520
918495232	921579520
977113088	1003499520
1027858432	1044459520
1031618560	1044459520
997433344	1044459520
930848768	1044459520
966144000	1044459520
966778880	1044459520
967000064	1044459520
967000064	1044459520
967131136	1044459520
971460608	1044459520
977166336	1044459520
985141248	1044459520
1006260224	1044459520
1020383232	1044459520
1067429888	1085419520
1031983104	1085419520
949334016	1085419520
949170176	1085419520
949170176	1085419520
949170176	1085419520
949170176	1085419520
949170176	1085419520
949170176	1001598976
949170176	1001598976
949170176	1001598976
949161984	1001598976
949161984	1001598976
949161984	1001598976
949161984	1001598976
949161984	1001598976
949161984	1001598976
949161984	1001598976
949161984	1001598976
949161984	1001598976
949161984	1001598976
949161984	1001598976
949161984	1001598976
949161984	1001598976
949161984	1001598976
949161984	1001598976
949161984	1001598976
949161984	1001598976
949161984	1001598976
949161984	1001598976
949161984	1001598976
949161984	1001598976
949161984	1001598976
949161984	1001598976
949161984	1001598976
949161984	1001598976
949161984	1001590784
954937344	1001590784
970682368	1001590784
1002999808	1022070784
1004683264	1022070784
1005031424	1022070784
1005158400	1022070784
1006460928	1022070784
1016131584	1022070784
1022050304	1022070784
1035567104	1042550784
1078448128	1083510784
979492864	1083510784
979492864	1083510784
979492864	1083510784
979492864	1083510784
979492864	1083510784
979492864	1083510784
