0	30000
502	30000
1315	30000
195	30000
10	30000
257	30000
1277	30000
19746	30105
1204	30000
103	30000
619	30000
8	30000
15526	30070
50811	84247
84999	84247
96030	97238
103196	128547
94659	82269
4836	30000
22939	43878
46895	103742
2155	37546
1050	30000
439	30000
306	30000
2503	30000
1883	30000
415	30000
14345	30000
36460	50000
51243	49586
50431	49586
51244	49586
49703	49586
50055	49586
22942	49586
0	49586
0	49586
0	49586
0	49586
0	49586
0	49586
0	49586
0	49586
0	49586
0	49586
0	49586
0	49586
0	49586
0	49586
0	49586
0	49586
0	49586
0	49586
0	49586
0	49586
0	49586
0	49586
0	49586
43008	77100
36441	93859
3584	30755
12	30000
1840	30000
1670	30000
489	30000
2624	30000
646	30000
574	30000
42	30000
4377	30000
33782	37230
49016	48780
52805	48780
51927	48780
53965	48780
34343	46828
0	46828
0	46828
0	46828
0	46828
0	46828
0	46828
0	46828
0	46828
0	46828
0	46828
0	46828
0	46828
0	46828
0	46828
0	46828
0	46828
0	46828
0	46828
0	46828
0	46828
0	46828
0	46828
0	46828
0	46828
0	46828
0	46828
0	46828
0	46828
0	46828
0	46828
0	46828
0	46828
0	46828
0	46828
0	46828
0	46828
0	46828
0	46828
0	46828
0	46828
0	46828
0	46828
9123	30000
64396	81600
1237	33423
1701	30000
238	30000
1394	30000
472	30000
284	30000
295	30000
904	30000
10540	30000
35861	37230
58402	56582
56429	56582
61527	56580
39157	30000
33118	37230
50520	55791
3865	30000
639	30000
2281	30000
1373	30000
1525	30000
357	30000
28575	37230
43619	48780
50009	48780
49666	48780
49601	48780
50387	48780
50020	48780
49212	48780
48346	48780
49983	48780
20497	39024
0	39024
0	39024
0	39024
0	39024
0	39024
0	39024
0	39024
0	39024
0	39024
0	39024
0	39024
0	39024
0	39024
0	39024
0	39024
0	39024
0	39024
0	39024
0	39024
0	39024
0	39024
0	39024
0	39024
0	39024
0	39024
2673	30000
21751	54000
63339	84960
211	54374
107	30000
1278	30000
815	30000
689	30000
358	30000
0	30000
121	30000
206	30000
2256	30000
17941	43485
53118	48780
51600	48780
55462	54091
52036	54091
41849	46636
2720	30000
38653	48780
45724	39947
1446	30000
813	30000
246	30000
2905	30000
18540	30000
41501	48780
49817	48780
47459	48780
49885	48780
3349	39024
0	39024
0	39024
0	39024
0	39024
0	39024
0	39024
0	39024
0	39024
0	39024
0	39024
0	39024
0	39024
0	39024
0	39024
0	39024
0	39024
0	39024
0	39024
0	39024
0	39024
0	39024
0	39024
0	39024
0	39024
0	39024
0	39024
0	39024
1816	39024
585	30000
6631	42000
35713	81600
36417	75264
1437	38534
800	30000
417	30000
1111	30000
18	30000
186	30000
30	30000
1613	30000
679	30000
880	30000
21419	30000
45889	48780
52633	48780
49268	48780
54921	49352
49770	53246
21015	56776
0	56776
0	56776
0	56776
0	56776
0	56776
0	56776
0	56776
0	56776
0	56776
0	56776
0	56776
0	56776
0	56776
0	56776
0	56776
0	56776
0	56776
0	56776
0	56776
0	56776
0	56776
0	56776
0	56776
0	56776
0	56776
0	56776
0	56776
0	56776
0	56776
0	56776
0	56776
0	56776
0	56776
0	56776
0	56776
0	56776
0	56776
0	56776
0	56776
0	56776
