239841280	268435456
241631232	268435456
241922048	268435456
241922048	268435456
210464768	268435456
96002048	268435456
96002048	268435456
96002048	268435456
96002048	268435456
96002048	268435456
96002048	268435456
96002048	268435456
96002048	268435456
96002048	268435456
96002048	268435456
96002048	268435456
96002048	268435456
96002048	268435456
96002048	268435456
96002048	268435456
96002048	268435456
96002048	268435456
96002048	268435456
96002048	268435456
96002048	268435456
96002048	268435456
96002048	268435456
96002048	268435456
96002048	268435456
96002048	268435456
96002048	268435456
96002048	268435456
96002048	268435456
96002048	268435456
96002048	268435456
96002048	268435456
96002048	268435456
96002048	268435456
96002048	268435456
96002048	268435456
96002048	268435456
96002048	268435456
96002048	268435456
96002048	268435456
96002048	268435456
96002048	268435456
96002048	268435456
96002048	268435456
96002048	268435456
96002048	268435456
96002048	268435456
96002048	268435456
96002048	268435456
96002048	268435456
96002048	268435456
96002048	268435456
96002048	268435456
96002048	268435456
96002048	268435456
96002048	268435456
96002048	268435456
96002048	268435456
96002048	268435456
96002048	268435456
96002048	268435456
96002048	268435456
96002048	268435456
96002048	268435456
96002048	268435456
96002048	268435456
96002048	268435456
96002048	268435456
96002048	268435456
96002048	268435456
96002048	268435456
96002048	268435456
96002048	268435456
96002048	268435456
96002048	268435456
96002048	268435456
96002048	268435456
96002048	268435456
96002048	268435456
96002048	268435456
96002048	268435456
96002048	268435456
114266112	268435456
128970752	268435456
165961728	268435456
173064192	268435456
179683328	268435456
180994048	268435456
191066112	268435456
192364544	268435456
193675264	268435456
211988480	268435456
213954560	268435456
214216704	268435456
177459200	268435456
185798656	268435456
96759808	268435456
96727040	268435456
96727040	268435456
96727040	268435456
96727040	268435456
96727040	268435456
96727040	268435456
96727040	268435456
96727040	268435456
96727040	268435456
96727040	268435456
96727040	268435456
96727040	268435456
96727040	268435456
96727040	268435456
96727040	268435456
96727040	268435456
96727040	268435456
96727040	268435456
96727040	268435456
96727040	268435456
96727040	268435456
96727040	268435456
96727040	268435456
96727040	268435456
96727040	268435456
96727040	268435456
96727040	268435456
96727040	268435456
96727040	268435456
96727040	268435456
96727040	268435456
96727040	268435456
96727040	268435456
96727040	268435456
96727040	268435456
96727040	268435456
96727040	268435456
96727040	268435456
96727040	268435456
96727040	268435456
96727040	268435456
96727040	268435456
96727040	268435456
96727040	268435456
96727040	268435456
96727040	268435456
96727040	268435456
96727040	268435456
96727040	268435456
96727040	268435456
96727040	268435456
96727040	268435456
96727040	268435456
96727040	268435456
96727040	268435456
96727040	268435456
96727040	268435456
96727040	268435456
96727040	268435456
96727040	268435456
96727040	268435456
96727040	268435456
96727040	268435456
96727040	268435456
96727040	268435456
96727040	268435456
96727040	268435456
96727040	268435456
96727040	268435456
96727040	268435456
96727040	268435456
96727040	268435456
96727040	268435456
96727040	268435456
96727040	268435456
96727040	268435456
96727040	268435456
96727040	268435456
96727040	268435456
96727040	268435456
96727040	268435456
96727040	268435456
96727040	268435456
96727040	268435456
96727040	268435456
96727040	268435456
96727040	268435456
96727040	268435456
96727040	268435456
96727040	268435456
96727040	268435456
96727040	268435456
96727040	268435456
96727040	268435456
96727040	268435456
96727040	268435456
96727040	268435456
96727040	268435456
96727040	268435456
96727040	268435456
96727040	268435456
96727040	268435456
96727040	268435456
96727040	268435456
96727040	268435456
96727040	268435456
96727040	268435456
96727040	268435456
96727040	268435456
96727040	268435456
96727040	268435456
96727040	268435456
96727040	268435456
96727040	268435456
96727040	268435456
96727040	268435456
96727040	268435456
96727040	268435456
96727040	268435456
96727040	268435456
96727040	268435456
96727040	268435456
96727040	268435456
96727040	268435456
96727040	268435456
96727040	268435456
96727040	268435456
96727040	268435456
96727040	268435456
96727040	268435456
96727040	268435456
96727040	268435456
96727040	268435456
96727040	268435456
96727040	268435456
96727040	268435456
96727040	268435456
96727040	268435456
96727040	268435456
96727040	268435456
96727040	268435456
96727040	268435456
96727040	268435456
96727040	268435456
96727040	268435456
96727040	268435456
96727040	268435456
96727040	268435456
96727040	268435456
96727040	268435456
96727040	268435456
96727040	268435456
96727040	268435456
96727040	268435456
96727040	268435456
96727040	268435456
96727040	268435456
96727040	268435456
96727040	268435456
96727040	268435456
96727040	268435456
96727040	268435456
96727040	268435456
96727040	268435456
96727040	268435456
96727040	268435456
96727040	268435456
96727040	268435456
96727040	268435456
96727040	268435456
96727040	268435456
96727040	268435456
96727040	268435456
96727040	268435456
96727040	268435456
96727040	268435456
96727040	268435456
96727040	268435456
96727040	268435456
96727040	268435456
96727040	268435456
96727040	268435456
96727040	268435456
96727040	268435456
96727040	268435456
96727040	268435456
96727040	268435456
96727040	268435456
96727040	268435456
96727040	268435456
96727040	268435456
96727040	268435456
96727040	268435456
96727040	268435456
96727040	268435456
96727040	268435456
96727040	268435456
96727040	268435456
96727040	268435456
