225009664	268435456
241000448	268435456
244359168	268435456
245669888	268435456
246194176	268435456
212697088	268435456
215056384	268435456
100810752	268435456
100810752	268435456
100790272	268435456
100790272	268435456
100790272	268435456
100790272	268435456
100790272	268435456
100790272	268435456
100790272	268435456
100790272	268435456
100790272	268435456
100790272	268435456
100790272	268435456
100790272	268435456
100790272	268435456
100790272	268435456
100790272	268435456
133955584	268435456
170729472	268435456
172851200	268435456
177049600	268435456
183812096	268435456
185122816	268435456
194543616	268435456
195723264	268435456
198082560	268435456
177467392	268435456
101523456	268435456
101347328	268435456
101179392	268435456
101179392	268435456
101179392	268435456
138825728	268435456
175013888	268435456
185585664	268435456
196186112	268435456
198397952	268435456
217300992	268435456
219381760	268435456
222244864	268435456
183496704	268435456
101511168	268435456
101482496	268435456
101388288	268435456
101388288	268435456
101388288	268435456
101388288	268435456
101388288	268435456
101388288	268435456
101380096	268435456
101380096	268435456
101380096	268435456
101380096	268435456
101380096	268435456
101380096	268435456
101380096	268435456
101380096	268435456
101380096	268435456
101380096	268435456
101380096	268435456
101380096	268435456
101380096	268435456
101380096	268435456
101380096	268435456
101380096	268435456
101380096	268435456
101380096	268435456
101380096	268435456
101380096	268435456
101380096	268435456
101380096	268435456
101380096	268435456
101380096	268435456
101380096	268435456
101380096	268435456
101380096	268435456
114200576	268435456
132648960	268435456
156516352	268435456
174952448	268435456
179011584	268435456
185421824	268435456
195104768	268435456
196399104	268435456
197578752	268435456
215764992	268435456
217845760	268435456
218316800	268435456
177004544	268435456
189534208	268435456
101879808	268435456
119754752	268435456
133320704	268435456
156893184	268435456
176545792	268435456
184131584	268435456
188194816	268435456
198262784	268435456
200622080	268435456
219701248	268435456
221536256	268435456
224419840	268435456
224419840	268435456
181637120	268435456
191541248	268435456
102117376	268435456
102117376	268435456
102109184	268435456
102092800	268435456
102092800	268435456
102092800	268435456
102092800	268435456
102092800	268435456
102080512	268435456
102080512	268435456
102080512	268435456
102080512	268435456
102080512	268435456
102080512	268435456
102080512	268435456
102080512	268435456
102080512	268435456
102080512	268435456
102080512	268435456
102080512	268435456
102080512	268435456
102080512	268435456
102080512	268435456
102080512	268435456
102080512	268435456
102080512	268435456
102080512	268435456
102080512	268435456
102080512	268435456
102080512	268435456
102080512	268435456
120602624	268435456
150728704	268435456
171843584	268435456
180019200	268435456
189186048	268435456
199778304	268435456
216686592	268435456
221020160	268435456
222068736	268435456
224821248	268435456
185737216	268435456
102629376	268435456
134676480	268435456
176472064	268435456
186834944	268435456
197435392	268435456
199778304	268435456
218857472	268435456
220692480	268435456
177954816	268435456
192765952	268435456
102973440	268435456
102858752	268435456
132907008	268435456
174436352	268435456
186597376	268435456
197328896	268435456
199692288	268435456
218771456	268435456
220680192	268435456
223694848	268435456
184950784	268435456
103202816	268435456
103034880	268435456
103034880	268435456
102977536	268435456
102977536	268435456
102944768	268435456
102944768	268435456
102944768	268435456
102944768	268435456
102912000	268435456
102785024	268435456
102785024	268435456
102785024	268435456
102785024	268435456
102785024	268435456
102785024	268435456
102785024	268435456
102785024	268435456
102785024	268435456
102785024	268435456
102785024	268435456
102785024	268435456
102785024	268435456
102785024	268435456
102785024	268435456
102785024	268435456
102785024	268435456
102785024	268435456
126566400	268435456
150835200	268435456
174039040	268435456
178360320	268435456
185556992	268435456
195239936	268435456
196943872	268435456
198238208	268435456
216285184	268435456
218497024	268435456
219676672	268435456
221773824	268435456
221773824	268435456
221773824	268435456
182386688	268435456
102936576	268435456
102633472	268435456
102633472	268435456
102633472	268435456
102633472	268435456
102633472	268435456
102633472	268435456
102633472	268435456
102633472	268435456
102633472	268435456
102633472	268435456
102633472	268435456
102633472	268435456
102633472	268435456
102633472	268435456
102633472	268435456
102633472	268435456
102633472	268435456
102633472	268435456
102633472	268435456
102633472	268435456
102633472	268435456
102633472	268435456
102633472	268435456
102633472	268435456
102633472	268435456
102633472	268435456
102633472	268435456
102633472	268435456
102633472	268435456
102633472	268435456
102633472	268435456
102633472	268435456
102633472	268435456
102633472	268435456
102633472	268435456
102633472	268435456
102633472	268435456
102633472	268435456
102633472	268435456
102633472	268435456
102633472	268435456
102633472	268435456
102633472	268435456
102633472	268435456
121466880	268435456
157609984	268435456
181305344	268435456
188108800	268435456
198823936	268435456
200134656	268435456
218181632	268435456
219856896	268435456
223588352	268435456
223588352	268435456
180850688	268435456
191668224	268435456
102715392	268435456
102715392	268435456
102699008	268435456
102699008	268435456
102699008	268435456
102699008	268435456
102699008	268435456
102699008	268435456
102699008	268435456
102699008	268435456
102699008	268435456
102699008	268435456
102699008	268435456
102699008	268435456
102699008	268435456
102699008	268435456
102699008	268435456
102699008	268435456
102699008	268435456
102699008	268435456
102699008	268435456
102699008	268435456
102699008	268435456
102699008	268435456
102699008	268435456
