220553216	268435456
220655616	268435456
97705984	268435456
97488896	268435456
97366016	268435456
97366016	268435456
97366016	268435456
97366016	268435456
97366016	268435456
97366016	268435456
97366016	268435456
97366016	268435456
97366016	268435456
97366016	268435456
97366016	268435456
97366016	268435456
97366016	268435456
97366016	268435456
97366016	268435456
97366016	268435456
97366016	268435456
97366016	268435456
97366016	268435456
97366016	268435456
97366016	268435456
97366016	268435456
97366016	268435456
97366016	268435456
97366016	268435456
97366016	268435456
97366016	268435456
97366016	268435456
97366016	268435456
97366016	268435456
97366016	268435456
97366016	268435456
97366016	268435456
97366016	268435456
97366016	268435456
97366016	268435456
97366016	268435456
97366016	268435456
97366016	268435456
97366016	268435456
97366016	268435456
97366016	268435456
97366016	268435456
97366016	268435456
97366016	268435456
97366016	268435456
97366016	268435456
97366016	268435456
97366016	268435456
97366016	268435456
97366016	268435456
97366016	268435456
97366016	268435456
97366016	268435456
97366016	268435456
97366016	268435456
97366016	268435456
97366016	268435456
97366016	268435456
97366016	268435456
97366016	268435456
97366016	268435456
97366016	268435456
97366016	268435456
97366016	268435456
97366016	268435456
97366016	268435456
97366016	268435456
97366016	268435456
97366016	268435456
97366016	268435456
97366016	268435456
97366016	268435456
97366016	268435456
97366016	268435456
97366016	268435456
97366016	268435456
97366016	268435456
97366016	268435456
97366016	268435456
97366016	268435456
97570816	268435456
129519616	268435456
152633344	268435456
174809088	268435456
182984704	268435456
192925696	268435456
196771840	268435456
174137344	268435456
98230272	268435456
98013184	268435456
98013184	268435456
98013184	268435456
98013184	268435456
98013184	268435456
98013184	268435456
98013184	268435456
98013184	268435456
98013184	268435456
98013184	268435456
98013184	268435456
98013184	268435456
98013184	268435456
98013184	268435456
98013184	268435456
98013184	268435456
98013184	268435456
98013184	268435456
98013184	268435456
98013184	268435456
98013184	268435456
98013184	268435456
98013184	268435456
98013184	268435456
98013184	268435456
98013184	268435456
98013184	268435456
98013184	268435456
98013184	268435456
98013184	268435456
98013184	268435456
98013184	268435456
98013184	268435456
98013184	268435456
98013184	268435456
98013184	268435456
98013184	268435456
98013184	268435456
98013184	268435456
98013184	268435456
98013184	268435456
98013184	268435456
98013184	268435456
98013184	268435456
98013184	268435456
98013184	268435456
98013184	268435456
98013184	268435456
98013184	268435456
98013184	268435456
98013184	268435456
98013184	268435456
98013184	268435456
98013184	268435456
98013184	268435456
98013184	268435456
98013184	268435456
98013184	268435456
98013184	268435456
98013184	268435456
98013184	268435456
98013184	268435456
98013184	268435456
98013184	268435456
98013184	268435456
98013184	268435456
98013184	268435456
98013184	268435456
98013184	268435456
98013184	268435456
98013184	268435456
98013184	268435456
98013184	268435456
98013184	268435456
98013184	268435456
98013184	268435456
98013184	268435456
98013184	268435456
98013184	268435456
98013184	268435456
98013184	268435456
98013184	268435456
98013184	268435456
98013184	268435456
98013184	268435456
98013184	268435456
98013184	268435456
98013184	268435456
98013184	268435456
98013184	268435456
98013184	268435456
98013184	268435456
98013184	268435456
98013184	268435456
98013184	268435456
98013184	268435456
98013184	268435456
98013184	268435456
98013184	268435456
98013184	268435456
98013184	268435456
98013184	268435456
98013184	268435456
98013184	268435456
98013184	268435456
98013184	268435456
98013184	268435456
98013184	268435456
98013184	268435456
98013184	268435456
98013184	268435456
98013184	268435456
98013184	268435456
98013184	268435456
98013184	268435456
98013184	268435456
98013184	268435456
98013184	268435456
98013184	268435456
98013184	268435456
98013184	268435456
98013184	268435456
98013184	268435456
98013184	268435456
98013184	268435456
98013184	268435456
98013184	268435456
98013184	268435456
98013184	268435456
98013184	268435456
98013184	268435456
98013184	268435456
98013184	268435456
98013184	268435456
98013184	268435456
98013184	268435456
98013184	268435456
98013184	268435456
98013184	268435456
98013184	268435456
98013184	268435456
98013184	268435456
98013184	268435456
98013184	268435456
98013184	268435456
98013184	268435456
98013184	268435456
98013184	268435456
98013184	268435456
98013184	268435456
98013184	268435456
98013184	268435456
98013184	268435456
98013184	268435456
98013184	268435456
98013184	268435456
98013184	268435456
98013184	268435456
98013184	268435456
98013184	268435456
98013184	268435456
98013184	268435456
98013184	268435456
98013184	268435456
98013184	268435456
98013184	268435456
98013184	268435456
98013184	268435456
98013184	268435456
98013184	268435456
98013184	268435456
98013184	268435456
98013184	268435456
127795200	268435456
167940096	268435456
175104000	268435456
182431744	268435456
183742464	268435456
193421312	268435456
195186688	268435456
214417408	268435456
216629248	268435456
219643904	268435456
180875264	268435456
99352576	268435456
99094528	268435456
99094528	268435456
99016704	268435456
99008512	268435456
98996224	268435456
98996224	268435456
98996224	268435456
98996224	268435456
98996224	268435456
98996224	268435456
98996224	268435456
98996224	268435456
98996224	268435456
98996224	268435456
98996224	268435456
98996224	268435456
98963456	268435456
98963456	268435456
98963456	268435456
98963456	268435456
98963456	268435456
