71421952.0	123527168.0
71421952.0	123527168.0
71536640.0	123527168.0
71421952.0	123527168.0
71512064.0	123527168.0
71442432.0	123527168.0
71442432.0	123527168.0
71442432.0	123527168.0
71442432.0	123527168.0
71442432.0	123527168.0
71442432.0	123527168.0
71442432.0	123527168.0
71442432.0	123527168.0
71643136.0	123527168.0
71901184.0	123527168.0
71901184.0	123527168.0
71901184.0	123527168.0
71979008.0	123527168.0
71979008.0	123527168.0
71979008.0	123527168.0
71979008.0	123527168.0
71979008.0	123527168.0
71979008.0	123527168.0
71979008.0	123527168.0
71979008.0	123527168.0
71979008.0	123527168.0
71979008.0	123527168.0
71979008.0	123527168.0
71979008.0	123527168.0
71979008.0	123527168.0
71979008.0	123527168.0
71979008.0	123527168.0
71979008.0	123527168.0
71979008.0	123527168.0
71995392.0	123527168.0
71995392.0	123527168.0
71995392.0	123527168.0
71995392.0	123527168.0
71995392.0	123527168.0
72110080.0	123527168.0
71995392.0	123527168.0
71995392.0	123527168.0
71995392.0	123527168.0
71995392.0	123527168.0
72036352.0	123527168.0
72036352.0	123527168.0
72036352.0	123527168.0
72036352.0	123527168.0
72036352.0	123527168.0
72036352.0	123527168.0
72048640.0	123527168.0
72048640.0	123527168.0
72048640.0	123527168.0
72048640.0	123527168.0
72114176.0	123527168.0
72114176.0	123527168.0
72114176.0	123527168.0
72114176.0	123527168.0
72114176.0	123527168.0
72114176.0	123527168.0
72114176.0	123527168.0
72114176.0	123527168.0
72114176.0	123527168.0
72114176.0	123527168.0
72118272.0	123527168.0
72118272.0	123527168.0
72232960.0	123527168.0
72118272.0	123527168.0
72118272.0	123527168.0
72118272.0	123527168.0
72118272.0	123527168.0
72118272.0	123527168.0
72118272.0	123527168.0
72118272.0	123527168.0
72159232.0	123527168.0
72159232.0	123527168.0
72273920.0	123527168.0
72159232.0	123527168.0
72159232.0	123527168.0
72159232.0	123527168.0
72273920.0	123527168.0
72159232.0	123527168.0
72159232.0	123527168.0
72159232.0	123527168.0
72241152.0	123527168.0
72200192.0	123527168.0
72314880.0	123527168.0
72200192.0	123527168.0
72200192.0	123527168.0
72200192.0	123527168.0
72208384.0	123527168.0
72208384.0	123527168.0
72208384.0	123527168.0
72208384.0	123527168.0
72208384.0	123527168.0
72323072.0	123527168.0
72323072.0	123527168.0
72208384.0	123527168.0
72208384.0	123527168.0
72208384.0	123527168.0
72208384.0	123527168.0
72208384.0	123527168.0
72208384.0	123527168.0
72208384.0	123527168.0
72208384.0	123527168.0
72208384.0	123527168.0
72208384.0	123527168.0
72208384.0	123527168.0
72208384.0	123527168.0
72208384.0	123527168.0
72212480.0	123527168.0
72212480.0	123527168.0
72212480.0	123527168.0
72282112.0	123527168.0
72282112.0	123527168.0
72282112.0	123527168.0
72282112.0	123527168.0
72282112.0	123527168.0
72282112.0	123527168.0
72282112.0	123527168.0
