36710000,22631028,1621533562121417
30000000,17978310,1621533562221790
30000000,3359188,1621533562321091
30000000,3392426,1621533562722556
30000000,2667100,1621533562922140
30000000,2601997,1621533563321165
30000000,16299101,1621533563721191
30000000,12069010,1621533563822219
30000000,14204583,1621533563921925
30000000,12493127,1621533564022144
30000000,16054037,1621533564122004
30000000,10250096,1621533564225802
30000000,1478774,1621533564422360
30000000,15162582,1621533564531767
30000000,16655248,1621533564925197
30000000,19035219,1621533565321074
30000000,19287416,1621533565721834
30000000,14699129,1621533566121323
30000000,18324656,1621533566521130
30000000,16600563,1621533566921550
30000000,19721196,1621533567321087
30000000,13327275,1621533567721147
30000000,14683710,1621533568121109
30000000,2267258,1621533568222343
30000000,14874520,1621533568521237
30000000,2294739,1621533568621188
30000000,13445230,1621533568921132
30000000,15998417,1621533569321362
30000000,18018621,1621533569721026
30000000,19242480,1621533570121159
30000000,2244152,1621533570221201
30000000,19257641,1621533570521249
30000000,14975773,1621533570921032
30000000,14730533,1621533571321206
30000000,14356475,1621533571726338
30000000,14467154,1621533571821542
30000000,14623824,1621533571921205
30000000,15001886,1621533572021258
30000000,23414209,1621533572121031
30000000,15926808,1621533572221482
30000000,20380025,1621533572322137
30000000,22535388,1621533572421095
30000000,27634389,1621533572521024
30000000,26886578,1621533572622195
42000000,25101815,1621533572721903
33600000,30790464,1621533572821985
33600000,33600000,1621533572921097
33600000,33600000,1621533573021829
45600000,18068342,1621533573124980
36480000,28591079,1621533573221021
30000000,30000000,1621533573322851
30000000,27751414,1621533573422135
42000000,32455599,1621533573522871
33600000,29314390,1621533573622271
33600000,33600000,1621533573722146
33600000,29720524,1621533573821947
33600000,31798182,1621533573922393
33600000,32493328,1621533574021123
33600000,33600000,1621533574121853
33600000,32124896,1621533574221064
45600000,37095507,1621533574321021
45600000,30087689,1621533574422171
36480000,24165224,1621533574522722
30000000,30000000,1621533574621201
30000000,30000000,1621533574722813
42000000,40148871,1621533574822220
54000000,44314241,1621533574921936
54000000,30612119,1621533575021057
43200000,38701108,1621533575121019
43200000,32867079,1621533575221086
34560000,34560000,1621533575321125
34560000,34560000,1621533575422023
46560000,29485640,1621533575522733
37248000,28468679,1621533575621094
30000000,30000000,1621533575721140
30000000,30000000,1621533575822644
42000000,28906789,1621533575921869
54000000,30630292,1621533576021157
43200000,39561949,1621533576121015
43200000,33807401,1621533576221825
34560000,33527307,1621533576321850
34560000,28508606,1621533576421076
34560000,34560000,1621533576521031
34560000,32239176,1621533576621164
46560000,22909911,1621533576722178
37248000,25859774,1621533576821211
30000000,30000000,1621533576921111
30000000,30000000,1621533577021871
42000000,30376102,1621533577123010
54000000,30319751,1621533577221162
43200000,39822966,1621533577321089
43200000,33350889,1621533577421035
34560000,34560000,1621533577521539
34560000,34560000,1621533577622314
46560000,34127149,1621533577722167
58560000,30920603,1621533577821126
46848000,28654931,1621533577922963
37478000,28975746,1621533578021084
30000000,30000000,1621533578121057
30000000,30000000,1621533578221320
42000000,38363603,1621533578321166
54000000,38974458,1621533578421097
43200000,38121644,1621533578521094
43200000,35442725,1621533578621067
43200000,34626034,1621533578721078
43200000,32160360,1621533578822115
34560000,34560000,1621533578922176
34560000,31567581,1621533579021985
46560000,26762466,1621533579121067
37248000,37248000,1621533579221957
37248000,37248000,1621533579322283
49248000,30621681,1621533579422597
61248000,29173086,1621533579521174
48998000,33353003,1621533579621833
39198000,37832667,1621533579721167
39198000,35167705,1621533579822232
39198000,32679941,1621533579922170
39198000,29624257,1621533580022765
31358000,31358000,1621533580121160
31358000,31358000,1621533580221380
43358000,34749875,1621533580321381
55358000,32923904,1621533580421212
44286000,40455820,1621533580521401
44286000,35825090,1621533580621111
44286000,31235724,1621533580721091
35428000,26181827,1621533580822246
30000000,30000000,1621533580922738
30000000,30000000,1621533581021046
42000000,29935643,1621533581122787
54000000,23858543,1621533581221674
43200000,38426712,1621533581321010
43200000,30168544,1621533581422073
34560000,29198376,1621533581521121
34560000,24209553,1621533581621101
30000000,30000000,1621533581722950
30000000,30000000,1621533581821048
42000000,26569793,1621533581922968
54000000,25278994,1621533582022817
43200000,33905835,1621533582122215
34560000,32700314,1621533582222988
34560000,31489346,1621533582322571
46560000,35263002,1621533582421088
37248000,35097682,1621533582521030
37248000,25171556,1621533582621089
49248000,32125227,1621533582722518
39398000,31825504,1621533582821078
39398000,37037578,1621533582921122
39398000,27876966,1621533583026112
31518000,26299421,1621533583122050
31518000,31518000,1621533583221146
31518000,31518000,1621533583322382
43518000,24328354,1621533583421049
55518000,24654451,1621533583521020
44414000,33813935,1621533583621105
35531000,31055698,1621533583722634
35531000,28504304,1621533583821134
35531000,31487923,1621533583921080
35531000,31880880,1621533584022203
35531000,35531000,1621533584122033
35531000,32299352,1621533584221052
35531000,22667298,1621533584321157
30000000,30000000,1621533584421042
30000000,30000000,1621533584521105
42000000,42000000,1621533584621939
54000000,39685177,1621533584721113
43200000,33755660,1621533584821789
34560000,34560000,1621533584921047
34560000,29484125,1621533585021107
46560000,35787944,1621533585121175
37248000,37248000,1621533585221275
37248000,37248000,1621533585322235
49248000,25684453,1621533585421226
61248000,38816183,1621533585522139
48998000,29570994,1621533585621921
39198000,39198000,1621533585721179
39198000,33622140,1621533585821065
51198000,22419197,1621533585921019
40958000,29276565,1621533586021151
32766000,32766000,1621533586125054
32766000,31827043,1621533586222060
44766000,25974055,1621533586321033
35812000,35812000,1621533586421578
35812000,35812000,1621533586521077
47812000,39233571,1621533586621065
59812000,22175292,1621533586721060
47849000,42748607,1621533586821018
47849000,43490358,1621533586922447
47849000,32200977,1621533587021839
38279000,32972598,1621533587121070
38279000,37224191,1621533587221204
38279000,36916256,1621533587321048
38279000,29397104,1621533587421955
30623000,30623000,1621533587521291
30623000,30226965,1621533587621228
42623000,39640096,1621533587721049
42623000,23772291,1621533587821766
34098000,34098000,1621533587921019
34098000,34098000,1621533588021166
46098000,36895310,1621533588124090
58098000,31047734,1621533588221929
46478000,40284939,1621533588322118
46478000,35040476,1621533588422242
37182000,37182000,1621533588522162
37182000,37182000,1621533588621074
49182000,34042016,1621533588721107
61182000,37577516,1621533588821043
48945000,40920410,1621533588921918
48945000,40916141,1621533589021871
48945000,40414540,1621533589122449
48945000,29984668,1621533589221844
39156000,39156000,1621533589321326
39156000,38769227,1621533589423045
51156000,35895157,1621533589521865
40924000,24937221,1621533589621075
32739000,32739000,1621533589721089
32739000,32739000,1621533589821878
44739000,31217940,1621533589921112
56739000,30169477,1621533590021109
45391000,31269835,1621533590121879
36312000,22549250,1621533590221859
30000000,30000000,1621533590321057
30000000,30000000,1621533590421225
30000000,30000000,1621533590521233
42000000,35310807,1621533590621112
54000000,26503863,1621533590721212
43200000,39497726,1621533590821876
43200000,33965810,1621533590921097
34560000,32755030,1621533591021156
34560000,34148435,1621533591121107
34560000,34560000,1621533591224792
46560000,42969320,1621533591321106
58560000,33278367,1621533591421904
46848000,28356322,1621533591522733
37478000,30689817,1621533591621310
37478000,36907795,1621533591721086
37478000,14361039,1621533591822443
49478000,15658501,1621533592121095
39582000,18313878,1621533592521954
31665000,17120889,1621533592921188
30000000,19856846,1621533593321847
30000000,14375676,1621533593721173
30000000,19524045,1621533594121188
30000000,2155505,1621533594421068
30000000,17545834,1621533594521110
30000000,1290224,1621533594622077
30000000,17553596,1621533594922137
30000000,15672186,1621533595321246
30000000,18136594,1621533595721214
30000000,21158111,1621533596121208
30000000,15557594,1621533596521119
30000000,10685876,1621533596921187
30000000,2294784,1621533597022101
30000000,13106098,1621533597321062
30000000,15460260,1621533597721163
30000000,15501499,1621533598121206
30000000,18665732,1621533598521070
30000000,20712582,1621533598921144
30000000,16923100,1621533599321132
30000000,16302022,1621533599721096
30000000,2288434,1621533599821933
30000000,17569849,1621533600121291
30000000,15202241,1621533600521137
30000000,15086691,1621533600921102
30000000,15663754,1621533601321331
30000000,2239814,1621533601422074
30000000,1255706,1621533601521115
30000000,13750251,1621533601725154
30000000,21546621,1621533601821118
30000000,15024074,1621533601921189
30000000,20980019,1621533602021018
30000000,20878955,1621533602121343
30000000,19097273,1621533602221278
30000000,25865290,1621533602321241
30000000,19592774,1621533602421111
30000000,29927389,1621533602521850
30000000,15625914,1621533602621781
30000000,28487795,1621533602721819
30000000,22270562,1621533602821101
30000000,30000000,1621533602921185
30000000,24174202,1621533603021807
42000000,33243419,1621533603121862
33600000,28920612,1621533603221258
33600000,33600000,1621533603322720
33600000,33600000,1621533603422781
33600000,30112043,1621533603522283
45600000,41212238,1621533603621126
45600000,35133394,1621533603722184
36480000,36480000,1621533603821793
36480000,36480000,1621533603926068
48480000,35045019,1621533604021158
60480000,40120108,1621533604121988
48384000,39212368,1621533604222063
48384000,32784130,1621533604321318
38707000,38707000,1621533604421163
38707000,38707000,1621533604522093
50707000,46869795,1621533604622443
62707000,35961129,1621533604721930
50165000,30570842,1621533604822872
40132000,40132000,1621533604921856
40132000,28254211,1621533605021128
52132000,26543727,1621533605122355
41705000,28155876,1621533605221859
33364000,33364000,1621533605321229
33364000,33001537,1621533605422901
45364000,34150724,1621533605521364
36291000,30051673,1621533605621313
36291000,36291000,1621533605721053
36291000,29832201,1621533605821983
48291000,30486863,1621533605921037
38632000,21502931,1621533606023179
30905000,27228911,1621533606121086
30905000,29351340,1621533606221875
30905000,29609368,1621533606321807
30905000,23000267,1621533606425332
30000000,30000000,1621533606525220
30000000,30000000,1621533606621097
42000000,24552294,1621533606721851
54000000,33943759,1621533606822592
43200000,38499148,1621533606921846
43200000,26298562,1621533607022781
34560000,27649109,1621533607121787
34560000,34560000,1621533607221898
34560000,34560000,1621533607325759
46560000,30568367,1621533607422124
58560000,29999473,1621533607522448
46848000,46848000,1621533607622323
46848000,38105038,1621533607725075
58848000,35154445,1621533607821216
47078000,38564832,1621533607921842
47078000,30000650,1621533608021094
37662000,36771678,1621533608121805
37662000,33578998,1621533608221965
37662000,27699680,1621533608321090
30129000,27243307,1621533608421746
30129000,30129000,1621533608521271
42129000,41451135,1621533608621199
54129000,32349151,1621533608722358
43303000,32113266,1621533608822646
34642000,34642000,1621533608922103
34642000,32078850,1621533609022994
46642000,33070098,1621533609121104
37313000,30342709,1621533609222560
37313000,33738858,1621533609321105
37313000,32059539,1621533609423862
37313000,29382301,1621533609521891
30000000,30000000,1621533609621375
30000000,30000000,1621533609722210
42000000,30869544,1621533609822797
54000000,30564904,1621533609922644
43200000,37008780,1621533610021923
43200000,43200000,1621533610121516
43200000,33717162,1621533610222363
55200000,30219406,1621533610321844
44160000,23752844,1621533610421079
35328000,35328000,1621533610521081
35328000,23927615,1621533610621744
30000000,25282755,1621533610722129
30000000,29253603,1621533610821264
30000000,30000000,1621533610921170
30000000,24950146,1621533611021180
42000000,34406711,1621533611121064
42000000,28953750,1621533611221866
33600000,28058550,1621533611321921
33600000,32406121,1621533611421939
33600000,32892638,1621533611522243
33600000,33600000,1621533611621923
33600000,33600000,1621533611721386
45600000,33925291,1621533611822128
57600000,37545684,1621533611922081
46080000,30566805,1621533612021236
36864000,36864000,1621533612121349
36864000,34474539,1621533612223384
48864000,36699943,1621533612322173
39091000,30256065,1621533612422405
31272000,31272000,1621533612521339
31272000,25650727,1621533612621262
43272000,31107920,1621533612721992
34617000,30404780,1621533612821352
34617000,28933043,1621533612922040
34617000,27076477,1621533613022105
30000000,30000000,1621533613122167
30000000,30000000,1621533613221161
42000000,31945623,1621533613321077
54000000,26464045,1621533613421329
43200000,41452843,1621533613521154
43200000,37430050,1621533613622545
43200000,43200000,1621533613721087
43200000,34030107,1621533613822588
34560000,31397163,1621533613921884
34560000,33055604,1621533614021734
34560000,34560000,1621533614121177
34560000,31674327,1621533614221391
46560000,33181949,1621533614322018
37248000,26461702,1621533614422544
30000000,30000000,1621533614521734
30000000,30000000,1621533614622239
42000000,31543862,1621533614723192
54000000,30793979,1621533614821178
43200000,34977548,1621533614922738
43200000,29413058,1621533615021133
34560000,32958558,1621533615121998
34560000,31323602,1621533615221272
34560000,34560000,1621533615322856
34560000,28227833,1621533615422125
46560000,36247635,1621533615525822
37248000,37248000,1621533615621083
37248000,37248000,1621533615721817
37248000,32129045,1621533615821883
49248000,29465609,1621533615923377
39398000,26096433,1621533616023167
31518000,31518000,1621533616121107
31518000,27511287,1621533616221204
43518000,42340447,1621533616321323
43518000,34448157,1621533616422329
55518000,43797059,1621533616521767
44414000,28567623,1621533616621117
35531000,29812122,1621533616723427
35531000,35531000,1621533616821160
35531000,35531000,1621533616921086
35531000,32209383,1621533617021021
47531000,40346304,1621533617122454
47531000,39378718,1621533617221997
47531000,46835708,1621533617322571
47531000,35132093,1621533617421268
38024000,29948341,1621533617521852
30419000,27972413,1621533617621900
30419000,30419000,1621533617721112
30419000,30419000,1621533617821151
42419000,29539333,1621533617925088
54419000,33876925,1621533618021005
43535000,32743886,1621533618121047
34828000,34828000,1621533618222744
34828000,30473913,1621533618321219
46828000,32429249,1621533618421225
37462000,34676200,1621533618521151
37462000,16882755,1621533618621738
30000000,30000000,1621533618721124
30000000,30000000,1621533618821772
42000000,42000000,1621533618922694
54000000,39940870,1621533619023024
43200000,36124263,1621533619123208
43200000,33875940,1621533619221985
34560000,34560000,1621533619321281
34560000,34560000,1621533619422023
46560000,33012087,1621533619522108
58560000,41704716,1621533619621151
46848000,35417894,1621533619722343
37478000,25065051,1621533619822505
30000000,30000000,1621533619926508
30000000,28666635,1621533620021136
42000000,31343443,1621533620122342
33600000,33600000,1621533620221933
33600000,32455479,1621533620321200
45600000,37024658,1621533620421219
45600000,40373211,1621533620521328
45600000,21107774,1621533620621398
36480000,36480000,1621533620721085
36480000,23191060,1621533620825834
48480000,33182220,1621533620922338
38784000,33400515,1621533621021844
38784000,24676110,1621533621123468
31027000,31027000,1621533621221778
31027000,31027000,1621533621322178
43027000,35890527,1621533621421294
55027000,34117370,1621533621521940
44021000,35003409,1621533621621205
35216000,30278785,1621533621725006
35216000,22069386,1621533621821162
30000000,18137125,1621533622123206
30000000,16647850,1621533622521173
30000000,16905400,1621533622921161
30000000,12139889,1621533623322188
30000000,16713328,1621533623725230
30000000,12034359,1621533624121130
30000000,3519928,1621533624221946
30000000,2255685,1621533624421012
30000000,17273189,1621533624521251
30000000,18150977,1621533624921190
30000000,15180892,1621533625321015
30000000,14332864,1621533625721388
30000000,14489040,1621533626121155
30000000,14662580,1621533626521325
30000000,17577592,1621533626921189
30000000,1288660,1621533627021165
30000000,21368403,1621533627321036
30000000,16481945,1621533627721467
30000000,15600551,1621533628121243
30000000,16559608,1621533628521106
30000000,16191007,1621533628921181
30000000,1345505,1621533629022161
30000000,17703236,1621533629321092
30000000,18362243,1621533629721172
30000000,17066437,1621533630121158
30000000,15550525,1621533630521159
30000000,22121812,1621533630921206
30000000,15631032,1621533631325459
30000000,19836772,1621533631721133
30000000,14264150,1621533631821248
30000000,16933003,1621533631921383
30000000,19176950,1621533632021084
30000000,30000000,1621533632121339
30000000,19971801,1621533632221231
42000000,26762970,1621533632321142
33600000,28161866,1621533632421156
33600000,32948982,1621533632521323
33600000,20449252,1621533632621800
30000000,22261799,1621533632721103
30000000,30000000,1621533632821876
30000000,30000000,1621533632921245
42000000,37023350,1621533633022082
54000000,30447135,1621533633122800
43200000,30995930,1621533633222186
34560000,23762733,1621533633321103
30000000,30000000,1621533633421209
30000000,30000000,1621533633522557
42000000,42000000,1621533633622554
54000000,39676424,1621533633721858
66000000,39019067,1621533633821894
52800000,39842142,1621533633921127
42240000,38864252,1621533634022266
42240000,40892429,1621533634123383
54240000,29440218,1621533634223111
43392000,43332809,1621533634322250
43392000,43392000,1621533634422308
43392000,43345640,1621533634525037
55392000,30725849,1621533634623171
44313000,37906821,1621533634721819
44313000,33554964,1621533634821193
35450000,34165041,1621533634925127
35450000,33029467,1621533635025375
47450000,32416412,1621533635125890
37960000,27036990,1621533635222297
30368000,30368000,1621533635321313
30368000,30368000,1621533635421151
42368000,32842983,1621533635521129
54368000,31517403,1621533635621788
43494000,41883619,1621533635721141
43494000,35456030,1621533635821955
43494000,34923355,1621533635922345
43494000,28618968,1621533636021639
34795000,34795000,1621533636125920
34795000,34795000,1621533636222648
46795000,23355289,1621533636321924
37436000,29949274,1621533636421526
37436000,37436000,1621533636522810
37436000,35866316,1621533636622065
37436000,30093683,1621533636722512
37436000,30571740,1621533636825516
37436000,33728295,1621533636922122
37436000,33840777,1621533637022537
37436000,31081202,1621533637122844
37436000,33877684,1621533637225769
37436000,37436000,1621533637322319
37436000,36233603,1621533637422754
49436000,31024684,1621533637523161
39548000,31564906,1621533637622434
31638000,31638000,1621533637721149
31638000,28637077,1621533637822263
43638000,28644780,1621533637921876
34910000,28745662,1621533638021100
34910000,34910000,1621533638121089
34910000,34910000,1621533638222046
46910000,22644902,1621533638322687
58910000,39898861,1621533638421310
47128000,41136490,1621533638521818
47128000,31879882,1621533638622010
37702000,36514010,1621533638722025
37702000,37702000,1621533638822348
49702000,38998170,1621533638921773
61702000,35399099,1621533639021076
49361000,34582974,1621533639121146
39488000,37176034,1621533639221297
39488000,38030755,1621533639322245
51488000,31203700,1621533639422891
41190000,40381797,1621533639522266
41190000,29749047,1621533639621827
32952000,32515495,1621533639721136
32952000,32775009,1621533639821892
32952000,32694847,1621533639923478
32952000,32952000,1621533640021059
32952000,32952000,1621533640122394
44952000,35265648,1621533640221792
56952000,30944986,1621533640321916
45561000,38611427,1621533640421677
45561000,43720439,1621533640521370
45561000,33600241,1621533640622115
36448000,32396157,1621533640722435
36448000,26679401,1621533640822126
30000000,30000000,1621533640921090
30000000,30000000,1621533641022462
42000000,35582691,1621533641121817
54000000,26430288,1621533641222401
43200000,32578484,1621533641321073
34560000,33186544,1621533641422088
34560000,30006400,1621533641522192
34560000,34560000,1621533641621373
34560000,34560000,1621533641721390
46560000,27527841,1621533641823611
58560000,25796074,1621533641921769
46848000,37254077,1621533642021104
37478000,34081661,1621533642121823
37478000,32461423,1621533642223817
37478000,33283250,1621533642321986
37478000,34166877,1621533642422232
37478000,37478000,1621533642523195
37478000,36261323,1621533642622884
49478000,22627059,1621533642722291
39582000,33746041,1621533642821127
39582000,31566995,1621533642922336
31665000,25854132,1621533643021222
31665000,28583105,1621533643121932
31665000,31665000,1621533643221223
31665000,31665000,1621533643321154
43665000,30323424,1621533643421142
55665000,39894336,1621533643522109
44532000,28047535,1621533643623039
35625000,32147330,1621533643721091
35625000,35179192,1621533643822091
35625000,30671229,1621533643921068
35625000,34097540,1621533644021115
35625000,35625000,1621533644121730
35625000,35055775,1621533644221198
47625000,31433246,1621533644322393
38100000,35763788,1621533644425029
38100000,35805540,1621533644521129
38100000,37565075,1621533644621913
50100000,35657535,1621533644722441
40080000,38896807,1621533644821150
40080000,37964140,1621533644921132
40080000,33094641,1621533645021860
40080000,40080000,1621533645121179
40080000,36555664,1621533645221862
52080000,35087332,1621533645321840
64080000,28458803,1621533645421836
51264000,30031998,1621533645521060
41011000,31370492,1621533645621354
32808000,32808000,1621533645725317
32808000,32808000,1621533645821880
44808000,30076438,1621533645921766
56808000,26877802,1621533646021852
45446000,35707946,1621533646121146
36356000,25187464,1621533646222306
30000000,30000000,1621533646321895
30000000,30000000,1621533646421880
42000000,42000000,1621533646522160
54000000,32984937,1621533646622163
66000000,28013062,1621533646721950
52800000,32677128,1621533646822022
42240000,42240000,1621533646921201
42240000,31170517,1621533647022027
33792000,33792000,1621533647122383
33792000,31086395,1621533647223048
33792000,29887724,1621533647321713
33792000,27787969,1621533647421180
33792000,33792000,1621533647522609
33792000,33792000,1621533647622172
45792000,37537291,1621533647721114
57792000,25189447,1621533647822948
46233000,29712486,1621533647921306
36986000,31797717,1621533648021251
36986000,35611992,1621533648121139
36986000,35441069,1621533648222119
36986000,32456582,1621533648321098
36986000,29521464,1621533648421068
30000000,30000000,1621533648521922
30000000,30000000,1621533648622402
42000000,36995094,1621533648721268
54000000,34228673,1621533648822680
43200000,39125136,1621533648921232
43200000,29458825,1621533649021887
34560000,32385396,1621533649121814
34560000,34267618,1621533649221217
34560000,34560000,1621533649322034
46560000,42766001,1621533649421119
58560000,32890984,1621533649521189
46848000,43681867,1621533649623866
46848000,37083069,1621533649722761
37478000,32059223,1621533649822219
37478000,33351792,1621533649921307
37478000,33841182,1621533650022223
37478000,35806899,1621533650121056
37478000,36930902,1621533650222228
37478000,36439542,1621533650322417
49478000,36136418,1621533650421845
39582000,39582000,1621533650521083
39582000,33316402,1621533650622540
51582000,33022574,1621533650722092
41265000,27252487,1621533650822133
33012000,33012000,1621533650922153
33012000,33012000,1621533651022083
45012000,36349185,1621533651121193
57012000,32304227,1621533651222077
45609000,40852049,1621533651321099
45609000,39077487,1621533651421113
45609000,39388662,1621533651522438
45609000,39221938,1621533651621845
45609000,41578515,1621533651721725
45609000,26473078,1621533651822686
36487000,16758507,1621533652122671
30000000,16221368,1621533652522168
30000000,20235774,1621533652922366
30000000,19591515,1621533653321189
30000000,18752582,1621533653721077
30000000,17928769,1621533654121365
30000000,2313355,1621533654421131
30000000,19498141,1621533654521591
30000000,18477998,1621533654921417
30000000,17506379,1621533655321343
30000000,17815745,1621533655721048
30000000,1307736,1621533655821368
30000000,15279956,1621533656121208
30000000,17220213,1621533656521130
30000000,3570386,1621533656621096
30000000,20170550,1621533656921015
30000000,2379083,1621533657121966
30000000,14609725,1621533657321202
30000000,2333950,1621533657422423
30000000,17481940,1621533657721153
30000000,16035405,1621533658122052
30000000,7080372,1621533658221124
30000000,20619945,1621533658521149
30000000,15366927,1621533658921135
30000000,18026785,1621533659321225
30000000,19211606,1621533659721113
30000000,2219854,1621533659821836
30000000,18090688,1621533660121079
30000000,16683492,1621533660521147
30000000,1293149,1621533660622327
30000000,16297582,1621533660921113
30000000,15794719,1621533661321362
30000000,2307538,1621533661421898
30000000,20108100,1621533661721175
30000000,1286461,1621533661825064
30000000,26231018,1621533661921146
30000000,24509094,1621533662021142
30000000,30000000,1621533662121889
30000000,30000000,1621533662221082
30000000,17543003,1621533662321313
30000000,24619355,1621533662421228
30000000,30000000,1621533662521436
30000000,24386811,1621533662621194
42000000,25567479,1621533662722324
33600000,25281146,1621533662821771
30000000,30000000,1621533662921829
30000000,23119348,1621533663021813
42000000,25237817,1621533663121022
33600000,28184582,1621533663221079
33600000,33600000,1621533663321041
33600000,27581950,1621533663420261
45600000,30847614,1621533663525108
36480000,31951684,1621533663625227
36480000,36480000,1621533663721120
36480000,31362691,1621533663822418
48480000,41836388,1621533663921077
48480000,32658727,1621533664021866
38784000,33500290,1621533664121066
38784000,34838767,1621533664221096
38784000,38335012,1621533664321902
38784000,29362431,1621533664422591
31027000,31027000,1621533664521322
31027000,31027000,1621533664622760
43027000,40130332,1621533664721052
55027000,32627784,1621533664822205
44021000,44021000,1621533664921748
44021000,44021000,1621533665021058
56021000,42386338,1621533665121088
68021000,40494490,1621533665222728
54416000,45968993,1621533665322352
54416000,30758743,1621533665421001
43532000,43047328,1621533665521359
43532000,41791636,1621533665622551
43532000,43532000,1621533665721160
43532000,43532000,1621533665821105
55532000,28329728,1621533665921094
67532000,36023409,1621533666021994
54025000,33396506,1621533666121087
43220000,29641752,1621533666221127
34576000,31679514,1621533666321017
34576000,32337976,1621533666421100
34576000,30458874,1621533666521120
34576000,34576000,1621533666621035
34576000,30944931,1621533666723101
46576000,34737701,1621533666821318
37260000,37260000,1621533666921054
37260000,30012577,1621533667021052
49260000,28412059,1621533667121164
39408000,35613325,1621533667221000
39408000,38981119,1621533667321029
39408000,32267391,1621533667422194
51408000,38176782,1621533667520980
41126000,41126000,1621533667621260
41126000,41126000,1621533667721995
41126000,39138054,1621533667822824
53126000,37289443,1621533667921002
42500000,37124534,1621533668021051
42500000,39633850,1621533668121101
42500000,28077067,1621533668221015
34000000,25308629,1621533668321139
30000000,29905429,1621533668421023
30000000,30000000,1621533668521077
30000000,30000000,1621533668620990
42000000,37200380,1621533668721298
54000000,35706311,1621533668822261
43200000,29195828,1621533668921081
34560000,29483827,1621533669022586
34560000,24952994,1621533669121070
30000000,30000000,1621533669221694
30000000,30000000,1621533669321143
42000000,32816740,1621533669421119
54000000,25074796,1621533669521772
43200000,43200000,1621533669621004
43200000,42994381,1621533669722093
55200000,31964235,1621533669821944
44160000,41681811,1621533669921137
44160000,38447795,1621533670021070
44160000,36887670,1621533670122194
44160000,40233897,1621533670221147
44160000,32853119,1621533670321852
35328000,35328000,1621533670421164
35328000,35328000,1621533670521110
47328000,32132766,1621533670621062
59328000,34478763,1621533670721269
47462000,21327236,1621533670821040
37969000,36388828,1621533670921136
37969000,37969000,1621533671021216
37969000,28712570,1621533671122976
49969000,32407628,1621533671222677
39975000,32665581,1621533671321797
39975000,33632633,1621533671421011
39975000,34176744,1621533671521026
39975000,33662804,1621533671621166
39975000,39975000,1621533671721127
39975000,36712829,1621533671821042
51975000,26877800,1621533671922719
41580000,36839443,1621533672022155
41580000,33324679,1621533672121086
41580000,38462233,1621533672221176
41580000,31697899,1621533672321126
33264000,33264000,1621533672421079
33264000,33264000,1621533672521010
45264000,42925291,1621533672621064
57264000,26051232,1621533672721095
45811000,35725579,1621533672822039
36648000,36648000,1621533672922108
36648000,29218217,1621533673021183
48648000,28837280,1621533673121907
38918000,33360103,1621533673221126
38918000,38918000,1621533673321821
38918000,38918000,1621533673421036
50918000,37890829,1621533673521821
40734000,36236594,1621533673621035
40734000,35509407,1621533673722524
40734000,36782653,1621533673821824
40734000,36673130,1621533673920973
40734000,34728222,1621533674021070
40734000,39052196,1621533674120995
40734000,31852155,1621533674221020
32587000,22537245,1621533674321111
30000000,30000000,1621533674421033
30000000,30000000,1621533674521014
42000000,34541610,1621533674621853
54000000,35577816,1621533674721152
43200000,34055895,1621533674821022
34560000,28953423,1621533674921113
34560000,30775976,1621533675021105
34560000,32592238,1621533675121180
34560000,31585868,1621533675221590
34560000,34560000,1621533675321137
34560000,33043662,1621533675421862
46560000,37509056,1621533675521115
46560000,38775086,1621533675621075
46560000,43798326,1621533675721903
46560000,39581560,1621533675821928
46560000,34651518,1621533675923306
37248000,31296749,1621533676022300
37248000,37248000,1621533676122424
37248000,32534028,1621533676222130
49248000,36238429,1621533676321977
39398000,36506964,1621533676421197
39398000,39174532,1621533676521003
39398000,39398000,1621533676623506
51398000,30402415,1621533676721065
63398000,28620348,1621533676822605
50718000,43564422,1621533676921050
50718000,30506732,1621533677021909
40574000,27760572,1621533677122167
32459000,32459000,1621533677221109
32459000,32459000,1621533677321034
44459000,40840476,1621533677421045
56459000,29929299,1621533677521110
45167000,35359541,1621533677621862
36133000,36133000,1621533677721026
36133000,24584241,1621533677821803
48133000,29322820,1621533677921505
38506000,31092868,1621533678021063
38506000,34849795,1621533678122242
38506000,24668608,1621533678221105
30804000,28387462,1621533678321362
30804000,30804000,1621533678421059
30804000,30804000,1621533678522247
30804000,30804000,1621533678621071
42804000,41836321,1621533678721056
54804000,28005195,1621533678821797
43843000,43143841,1621533678921138
43843000,26664074,1621533679021740
35074000,35074000,1621533679121016
35074000,29817441,1621533679221004
47074000,38971049,1621533679321072
47074000,28622535,1621533679421259
37659000,33626963,1621533679521392
37659000,37659000,1621533679621026
37659000,36915562,1621533679721163
49659000,35713294,1621533679821794
39727000,38835452,1621533679921123
39727000,36395078,1621533680021114
39727000,39727000,1621533680121804
39727000,39727000,1621533680221908
51727000,33578222,1621533680321082
41381000,41347297,1621533680422135
41381000,40465962,1621533680522225
41381000,35158641,1621533680621018
53381000,31475702,1621533680721089
42704000,39416993,1621533680821062
42704000,42608604,1621533680921130
42704000,35156767,1621533681021020
54704000,25656549,1621533681122388
43763000,32050681,1621533681222692
35010000,35010000,1621533681322004
35010000,35010000,1621533681421372
47010000,35345625,1621533681522112
59010000,39983236,1621533681621145
47208000,43924426,1621533681721091
47208000,23949671,1621533681821044
37766000,11335049,1621533681921102
30212000,18188925,1621533682121831
30000000,17800198,1621533682521647
30000000,16078386,1621533682921174
30000000,15806736,1621533683321250
30000000,13679128,1621533683721385
30000000,20110450,1621533684127394
30000000,18475781,1621533684521192
30000000,12426938,1621533684921774
30000000,3377121,1621533685021064
30000000,1327988,1621533685221812
30000000,18630738,1621533685321063
30000000,1294608,1621533685422551
30000000,1415359,1621533685521059
30000000,16305346,1621533685721223
30000000,14968626,1621533686121111
30000000,14728795,1621533686522295
30000000,13559565,1621533686921166
30000000,5679813,1621533687021107
30000000,12846200,1621533687321073
30000000,17634483,1621533687721241
30000000,12028448,1621533688121114
30000000,2261491,1621533688221052
30000000,17221056,1621533688521064
30000000,1351236,1621533688621137
30000000,18473196,1621533688921226
30000000,17917867,1621533689322031
30000000,1359892,1621533689521142
30000000,20769480,1621533689721128
30000000,1333719,1621533690021239
30000000,18638601,1621533690121190
30000000,1312878,1621533690221983
30000000,19268270,1621533690521175
30000000,17249662,1621533690921080
30000000,1309303,1621533691221166
30000000,19228700,1621533691321047
30000000,1280006,1621533691621185
30000000,20866622,1621533691721140
30000000,4813792,1621533691821078
30000000,19656512,1621533691921178
30000000,25958878,1621533692022015
30000000,19209694,1621533692121953
30000000,5229632,1621533692222110
30000000,21626097,1621533692321243
30000000,30000000,1621533692421115
30000000,28323739,1621533692521037
42000000,19889034,1621533692621785
33600000,25487724,1621533692721088
30000000,29033620,1621533692821250
30000000,24711540,1621533692921174
30000000,30000000,1621533693022255
30000000,30000000,1621533693121098
42000000,31548413,1621533693221071
54000000,28668254,1621533693322549
43200000,29666800,1621533693421150
34560000,34560000,1621533693521029
34560000,34560000,1621533693621015
46560000,29006864,1621533693721081
58560000,41860345,1621533693821025
46848000,37443449,1621533693921341
37478000,37478000,1621533694021299
37478000,37478000,1621533694121900
37478000,37478000,1621533694221026
49478000,42873259,1621533694321069
61478000,49631461,1621533694421010
61478000,51991051,1621533694523007
61478000,39128420,1621533694621071
49182000,49182000,1621533694721869
49182000,42869958,1621533694821247
61182000,42547988,1621533694921282
48945000,36105089,1621533695021245
39156000,33170379,1621533695121112
39156000,31406133,1621533695222224
39156000,39156000,1621533695321077
39156000,36485430,1621533695421767
51156000,25482255,1621533695523253
40924000,40758860,1621533695621090
40924000,37211323,1621533695721794
40924000,37966849,1621533695821151
40924000,28311485,1621533695922170
32739000,22898707,1621533696021219
30000000,30000000,1621533696122126
30000000,30000000,1621533696221159
42000000,31074935,1621533696321803
54000000,29459294,1621533696421924
43200000,33258142,1621533696521163
34560000,34560000,1621533696622580
34560000,34151857,1621533696722251
34560000,29150242,1621533696821847
34560000,34560000,1621533696921059
34560000,34560000,1621533697021019
46560000,29219788,1621533697122071
37248000,32586111,1621533697222049
37248000,37248000,1621533697321950
37248000,36733835,1621533697421045
49248000,39443443,1621533697522555
61248000,32794181,1621533697621860
48998000,46709159,1621533697722882
48998000,31629477,1621533697821841
39198000,39198000,1621533697922331
39198000,36234329,1621533698022306
39198000,36883286,1621533698121138
39198000,30938253,1621533698221924
31358000,31358000,1621533698322039
31358000,30574005,1621533698422201
43358000,38630674,1621533698521097
43358000,33391781,1621533698622341
34686000,32827107,1621533698722306
34686000,29695150,1621533698821781
34686000,34686000,1621533698921004
34686000,34686000,1621533699021939
46686000,32561004,1621533699121052
58686000,36440852,1621533699221083
46948000,44005604,1621533699321121
46948000,30243895,1621533699421920
58948000,38398332,1621533699521103
47158000,37863760,1621533699621079
47158000,43274269,1621533699721022
47158000,30551746,1621533699821112
37726000,37726000,1621533699921036
37726000,37726000,1621533700021014
49726000,47154238,1621533700121120
61726000,34857865,1621533700222260
49380000,34280829,1621533700321941
39504000,33103976,1621533700423121
39504000,29678187,1621533700521751
31603000,26911276,1621533700621045
31603000,31603000,1621533700721110
31603000,31424585,1621533700821785
43603000,40665860,1621533700921061
43603000,24893354,1621533701021741
34882000,34882000,1621533701125046
34882000,34882000,1621533701221228
34882000,34882000,1621533701321200
46882000,27646242,1621533701421091
58882000,29812776,1621533701521127
47105000,26030703,1621533701631488
37684000,37684000,1621533701721714
37684000,35530138,1621533701821091
49684000,34586861,1621533701921780
39747000,31872752,1621533702021115
39747000,39747000,1621533702122120
39747000,37703491,1621533702222219
51747000,26135816,1621533702321991
41397000,37637799,1621533702421064
41397000,40842217,1621533702522155
41397000,34498653,1621533702625514
53397000,30569399,1621533702721951
42717000,26452840,1621533702821110
34173000,34173000,1621533702921817
34173000,31179475,1621533703022796
46173000,22566514,1621533703121020
36938000,26193497,1621533703222509
30000000,30000000,1621533703321152
30000000,30000000,1621533703422759
42000000,40752700,1621533703521076
54000000,35602125,1621533703621764
66000000,39923987,1621533703721039
52800000,29580266,1621533703820980
42240000,38133210,1621533703920992
42240000,29342386,1621533704020976
33792000,33792000,1621533704121052
33792000,33792000,1621533704221870
45792000,40387340,1621533704322076
57792000,30820852,1621533704421139
46233000,37892561,1621533704521118
46233000,32375884,1621533704621151
36986000,35648522,1621533704721995
36986000,36986000,1621533704821097
36986000,36986000,1621533704921048
48986000,29890018,1621533705021083
60986000,38861018,1621533705121045
48788000,36430366,1621533705221760
39030000,39030000,1621533705321062
39030000,37213636,1621533705425586
51030000,31632200,1621533705521298
40824000,22329331,1621533705621768
32659000,32659000,1621533705721141
32659000,25692956,1621533705822217
44659000,37029216,1621533705921033
44659000,36377295,1621533706021738
44659000,42478538,1621533706121097
44659000,35561252,1621533706222552
35727000,35727000,1621533706321118
35727000,35727000,1621533706421068
47727000,39229180,1621533706522152
59727000,37838508,1621533706621076
47781000,33164996,1621533706721166
38224000,30544649,1621533706822078
30579000,30579000,1621533706921893
30579000,30579000,1621533707021067
42579000,30830154,1621533707121886
54579000,33555277,1621533707221713
43663000,37039356,1621533707321855
43663000,38300859,1621533707422953
43663000,30173323,1621533707523609
34930000,33927421,1621533707621409
34930000,34930000,1621533707721051
34930000,31562747,1621533707821961
46930000,32100546,1621533707921861
37544000,22355094,1621533708021803
30035000,30035000,1621533708121786
30035000,30035000,1621533708222175
42035000,29635718,1621533708321754
54035000,46631668,1621533708422222
54035000,46165352,1621533708521405
54035000,24081919,1621533708622593
43228000,32752222,1621533708721213
34582000,28069118,1621533708822342
34582000,34582000,1621533708921226
34582000,34582000,1621533709022501
46582000,37269642,1621533709122724
58582000,36024868,1621533709221044
46865000,38312878,1621533709321044
46865000,39395394,1621533709422163
46865000,36504012,1621533709522453
37492000,30124525,1621533709621864
37492000,37492000,1621533709721042
37492000,31258040,1621533709821220
49492000,33992326,1621533709921969
39593000,29942876,1621533710022683
31674000,31674000,1621533710121290
31674000,28126263,1621533710222640
43674000,37267450,1621533710321877
43674000,28849073,1621533710421696
34939000,34939000,1621533710521215
34939000,27179019,1621533710625130
46939000,30122637,1621533710722100
37551000,34562844,1621533710821148
37551000,35840360,1621533710922643
37551000,37551000,1621533711021038
37551000,33330343,1621533711121042
49551000,42561343,1621533711221202
49551000,38767872,1621533711322638
39640000,26443649,1621533711421140
31712000,31712000,1621533711521180
31712000,31712000,1621533711622074
31712000,31712000,1621533711721915
43712000,36404291,1621533711822055
55712000,19702010,1621533711925104
44569000,15738682,1621533712121285
35655000,14145399,1621533712521158
30000000,15919312,1621533712921395
30000000,19500388,1621533713321278
30000000,19700071,1621533713721047
30000000,17991441,1621533714121212
30000000,3533496,1621533714221901
30000000,18762306,1621533714522227
30000000,2332648,1621533714622189
30000000,19615435,1621533714921198
30000000,19651222,1621533715321189
30000000,14721526,1621533715721374
30000000,13122490,1621533716121161
30000000,17283313,1621533716521060
30000000,20942477,1621533716921173
30000000,13104041,1621533717325187
30000000,22014012,1621533717721191
30000000,15847428,1621533718121295
30000000,15466993,1621533718521083
30000000,16749906,1621533718921182
30000000,18083101,1621533719321081
30000000,17602311,1621533719721218
30000000,16598913,1621533720122376
30000000,15075226,1621533720521230
30000000,2295911,1621533720621914
30000000,21314359,1621533720921089
30000000,15699811,1621533721325261
30000000,19935518,1621533721721275
30000000,2522586,1621533721821219
30000000,4049557,1621533721921284
30000000,24335526,1621533722021033
30000000,30000000,1621533722121146
30000000,15990008,1621533722221087
42000000,25207655,1621533722321226
33600000,22245927,1621533722421284
30000000,28303428,1621533722521162
30000000,22498057,1621533722621216
30000000,12862079,1621533722721288
30000000,16794477,1621533722821362
30000000,28334264,1621533722922191
30000000,21888549,1621533723021950
30000000,28342290,1621533723121115
30000000,21345354,1621533723222762
30000000,30000000,1621533723321252
30000000,19460818,1621533723421031
42000000,30576591,1621533723521160
33600000,25036987,1621533723621133
30000000,30000000,1621533723721948
30000000,21016598,1621533723821323
42000000,23578379,1621533723921173
33600000,24126737,1621533724021236
30000000,30000000,1621533724121198
30000000,18859549,1621533724222374
30000000,28930907,1621533724321245
30000000,22065848,1621533724421192
42000000,32668948,1621533724521229
33600000,24757887,1621533724622020
30000000,30000000,1621533724721985
30000000,30000000,1621533724822115
30000000,30000000,1621533724921286
42000000,30233943,1621533725022052
54000000,32535404,1621533725122005
43200000,35778586,1621533725221149
43200000,43200000,1621533725321018
43200000,37895336,1621533725421146
55200000,30320469,1621533725521143
44160000,44160000,1621533725622113
44160000,40721157,1621533725721195
56160000,27780550,1621533725821092
44928000,38019082,1621533725921080
44928000,35181592,1621533726021269
35942000,35942000,1621533726121165
35942000,34292797,1621533726221164
35942000,31504966,1621533726321127
35942000,35942000,1621533726425112
35942000,35942000,1621533726521026
47942000,35445431,1621533726621164
59942000,32135578,1621533726721227
47953000,36080731,1621533726822244
38362000,38362000,1621533726921175
38362000,38362000,1621533727021879
50362000,30204641,1621533727123138
62362000,39758325,1621533727221105
49889000,48410499,1621533727321172
49889000,39249758,1621533727422446
39911000,39911000,1621533727521829
39911000,29804934,1621533727621244
51911000,43340495,1621533727725150
51911000,34459746,1621533727821165
41528000,41528000,1621533727921206
41528000,41528000,1621533728021146
53528000,41754993,1621533728122045
65528000,37952902,1621533728222071
52422000,34319641,1621533728321123
41937000,34756536,1621533728421195
41937000,41937000,1621533728521274
41937000,38468420,1621533728621974
53937000,40335646,1621533728721260
43149000,34022089,1621533728821060
34519000,34519000,1621533728921140
34519000,34519000,1621533729021234
46519000,33030499,1621533729121051
58519000,35570011,1621533729221186
46815000,42612145,1621533729321231
46815000,28778710,1621533729421103
37452000,33720367,1621533729521229
37452000,37452000,1621533729621204
37452000,30820690,1621533729719166
49452000,33490149,1621533729821080
39561000,36146353,1621533729921190
39561000,38238714,1621533730021101
39561000,36141229,1621533730121226
39561000,34760160,1621533730221067
39561000,39561000,1621533730321128
39561000,32721177,1621533730421969
51561000,48824887,1621533730521058
51561000,38388408,1621533730621232
41248000,36318412,1621533730721102
41248000,34494888,1621533730821189
41248000,39386958,1621533730921200
41248000,35871760,1621533731022074
41248000,30736198,1621533731122001
32998000,32998000,1621533731221132
32998000,32998000,1621533731321296
32998000,32998000,1621533731422088
44998000,34766735,1621533731521116
35998000,35998000,1621533731621832
35998000,35998000,1621533731721041
47998000,39616495,1621533731822855
59998000,35094457,1621533731922669
47998000,36584868,1621533732022077
38398000,38398000,1621533732121347
38398000,34969225,1621533732221158
50398000,28202986,1621533732321919
40318000,40318000,1621533732422008
40318000,40318000,1621533732521464
52318000,39953340,1621533732621268
64318000,26624113,1621533732721053
51454000,25609533,1621533732821033
41163000,41163000,1621533732921149
41163000,23722519,1621533733021060
53163000,28823917,1621533733122021
42530000,30300624,1621533733222842
34024000,34024000,1621533733321299
34024000,33682902,1621533733421992
46024000,40880950,1621533733521868
46024000,46024000,1621533733621976
46024000,37517421,1621533733721968
46024000,30105584,1621533733821854
36819000,35171250,1621533733921102
36819000,29284759,1621533734021048
48819000,44502174,1621533734122329
48819000,33903529,1621533734222207
39055000,29636527,1621533734322050
31244000,29541155,1621533734421163
31244000,31244000,1621533734521113
31244000,31244000,1621533734622033
43244000,30193185,1621533734721084
55244000,36887170,1621533734821946
44195000,44195000,1621533734921209
44195000,27211142,1621533735021936
56195000,30080501,1621533735125174
44956000,38334906,1621533735221072
44956000,36815796,1621533735321116
44956000,33950972,1621533735421215
35964000,32131643,1621533735522856
35964000,24946165,1621533735621130
30000000,30000000,1621533735721138
30000000,28969409,1621533735821220
42000000,33589392,1621533735921919
33600000,19491837,1621533736021085
30000000,30000000,1621533736122151
30000000,30000000,1621533736221863
42000000,31849412,1621533736321756
54000000,37750134,1621533736421257
43200000,39322671,1621533736521152
43200000,39643777,1621533736621099
43200000,35220815,1621533736721991
43200000,32694575,1621533736821135
34560000,34560000,1621533736922153
34560000,34560000,1621533737021047
46560000,23199468,1621533737121102
58560000,31939237,1621533737221951
46848000,35150556,1621533737321934
37478000,31162143,1621533737421308
37478000,35374713,1621533737522360
37478000,32325439,1621533737621447
37478000,35303082,1621533737721192
37478000,23884312,1621533737821052
30000000,30000000,1621533737921133
30000000,28729507,1621533738021151
42000000,40165929,1621533738121052
42000000,35112113,1621533738221164
42000000,36248246,1621533738322017
42000000,29129600,1621533738421253
33600000,33600000,1621533738521091
33600000,33600000,1621533738621894
45600000,23716722,1621533738721060
57600000,41113808,1621533738822027
46080000,41912583,1621533738921056
46080000,33986625,1621533739021922
36864000,35837599,1621533739122748
36864000,34900787,1621533739221117
36864000,36864000,1621533739321067
36864000,36864000,1621533739421036
36864000,29782375,1621533739521180
48864000,34352187,1621533739620986
39091000,39091000,1621533739721021
39091000,39004261,1621533739821142
51091000,25288131,1621533739921138
40872000,28292236,1621533740021952
32697000,32697000,1621533740121063
32697000,32697000,1621533740221914
44697000,36260823,1621533740321163
44697000,40316419,1621533740421181
44697000,44697000,1621533740521115
44697000,37918169,1621533740622135
56697000,29738548,1621533740722691
45357000,28138629,1621533740821958
36285000,36285000,1621533740921282
36285000,29526890,1621533741021909
48285000,29768640,1621533741122113
38628000,27082700,1621533741222610
30902000,30902000,1621533741321998
30902000,30097779,1621533741425447
42902000,30812936,1621533741521103
54902000,32498315,1621533741621153
43921000,20416228,1621533741721021
35136000,34862406,1621533741821271
35136000,34500878,1621533741921259
35136000,11055006,1621533742021120
30000000,1321233,1621533743321131
30000000,2193902,1621533744521327
