0	100000
58532	100000
389	100000
337	100000
373	100000
439	100000
1076	100000
400	100000
420	100000
387	100000
29044	100000
102091	100000
26370	100000
4084	100000
387	100000
613	100000
384	100000
279	100000
336	100000
16700	100000
76617	100000
398	100000
374	100000
253	100000
431	100000
270	100000
42	100000
33	100000
47	100000
341	100000
37	100000
43	100000
3670	100000
44	100000
43	100000
47	100000
42	100000
79	100000
1928	100000
2452	100000
44	100000
42	100000
28	100000
118	100000
48	100000
36	100000
52	100000
43	100000
8531	100000
101257	100000
46241	100000
58	100000
29	100000
68	100000
40	100000
27	100000
43	100000
41	100000
43	100000
48	100000
52	100000
15139	100000
65477	100000
367	100000
402	100000
395	100000
3295	100000
12274	100000
105963	100000
52917	100000
3073	100000
67121	100000
10598	100000
398	100000
245	100000
30	100000
1139	100000
41	100000
42	100000
51	100000
40	100000
81	100000
45	100000
30	100000
5813	100000
1667	100000
26	100000
38	100000
39	100000
87	100000
27	100000
39	100000
2196	100000
94673	100000
62013	100000
64	100000
45	100000
33	100000
89	100000
34	100000
34	100000
28	100000
42	100000
63412	100000
28521	100000
37	100000
50	100000
38	100000
83	100000
58	100000
46	100000
46	100000
48	100000
27	100000
46	100000
31	100000
2735	100000
27	100000
44	100000
31	100000
48	100000
67	100000
36	100000
47	100000
37	100000
0	100000
0	100000
0	100000
0	100000
8	100000
0	100000
0	100000
0	100000
0	100000
0	100000
0	100000
0	100000
0	100000
0	100000
9	100000
0	100000
2600	100000
43	100000
23	100000
385	100000
4004	100000
64911	100000
84532	100000
5592	100000
64	100000
58169	100000
20585	100000
42	100000
39	100000
4481	100000
2038	100000
42	100000
43	100000
39	100000
80	100000
41	100000
60477	100000
104652	100000
10024	100000
41	100000
46	100000
74	100000
30	100000
0	100000
22614	100000
80590	100000
35	100000
30	100000
1705	100000
77	100000
1510	100000
45	100000
49	100000
49	100000
48306	100000
108185	100000
7071	100000
440	100000
1012	100000
31260	100000
43148	100000
42	100000
27	100000
69	100000
66	100000
45	100000
35	100000
40	100000
6397	100000
72267	100000
81204	100000
77125	100000
57	100000
43	100000
10	100000
0	100000
0	100000
2825	100000
42737	100000
101729	100000
54015	100000
50825	100000
102	100000
44	100000
47	100000
1220	100000
33	100000
23	100000
25	100000
1072	100000
57	100000
0	100000
0	100000
0	100000
78639	100000
82230	100000
2890	100000
42	100000
43	100000
96	100000
1012	100000
76815	100000
18684	100000
41	100000
406	100000
27	100000
80	100000
2254	100000
34	100000
24	100000
45	100000
49	100000
53	100000
39	100000
1386	100000
832	100000
15388	100000
104364	100000
44071	100000
75248	100000
57	100000
0	100000
0	100000
0	100000
49	100000
0	100000
429	100000
2710	100000
43	100000
1984	100000
60864	100000
101486	100000
4748	100000
48	100000
24536	100000
50469	100000
963	100000
32	100000
43	100000
1900	100000
42	100000
50	100000
2489	100000
52	100000
1398	100000
36302	100000
102861	100000
30402	100000
41	100000
3506	100000
45	100000
78	100000
2791	100000
83331	100000
597	100000
42	100000
46	100000
45	100000
2781	100000
51	100000
38	100000
50	100000
1942	100000
79680	100000
87028	100000
834	100000
41	100000
0	100000
41	100000
0	100000
4890	100000
73187	100000
45	100000
36	100000
65	100000
85	100000
1534	100000
3517	100000
34	100000
43	100000
43	100000
79	100000
32593	100000
102326	100000
22451	100000
41	100000
28	100000
97	100000
186	100000
72608	100000
7162	100000
46	100000
37	100000
28	100000
75	100000
354	100000
60	100000
26	100000
0	100000
0	100000
37	100000
0	100000
0	100000
0	100000
9	100000
0	100000
0	100000
1840	100000
36	100000
631	100000
1532	100000
358	100000
53	100000
40	100000
53	100000
27	100000
43	100000
51	100000
40	100000
43	100000
580	100000
350	100000
2058	100000
766	100000
93489	100000
44216	100000
2173	100000
39	100000
607	100000
36342	100000
82884	100000
317	100000
28	100000
50	100000
91	100000
1055	100000
40	100000
27	100000
0	100000
0	100000
39	100000
0	100000
0	100000
0	100000
9	100000
0	100000
233	100000
1478	100000
43	100000
34	100000
45	100000
243	100000
49	100000
44	100000
29	100000
66081	100000
81034	100000
1009	100000
20	100000
63	100000
63	100000
0	100000
13981	100000
79879	100000
55	100000
24	100000
24	100000
68	100000
42	100000
31	100000
42	100000
22	100000
35	100000
39	100000
52	100000
45	100000
0	100000
0	100000
0	100000
0	100000
1031	100000
46	100000
29	100000
875	100000
1127	100000
90	100000
43	100000
38	100000
40	100000
50	100000
42	100000
43	100000
54	100000
37	100000
9	100000
649	100000
22799	100000
103096	100000
20313	100000
86197	100000
43	100000
77	100000
43	100000
43	100000
32	100000
27	100000
22	100000
39	100000
30	100000
899	100000
6	100000
0	100000
0	100000
0	100000
36	100000
0	100000
1037	100000
45	100000
1241	100000
28	100000
34	100000
2099	100000
96501	100000
59434	100000
1805	100000
78106	100000
2504	100000
2056	100000
88861	100000
54900	100000
953	100000
45	100000
39	100000
78	100000
56	100000
39	100000
28	100000
28	100000
79188	100000
34	100000
43	100000
43	100000
41	100000
240	100000
9	100000
0	100000
0	100000
0	100000
0	100000
0	100000
0	100000
0	100000
0	100000
0	100000
6	100000
0	100000
0	100000
0	100000
1986	100000
71831	100000
95275	100000
3171	100000
28	100000
77	100000
31	100000
42	100000
43	100000
42	100000
35	100000
25132	100000
54302	100000
23	100000
0	100000
0	100000
392	100000
0	100000
0	100000
0	100000
0	100000
0	100000
0	100000
0	100000
0	100000
0	100000
12	100000
1033	100000
42	100000
43	100000
42	100000
43	100000
753	100000
57	100000
54284	100000
104930	100000
8175	100000
79	100000
24	100000
43	100000
48	100000
0	100000
0	100000
2094	100000
75904	100000
27	100000
54	100000
41	100000
43	100000
68	100000
529	100000
30	100000
25	100000
43	100000
22	100000
82	100000
52	100000
33	100000
0	100000
0	100000
0	100000
2688	100000
2563	100000
5552	100000
99063	100000
55012	100000
884	100000
46	100000
43	100000
42	100000
50	100000
46	100000
29	100000
44	100000
31658	100000
53264	100000
86	100000
32	100000
55	100000
404	100000
30	100000
36	100000
44	100000
36	100000
47	100000
44	100000
52	100000
23	100000
0	100000
0	100000
2750	100000
2647	100000
50	100000
44	100000
25	100000
28710	100000
103188	100000
18953	100000
44	100000
45	100000
70	100000
30	100000
43	100000
34	100000
0	100000
12443	100000
74468	100000
33	100000
31	100000
30	100000
85	100000
31	100000
570	100000
48	100000
43	100000
52	100000
61	100000
73	100000
41	100000
0	100000
0	100000
0	100000
0	100000
0	100000
0	100000
7	100000
728	100000
853	100000
42760	100000
100987	100000
2606	100000
77	100000
43	100000
43	100000
45	100000
69	100000
47	100000
42	100000
26	100000
23	100000
42517	100000
36018	100000
46	100000
537	100000
39	100000
83	100000
45	100000
28	100000
47	100000
36	100000
46	100000
28	100000
39	100000
33	100000
0	100000
9	100000
0	100000
0	100000
0	100000
0	100000
2281	100000
28	100000
39	100000
50	100000
44	100000
411	100000
388	100000
62	100000
7410	100000
20293	100000
111900	100000
30701	100000
783	100000
22	100000
0	100000
11	100000
0	100000
25	100000
0	100000
0	100000
0	100000
60315	100000
17423	100000
43	100000
43	100000
41	100000
79	100000
43	100000
48	100000
477	100000
1999	100000
40	100000
49	100000
61	100000
67	100000
18	100000
12	100000
9	100000
7	100000
85	100000
