0	100000
35571	100000
99341	100000
63826	100000
3160	100000
401	100000
478	100000
352	100000
214	100000
1151	100000
76965	100000
38	100000
42	100000
1045	100000
4437	100000
78	100000
39	100000
51	100000
68	100000
53	100000
100	100000
34	100000
52	100000
54	100000
38	100000
37	100000
57	100000
32	100000
46	100000
41	100000
51	100000
61	100000
50	100000
58	100000
51	100000
54	100000
49	100000
50	100000
52	100000
575	100000
40	100000
49	100000
51	100000
58	100000
50	100000
38	100000
68	100000
58	100000
40	100000
40	100000
42	100000
51	100000
53	100000
38	100000
65	100000
58	100000
51	100000
51	100000
45	100000
52	100000
9	100000
9	100000
8	100000
11	100000
9	100000
5	100000
9	100000
6	100000
367	100000
9	100000
1288	100000
38	100000
36	100000
52	100000
50	100000
31	100000
50	100000
38	100000
60	100000
50	100000
65	100000
32	100000
57	100000
55	100000
8	100000
8	100000
9	100000
6	100000
16	100000
8	100000
7	100000
12	100000
6	100000
10	100000
6	100000
9	100000
13	100000
6	100000
22	100000
8	100000
8	100000
7	100000
6	100000
9	100000
7	100000
11	100000
6	100000
8	100000
19	100000
6	100000
9	100000
10	100000
8	100000
9	100000
7	100000
8	100000
158	100000
6	100000
329	100000
43	100000
42	100000
54	100000
56	100000
41	100000
54	100000
64	100000
48	100000
49	100000
59	100000
32	100000
51	100000
32	100000
200	100000
5	100000
10	100000
11	100000
14	100000
6	100000
15	100000
8	100000
10	100000
12	100000
7	100000
10	100000
14	100000
9	100000
6	100000
7	100000
14	100000
11	100000
10	100000
10	100000
14	100000
10	100000
7	100000
11	100000
165	100000
411	100000
63	100000
48	100000
57	100000
49	100000
49	100000
56	100000
52	100000
53	100000
33	100000
52	100000
68	100000
50	100000
10	100000
7	100000
7	100000
10	100000
9	100000
11	100000
7	100000
8	100000
16	100000
8	100000
7	100000
5	100000
8	100000
8	100000
12	100000
6	100000
9	100000
8	100000
17	100000
8	100000
5	100000
8	100000
9	100000
6	100000
-1	-1
0	100000
89865	100000
276	100000
0	100000
0	100000
0	100000
0	100000
0	100000
0	100000
0	100000
0	100000
0	100000
0	100000
0	100000
0	100000
0	100000
0	100000
0	100000
0	100000
0	100000
0	100000
0	100000
0	100000
0	100000
0	100000
0	100000
0	100000
0	100000
0	100000
2325	100000
0	100000
103811	100000
63051	100000
0	100000
0	100000
0	100000
4239	100000
0	100000
0	100000
0	100000
0	100000
0	100000
72	100000
0	100000
0	100000
0	100000
0	100000
0	100000
0	100000
0	100000
0	100000
0	100000
0	100000
4263	100000
339	100000
952	100000
0	100000
594	100000
546	100000
382	100000
604	100000
100926	100000
0	100000
0	100000
790	100000
664	100000
707	100000
0	100000
0	100000
0	100000
0	100000
0	100000
0	100000
0	100000
0	100000
1190	100000
613	100000
639	100000
642	100000
0	100000
369	100000
624	100000
761	100000
605	100000
0	100000
0	100000
0	100000
0	100000
0	100000
0	100000
0	100000
0	100000
0	100000
0	100000
0	100000
0	100000
0	100000
0	100000
0	100000
0	100000
0	100000
0	100000
0	100000
0	100000
0	100000
0	100000
0	100000
19980	100000
0	100000
0	100000
0	100000
99195	100000
0	100000
0	100000
0	100000
0	100000
0	100000
0	100000
0	100000
0	100000
0	100000
0	100000
0	100000
0	100000
0	100000
110	100000
0	100000
0	100000
0	100000
96041	100000
0	100000
0	100000
160938	100000
0	100000
0	100000
0	100000
0	100000
0	100000
0	100000
0	100000
0	100000
0	100000
0	100000
0	100000
0	100000
0	100000
0	100000
0	100000
0	100000
0	100000
0	100000
0	100000
0	100000
0	100000
99967	100000
1980	100000
101406	100000
0	100000
0	100000
0	100000
0	100000
0	100000
0	100000
0	100000
0	100000
0	100000
0	100000
0	100000
0	100000
0	100000
0	100000
0	100000
0	100000
0	100000
0	100000
0	100000
0	100000
0	100000
0	100000
0	100000
0	100000
1166	100000
101224	100000
0	100000
0	100000
0	100000
0	100000
0	100000
0	100000
0	100000
0	100000
0	100000
0	100000
0	100000
0	100000
0	100000
0	100000
0	100000
0	100000
0	100000
0	100000
0	100000
0	100000
15153	100000
136316	100000
0	100000
0	100000
0	100000
0	100000
0	100000
0	100000
0	100000
0	100000
0	100000
0	100000
0	100000
39963	100000
0	100000
0	100000
0	100000
0	100000
0	100000
0	100000
0	100000
0	100000
0	100000
0	100000
0	100000
0	100000
0	100000
0	100000
0	100000
0	100000
0	100000
0	100000
0	100000
0	100000
0	100000
0	100000
0	100000
0	100000
0	100000
0	100000
0	100000
0	100000
0	100000
0	100000
0	100000
0	100000
0	100000
0	100000
0	100000
0	100000
0	100000
0	100000
0	100000
0	100000
0	100000
0	100000
0	100000
0	100000
0	100000
6710	100000
98980	100000
0	100000
0	100000
0	100000
0	100000
0	100000
0	100000
0	100000
0	100000
0	100000
0	100000
0	100000
0	100000
0	100000
0	100000
0	100000
0	100000
0	100000
0	100000
0	100000
0	100000
0	100000
0	100000
0	100000
0	100000
0	100000
0	100000
0	100000
0	100000
0	100000
0	100000
0	100000
0	100000
0	100000
99198	100000
0	100000
0	100000
0	100000
0	100000
0	100000
0	100000
0	100000
0	100000
0	100000
0	100000
0	100000
0	100000
0	100000
0	100000
0	100000
0	100000
0	100000
0	100000
109329	100000
0	100000
0	100000
0	100000
0	100000
0	100000
0	100000
0	100000
0	100000
0	100000
0	100000
0	100000
0	100000
0	100000
0	100000
0	100000
0	100000
0	100000
0	100000
0	100000
0	100000
0	100000
0	100000
0	100000
0	100000
0	100000
0	100000
0	100000
-1	-1
0	100000
0	100000
0	100000
0	100000
0	100000
0	100000
0	100000
0	100000
0	100000
0	100000
0	100000
0	100000
0	100000
0	100000
0	100000
0	100000
0	100000
0	100000
