0	100000
81506	100000
97511	100000
6375	100000
71643	100000
3285	100000
1401	100000
178	100000
196	100000
3580	100000
226	100000
196	100000
190	100000
213	100000
80	100000
28	100000
2414	100000
20	100000
20	100000
48	100000
20	100000
24777	100000
108864	100000
10989	100000
24	100000
20	100000
53	100000
24	100000
36	100000
26108	100000
45850	100000
20	100000
26	100000
25	100000
52	100000
25	100000
24	100000
21	100000
1797	100000
45	100000
20	100000
21	100000
27	100000
62	100000
194	100000
29	100000
30	100000
2303	100000
42121	100000
94813	100000
3205	100000
81571	100000
638	100000
186	100000
228	100000
17	100000
24	100000
21	100000
22	100000
194	100000
20	100000
28	100000
27	100000
4652	100000
20	100000
21	100000
28	100000
18	100000
42	100000
207	100000
47	100000
32	100000
27	100000
25	100000
45	100000
26	100000
1670	100000
35	100000
28	100000
52	100000
15620	100000
108539	100000
15926	100000
29	100000
22	100000
46	100000
21	100000
19	100000
21	100000
27	100000
21	100000
19	100000
21	100000
2250	100000
29	100000
26	100000
37	100000
26	100000
41	100000
51	100000
36	100000
27	100000
33	100000
59	100000
27	100000
31	100000
130	100000
3	100000
7	100000
13	100000
5	100000
7	100000
4	100000
5	100000
5	100000
6	100000
8	100000
7	100000
7	100000
11	100000
7	100000
8	100000
6	100000
7	100000
1154	100000
47	100000
30	100000
29	100000
45	100000
50	100000
34	100000
33	100000
32	100000
27	100000
27	100000
39	100000
32	100000
27	100000
7	100000
12	100000
8	100000
6	100000
7	100000
7	100000
8	100000
7	100000
7	100000
10229	100000
99600	100000
38308	100000
7790	100000
76587	100000
221	100000
199	100000
195	100000
208	100000
165	100000
20	100000
23	100000
1118	100000
4731	100000
29	100000
279	100000
33	100000
32	100000
29	100000
25	100000
31	100000
31	100000
58	100000
25	100000
2700	100000
94372	100000
41888	100000
53523	100000
13555	100000
44	100000
20	100000
207	100000
29	100000
3828	100000
31	100000
20	100000
52	100000
751	100000
26	100000
26	100000
26	100000
26	100000
51	100000
31	100000
117	100000
29	100000
215	100000
49	100000
28	100000
24	100000
25	100000
25	100000
29	100000
25	100000
45	100000
28	100000
25	100000
27	100000
25	100000
46	100000
190	100000
4	100000
9	100000
6	100000
141	100000
27	100000
36	100000
30	100000
33	100000
32	100000
37	100000
34	100000
41	100000
48	100000
29	100000
300	100000
32	100000
25	100000
5	100000
5	100000
4	100000
123	100000
9	100000
7	100000
4	100000
273	100000
34	100000
25	100000
48	100000
24	100000
24	100000
25	100000
38	100000
33	100000
26	100000
26	100000
28	100000
31	100000
33	100000
6	100000
4	100000
6	100000
8	100000
4	100000
5	100000
4	100000
4	100000
4	100000
4	100000
4	100000
4	100000
6	100000
9	100000
5	100000
4	100000
5	100000
4	100000
4	100000
5	100000
6	100000
4	100000
183	100000
9	100000
4	100000
5	100000
4	100000
5	100000
4	100000
5	100000
4	100000
1314	100000
21	100000
33	100000
26	100000
20	100000
34772	100000
102908	100000
5412	100000
20	100000
42	100000
47	100000
66458	100000
42	100000
403	100000
27	100000
24	100000
44	100000
20	100000
30	100000
969	100000
23	100000
20	100000
33	100000
25	100000
583	100000
33	100000
29	100000
4	100000
4	100000
1213	100000
26	100000
738	100000
25648	100000
106241	100000
7212	100000
28	100000
28	100000
819	100000
1894	100000
80719	100000
26	100000
22	100000
48	100000
0	100000
18	100000
0	100000
0	100000
1001	100000
20	100000
24	100000
23	100000
152	100000
43	100000
46	100000
31	100000
26	100000
32	100000
56	100000
32	100000
26	100000
1839	100000
26	100000
39	100000
31	100000
31	100000
45	100000
40	100000
26	100000
25	100000
47	100000
46	100000
948	100000
269	100000
24	100000
4	100000
7	100000
4	100000
3	100000
4	100000
1579	100000
1184	100000
59731	100000
84485	100000
27	100000
50	100000
23	100000
25	100000
20	100000
23	100000
29	100000
21	100000
20	100000
24	100000
1199	100000
82008	100000
686	100000
23	100000
20	100000
20	100000
39	100000
23	100000
20	100000
251	100000
23	100000
31	100000
21	100000
20	100000
43	100000
0	100000
0	100000
1266	100000
25	100000
33	100000
25	100000
39	100000
37	100000
25	100000
24	100000
24	100000
24	100000
665	100000
26	100000
26	100000
20	100000
0	100000
18	100000
0	100000
0	100000
0	100000
0	100000
0	100000
74847	100000
63425	100000
38470	100000
36064	100000
28	100000
46	100000
21	100000
22	100000
21	100000
21	100000
24	100000
29	100000
22	100000
22	100000
830	100000
29	100000
1736	100000
26	100000
26	100000
47	100000
29	100000
29	100000
21	100000
22	100000
24	100000
27	100000
21	100000
21	100000
0	100000
162	100000
31	100000
51	100000
26	100000
28	100000
51	100000
25	100000
25	100000
23	100000
30	100000
24	100000
25	100000
28	100000
26	100000
3	100000
11	100000
5	100000
6	100000
3	100000
4	100000
4	100000
4	100000
9	100000
4	100000
3	100000
4	100000
3	100000
3	100000
4	100000
5	100000
5	100000
3	100000
9	100000
5	100000
26	100000
5	100000
3	100000
3	100000
3	100000
6	100000
4	100000
5	100000
12	100000
3	100000
4	100000
5	100000
4	100000
3	100000
3	100000
6	100000
3	100000
8	100000
3	100000
6	100000
4	100000
3	100000
3	100000
5	100000
4	100000
3	100000
3	100000
11	100000
3	100000
4	100000
4	100000
3	100000
6	100000
4	100000
3	100000
4	100000
5	100000
9	100000
4	100000
3	100000
4	100000
4	100000
4	100000
2	100000
4	100000
3	100000
3	100000
11	100000
4	100000
6	100000
4	100000
3	100000
6	100000
3	100000
4	100000
6	100000
3	100000
9	100000
3	100000
4	100000
3	100000
4	100000
3	100000
3	100000
4	100000
4	100000
3	100000
11	100000
3	100000
3	100000
3	100000
5	100000
3	100000
3	100000
3	100000
5	100000
4	100000
10	100000
5	100000
25	100000
3	100000
3	100000
3	100000
5	100000
3	100000
4	100000
3	100000
180	100000
9	100000
4	100000
3	100000
4	100000
3	100000
4	100000
3	100000
3	100000
3	100000
11	100000
3	100000
3	100000
3	100000
3	100000
6	100000
5	100000
4	100000
3	100000
3	100000
13	100000
6	100000
3	100000
4	100000
5	100000
3	100000
4	100000
3	100000
4	100000
4	100000
10	100000
3	100000
3	100000
3	100000
6	100000
3	100000
3	100000
3	100000
3	100000
3	100000
11	100000
4	100000
3	100000
3	100000
6	100000
3	100000
3	100000
3	100000
3	100000
6	100000
10	100000
3	100000
4	100000
6	100000
3	100000
4	100000
4	100000
5	100000
4	100000
-1	-1
0	100000
3114	100000
0	100000
0	100000
0	100000
0	100000
0	100000
0	100000
0	100000
0	100000
0	100000
0	100000
0	100000
0	100000
0	100000
0	100000
0	100000
0	100000
0	100000
0	100000
0	100000
0	100000
0	100000
0	100000
0	100000
0	100000
0	100000
88081	100000
189430	100000
2026	100000
2593	100000
1923	100000
0	100000
0	100000
0	100000
0	100000
0	100000
0	100000
0	100000
0	100000
0	100000
0	100000
0	100000
0	100000
0	100000
0	100000
0	100000
0	100000
0	100000
0	100000
0	100000
0	100000
0	100000
0	100000
0	100000
0	100000
0	100000
0	100000
0	100000
0	100000
0	100000
0	100000
0	100000
0	100000
0	100000
0	100000
0	100000
0	100000
0	100000
0	100000
0	100000
0	100000
0	100000
0	100000
123883	100000
-1	-1
0	100000
0	100000
0	100000
0	100000
0	100000
0	100000
0	100000
0	100000
0	100000
0	100000
0	100000
0	100000
0	100000
0	100000
0	100000
0	100000
0	100000
0	100000
