1S LIMIT AGG (ns), 1S USAGE AGG (ns)
15000000.0,518318.0
15000000.0,10216625.0
15000000.0,1034329.5
15000000.0,517649.5
15000000.0,2600944.5
15000000.0,517418.0
15000000.0,9654636.5
15000000.0,1042481.5
15000000.0,517521.5
15000000.0,2093166.0
15000000.0,517984.5
15000000.0,518448.0
15000000.0,1035112.5
15000000.0,1033842.5
15000000.0,1104993.0
15000000.0,520446.0
15000000.0,515870.5
15000000.0,1048557.5
15000000.0,520792.0
15000000.0,2096116.0
15000000.0,513105.5
15000000.0,515584.5
15000000.0,1033384.5
15000000.0,517792.0
15000000.0,1097235.5
15000000.0,519010.5
15000000.0,520835.0
15000000.0,1049693.5
15000000.0,519303.5
15000000.0,2098131.5
15000000.0,515191.0
15000000.0,512470.5
15000000.0,1035519.5
15000000.0,1037584.5
15000000.0,1099247.0
15000000.0,519194.0
15000000.0,518735.5
15000000.0,1045702.0
15000000.0,519200.0
15000000.0,2132763.5
15000000.0,517166.0
15000000.0,518344.0
15000000.0,1037183.0
15000000.0,557087.0
15000000.0,1088637.5
15000000.0,516140.0
15000000.0,522306.0
15000000.0,1437450.0
15000000.0,517037.5
15000000.0,2097055.0
15000000.0,519420.0
15000000.0,518965.0
15000000.0,1560490.5
15000000.0,516926.0
15000000.0,1109722.5
15000000.0,516389.0
15000000.0,6789984.5
15000000.0,1049030.0
15000000.0,518933.0
15000000.0,2114615.0
15000000.0,514784.0
15000000.0,521040.5
15000000.0,1034331.0
15000000.0,518850.5
15000000.0,1101650.5
15000000.0,516583.5
15000000.0,517390.5
15000000.0,1045854.0
15000000.0,519867.0
15000000.0,2131381.5
15000000.0,1536989.0
15000000.0,1042205.0
15000000.0,1558984.0
15000000.0,518162.5
15000000.0,1095724.0
15000000.0,519906.5
15000000.0,518715.0
15000000.0,1043931.5
15000000.0,510152.0
15000000.0,3098486.5
15000000.0,516859.5
15000000.0,519251.0
15000000.0,1034137.5
15000000.0,519362.5
15000000.0,1100267.0
15000000.0,518423.0
15000000.0,517739.0
15000000.0,1052024.5
15000000.0,1034012.5
15000000.0,2132181.0
15000000.0,521197.5
15000000.0,524928.5
15000000.0,1037276.5
15000000.0,522330.5
15000000.0,1137002.5
15000000.0,516323.5
15000000.0,516037.5
15000000.0,1093504.5
15000000.0,518872.0
15000000.0,2098227.5
15000000.0,516232.0
15000000.0,1775041.5
15000000.0,1106733.0
15000000.0,512615.0
15000000.0,1099920.5
15000000.0,521129.5
15000000.0,12338476.5
15000000.0,1048857.0
15000000.0,520316.0
15000000.0,2146200.0
15000000.0,1034345.5
15000000.0,521032.0
15000000.0,1039571.5
15000000.0,519527.5
15000000.0,1129124.5
15000000.0,521002.0
15000000.0,518115.5
15000000.0,1046818.5
15000000.0,1032726.5
15000000.0,3104992.5
15000000.0,521575.0
15000000.0,517126.5
15000000.0,1063624.0
15000000.0,518440.0
15000000.0,1091959.5
15000000.0,520950.0
15000000.0,520775.5
15000000.0,1050511.5
15000000.0,519766.5
15000000.0,1574389.5
15000000.0,519995.0
15000000.0,516732.0
15000000.0,1036525.0
15000000.0,551667.5
15000000.0,1088984.0
15000000.0,516573.0
15000000.0,518907.5
15000000.0,1047399.5
15000000.0,520477.0
15000000.0,1571422.0
15000000.0,1048596.5
15000000.0,1041622.0
15000000.0,1033225.0
15000000.0,519047.5
15000000.0,1092742.0
15000000.0,521068.5
15000000.0,521445.0
15000000.0,1041709.5
15000000.0,517871.0
15000000.0,1570256.0
15000000.0,517457.0
15000000.0,519852.5
15000000.0,1044852.0
15000000.0,518967.0
15000000.0,1099655.0
15000000.0,518131.0
15000000.0,7272097.0
15000000.0,1049367.0
15000000.0,520949.0
15000000.0,2612280.0
15000000.0,520535.0
15000000.0,520678.5
15000000.0,1032371.5
15000000.0,517158.0
15000000.0,1099662.0
15000000.0,7896188.5
15000000.0,15000000.0
15000000.0,15000000.0
45000000.0,45000000.0
75000000.0,75000000.0
105000000.0,105000000.0
135000000.0,135000000.0
165000000.0,165000000.0
195000000.0,195000000.0
225000000.0,225000000.0
255000000.0,64567933.0
285000000.0,518211.0
228000000.0,1263685.5
182400000.0,82810438.5
145920000.0,519125.0
116736000.0,516400.0
93388500.0,519180.0
74710500.0,515996.5
59768000.0,517437.5
47814000.0,1697144.0
38251000.0,516640.5
30600500.0,516572.0
24480000.0,514462.0
19584000.0,2122776.0
15667000.0,508301.0
15000000.0,515130.5
15000000.0,540859.0
15000000.0,517242.0
15000000.0,515100.0
15000000.0,1630771.5
15000000.0,15000000.0
15000000.0,15000000.0
45000000.0,45000000.0
75000000.0,67705469.5
105000000.0,516852.0
84000000.0,31974441.5
67200000.0,19697511.5
53760000.0,517684.0
43008000.0,43008000.0
43008000.0,43008000.0
73008000.0,73008000.0
103008000.0,72129392.0
133008000.0,39841676.0
106406000.0,96036301.5
106406000.0,97769339.0
106406000.0,97497262.5
103906000.0,103906000.0
103906000.0,35492132.0
133906000.0,133906000.0
133906000.0,126175584.5
163906000.0,12021815.0
131124500.0,131124500.0
131124500.0,131124500.0
161124500.0,73493723.0
191124500.0,117194477.5
152899500.0,124441537.5
150399500.0,150399500.0
150399500.0,150399500.0
180399500.0,180399500.0
210399500.0,195876646.5
240399500.0,136837251.0
192319500.0,97700656.5
153855500.0,69909014.5
123084000.0,518350.5
98467000.0,59544753.0
78773500.0,23123174.5
63018500.0,56083608.5
63018500.0,63018500.0
63018500.0,63018500.0
93018500.0,93018500.0
123018500.0,65056446.0
153018500.0,58064469.5
122414500.0,80399874.0
97931500.0,49017125.5
78345000.0,78345000.0
78345000.0,78345000.0
108345000.0,108345000.0
138345000.0,73540478.0
168345000.0,93494366.5
134676000.0,86081934.5
107740500.0,69591522.0
86192000.0,72641832.0
86192000.0,32424357.5
68953500.0,53912961.5
55162500.0,31250731.0
44130000.0,44130000.0
44130000.0,44130000.0
74130000.0,74130000.0
104130000.0,33960601.0
134130000.0,1088386.5
107304000.0,107304000.0
107304000.0,54320843.0
137304000.0,59689131.0
109843000.0,106798648.5
109843000.0,29310871.0
87874000.0,58850822.5
70299000.0,70299000.0
70299000.0,70299000.0
100299000.0,63207441.5
130299000.0,101782779.5
104239000.0,104239000.0
104239000.0,86572940.5
134239000.0,103327717.0
107391000.0,65940985.5
85912500.0,85912500.0
85912500.0,85912500.0
115912500.0,115912500.0
145912500.0,109496892.0
175912500.0,71433905.0
140730000.0,140730000.0
140730000.0,140730000.0
170730000.0,165403558.0
200730000.0,200730000.0
200730000.0,200730000.0
230730000.0,230066980.5
260730000.0,122955766.0
208584000.0,51944237.0
166867000.0,78811674.5
133493500.0,33161476.0
106794500.0,25790251.5
85435500.0,83489897.5
85435500.0,85435500.0
85435500.0,85435500.0
115435500.0,115435500.0
145435500.0,100259717.5
175435500.0,158015654.0
175435500.0,48100886.5
140348000.0,52628754.5
112278000.0,29635030.5
89822000.0,26781148.0
71857500.0,24540000.5
57486000.0,57486000.0
57486000.0,57486000.0
87486000.0,87486000.0
117486000.0,62340129.5
147486000.0,147486000.0
147486000.0,98874869.5
177486000.0,47826911.5
141988500.0,51554991.5
113590500.0,33072724.5
90872000.0,515561.5
72697500.0,69314398.0
72697500.0,45390164.0
58158000.0,25112427.0
46526000.0,37898104.0
46526000.0,36010939.0
37220500.0,15300044.0
29776000.0,29776000.0
29776000.0,29776000.0
59776000.0,59776000.0
89776000.0,89776000.0
119776000.0,119776000.0
149776000.0,149776000.0
179776000.0,80976334.0
209776000.0,517445.5
167820500.0,65296440.0
134256000.0,50361182.0
107404500.0,71311393.5
85923500.0,17191887.5
68738500.0,20199589.0
54990500.0,5009372.0
43992000.0,11248615.0
35193500.0,1215494.0
28154500.0,9486997.5
22523500.0,517831.0
18018500.0,516051.0
15000000.0,514830.0
15000000.0,519649.0
15000000.0,15000000.0
15000000.0,15000000.0
45000000.0,45000000.0
75000000.0,31618441.5
105000000.0,61717582.0
84000000.0,25446892.5
67200000.0,42635467.0
53760000.0,4859362.0
43008000.0,519605.5
34406000.0,525341.5
27524500.0,516696.5
22019500.0,22019500.0
22019500.0,22019500.0
52019500.0,41238376.5
82019500.0,16089532.0
65615500.0,29635424.0
52492000.0,16201659.0
41993500.0,18394910.5
33594500.0,26773582.0
26875500.0,22402586.5
26875500.0,6547732.5
21500000.0,4946428.0
17200000.0,13719445.0
15000000.0,518225.5
15000000.0,523631.5
15000000.0,15000000.0
15000000.0,15000000.0
45000000.0,45000000.0
75000000.0,75000000.0
105000000.0,105000000.0
135000000.0,135000000.0
165000000.0,163441959.0
195000000.0,87757635.5
225000000.0,59555420.5
180000000.0,123132420.5
144000000.0,144000000.0
144000000.0,144000000.0
174000000.0,174000000.0
204000000.0,85197414.0
234000000.0,18004445.0
187200000.0,19213355.5
149760000.0,56665570.5
119808000.0,11405350.0
95846000.0,12509872.0
76676500.0,44152509.0
61341000.0,43743623.0
49072500.0,49072500.0
49072500.0,41229013.0
79072500.0,17332937.5
63258000.0,31467586.5
50606000.0,50606000.0
50606000.0,50606000.0
80606000.0,29697985.0
110606000.0,24287913.0
88484500.0,30850334.0
70787500.0,514284.0
56630000.0,56630000.0
56630000.0,56630000.0
86630000.0,86630000.0
116630000.0,96737272.5
146630000.0,511895.5
117304000.0,117304000.0
117304000.0,98478933.5
147304000.0,44162200.0
117843000.0,112349322.5
117843000.0,59313406.0
94274000.0,9866874.5
75419000.0,28707666.5
60335000.0,52112322.5
60335000.0,18283883.5
48268000.0,16469963.0
38614000.0,29459132.0
30891000.0,30891000.0
30891000.0,30891000.0
60891000.0,23904781.5
90891000.0,15960799.5
72712500.0,51145254.5
58170000.0,23016168.0
46536000.0,46536000.0
46536000.0,15945487.0
76536000.0,518990.0
61228500.0,26756645.5
48982500.0,48982500.0
48982500.0,48982500.0
78982500.0,78982500.0
108982500.0,32739667.0
138982500.0,28270114.0
111186000.0,29305483.0
88948500.0,13962559.0
71158500.0,18148704.0
56926500.0,4899892.5
45541000.0,19694309.0
36432500.0,36432500.0
36432500.0,17747394.5
66432500.0,3778508.5
53146000.0,21303379.5
42516500.0,22792424.0
34013000.0,516182.0
27210000.0,8243371.0
21768000.0,6166957.0
17414000.0,17414000.0
17414000.0,17414000.0
47414000.0,32789437.5
77414000.0,6581763.5
61931000.0,27223020.5
49544500.0,49544500.0
49544500.0,49544500.0
79544500.0,41656837.0
109544500.0,14679569.0
87635500.0,16267749.5
70108000.0,8240920.0
56086000.0,27613544.5
44868500.0,22229717.5
35894500.0,24691769.0
28715500.0,3390599.5
22972000.0,18440870.5
22972000.0,552316.5
18377500.0,18377500.0
18377500.0,18377500.0
48377500.0,48377500.0
78377500.0,67732178.0
108377500.0,12730299.5
86702000.0,520705.0
69361500.0,541268.0
55489000.0,527628.5
44391000.0,4804845.0
35512500.0,3568809.0
28410000.0,8415663.5
22728000.0,22728000.0
22728000.0,22728000.0
52728000.0,27415987.0
82728000.0,13759323.5
66182000.0,3171052.5
52945500.0,15333386.0
42356000.0,23597374.5
33884500.0,18423161.5
27107500.0,27107500.0
27107500.0,27107500.0
57107500.0,57107500.0
87107500.0,87107500.0
117107500.0,117107500.0
147107500.0,147107500.0
177107500.0,177107500.0
207107500.0,204225327.0
237107500.0,148331049.0
189686000.0,120433069.5
151748500.0,95446863.5
121398500.0,121398500.0
121398500.0,85567325.0
97118500.0,60561528.0
77694500.0,65308528.5
77694500.0,56185332.0
62155500.0,62155500.0
62155500.0,59287505.0
92155500.0,53371249.5
73724000.0,54565867.0
58979000.0,47155818.5
47183000.0,16862853.5
37746000.0,4921964.5
30196500.0,17935321.0
24157000.0,12211278.0
19325500.0,7723137.0
15460000.0,11719048.0
15000000.0,5943069.0
15000000.0,524551.0
15000000.0,15000000.0
15000000.0,15000000.0
45000000.0,13879660.0
75000000.0,46419118.0
60000000.0,17965880.5
48000000.0,19978778.0
38400000.0,4131610.0
30720000.0,8489468.0
24576000.0,8868720.5
19660500.0,3554811.5
15728000.0,15728000.0
15728000.0,15728000.0
45728000.0,27718883.0
75728000.0,33121829.0
60582000.0,52120399.0
60582000.0,40558532.5
48465500.0,14272872.0
38772000.0,13314509.5
31017500.0,518214.0
24814000.0,24814000.0
24814000.0,24814000.0
54814000.0,54814000.0
84814000.0,18433290.0
114814000.0,30831581.5
91851000.0,17073429.5
73480500.0,17851698.0
58784000.0,14929807.0
47027000.0,3610017.0
37621500.0,19746615.5
30097000.0,30097000.0
30097000.0,30097000.0
60097000.0,60097000.0
90097000.0,31933369.0
120097000.0,24743286.0
96077500.0,510722.5
76862000.0,28846450.0
61489500.0,61489500.0
61489500.0,61489500.0
91489500.0,91489500.0
121489500.0,10667423.0
151489500.0,13546985.0
121191500.0,6909371.5
96953000.0,517695.5
77562000.0,50436990.0
62049500.0,32820844.5
49639500.0,24186457.5
39711500.0,15823503.5
31769000.0,31769000.0
31769000.0,31769000.0
61769000.0,23271748.5
91769000.0,13814374.0
73415000.0,33956766.5
58732000.0,519809.5
46985500.0,46985500.0
46985500.0,46985500.0
76985500.0,76985500.0
106985500.0,65161860.0
136985500.0,61304751.5
109588000.0,109588000.0
109588000.0,109588000.0
139588000.0,80510803.5
169588000.0,38505523.0
135670000.0,54528900.0
108536000.0,37787191.0
86828500.0,6566447.5
69462500.0,517637.0
55570000.0,55570000.0
55570000.0,2991518.5
85570000.0,22283667.5
68456000.0,1136087.5
54764500.0,8485980.0
43811500.0,5726073.0
35049000.0,3485853.0
28039000.0,3797087.0
22431000.0,5888677.0
17944500.0,521089.5
15000000.0,15000000.0
15000000.0,14925377.0
45000000.0,26443548.0
75000000.0,6176718.0
60000000.0,15182354.0
48000000.0,18386421.0
38400000.0,16583166.0
30720000.0,5265949.5
24576000.0,10964544.0
19660500.0,7024283.5
15728000.0,15728000.0
15728000.0,15728000.0
45728000.0,30984369.0
75728000.0,16064521.5
60582000.0,8511506.0
48465500.0,18709278.0
38772000.0,32351108.0
38772000.0,8664771.5
31017500.0,31017500.0
31017500.0,31017500.0
31017500.0,31017500.0
61017500.0,50157027.0
91017500.0,23372496.5
72814000.0,14232162.0
58251000.0,9869787.5
46600500.0,1048172.0
37280000.0,517789.5
29824000.0,7470124.0
23859000.0,6167982.5
19087000.0,10064190.0
15269500.0,11060155.5
15000000.0,5243379.5
15000000.0,4434190.5
15000000.0,6443691.0
15000000.0,518590.5
15000000.0,6875292.0
15000000.0,516682.5
15000000.0,9867909.5
15000000.0,15000000.0
15000000.0,15000000.0
45000000.0,45000000.0
75000000.0,36521236.0
105000000.0,21737247.5
84000000.0,29038030.0
67200000.0,20337053.0
53760000.0,24711445.0
43008000.0,11556918.0
34406000.0,17607943.0
27524500.0,27524500.0
27524500.0,27524500.0
57524500.0,50398036.0
87524500.0,19878810.0
70019500.0,54249983.0
56015500.0,52894287.5
56015500.0,521278.0
44812000.0,44786964.5
44812000.0,11139062.0
35849500.0,18582249.0
28679500.0,28679500.0
28679500.0,20404122.5
58679500.0,41305503.5
46943500.0,13262606.5
37554500.0,35298277.0
37554500.0,24067531.0
30043500.0,524253.0
24034500.0,4959987.5
19227500.0,6408435.5
15382000.0,15382000.0
15382000.0,15382000.0
45382000.0,45382000.0
75382000.0,48987870.5
105382000.0,105382000.0
105382000.0,105382000.0
135382000.0,37295798.5
165382000.0,64042403.0
132305500.0,14429652.5
105844000.0,524506.0
84675000.0,20300974.0
67740000.0,11268275.5
54192000.0,33053202.0
43353500.0,30220424.0
34682500.0,520475.5
27746000.0,14155508.0
22196500.0,22196500.0
22196500.0,22196500.0
52196500.0,41069287.5
41757000.0,41757000.0
41757000.0,23665686.5
71757000.0,3465396.5
57405500.0,9154948.5
45924000.0,12049023.5
36739000.0,16491898.0
29391000.0,1171467.0
23512500.0,23512500.0
23512500.0,23512500.0
53512500.0,46187898.0
83512500.0,42594144.0
66810000.0,66810000.0
66810000.0,32994478.0
96810000.0,4877805.0
77448000.0,7992485.5
61958000.0,26374038.0
49566000.0,18582243.5
39652500.0,11349593.5
31722000.0,12480369.0
25377500.0,25377500.0
25377500.0,25377500.0
55377500.0,39704587.5
85377500.0,41884865.5
68302000.0,22511404.5
54641500.0,54641500.0
54641500.0,54641500.0
84641500.0,46168531.5
114641500.0,9916099.5
91713000.0,6341937.5
73370000.0,49093906.0
58696000.0,41780574.0
46956500.0,10021103.0
37565000.0,37565000.0
37565000.0,29303774.5
67565000.0,13539552.5
54052000.0,15049527.0
43241500.0,22021756.5
34593000.0,519129.5
27674000.0,7148963.5
22139000.0,21452269.5
22139000.0,22139000.0
52139000.0,20775601.5
82139000.0,46131604.5
65711000.0,18614629.0
52568500.0,37184901.0
42054500.0,5857950.5
33643500.0,1734077.5
26914500.0,522086.0
21531500.0,21531500.0
21531500.0,15436021.5
51531500.0,3738166.5
41225000.0,6228483.5
32980000.0,17474235.0
26384000.0,26339203.0
26384000.0,26384000.0
56384000.0,34405381.0
86384000.0,14643502.0
69107000.0,9552313.0
55285500.0,14212068.5
44228000.0,23445344.0
35382000.0,35353356.5
35382000.0,21858807.5
28305500.0,7739248.5
22644000.0,3826634.5
18115000.0,15095437.5
18115000.0,3747667.5
15000000.0,12951329.0
15000000.0,10793139.5
45000000.0,45000000.0
45000000.0,45000000.0
75000000.0,39463352.0
105000000.0,4775235.5
84000000.0,20162715.5
67200000.0,49712035.5
53760000.0,27509657.5
43008000.0,8545955.5
34406000.0,10496119.0
27524500.0,1130947.5
22019500.0,22019500.0
22019500.0,21975037.5
52019500.0,13763144.5
41615500.0,41615500.0
41615500.0,34080602.5
71615500.0,6041593.5
57292000.0,16976144.0
45833500.0,19131230.0
36666500.0,14430694.0
29333000.0,11378056.5
23466000.0,17260293.0
18772500.0,519739.5
15018000.0,15018000.0
15018000.0,15018000.0
45018000.0,37503677.0
75018000.0,16268344.5
60014000.0,1082856.5
48011000.0,6927820.5
38408500.0,10716973.0
30726500.0,16615265.5
24581000.0,16032543.5
19664500.0,518951.0
15731500.0,2238473.5
15000000.0,15000000.0
15000000.0,1673133.0
45000000.0,522180.0
36000000.0,7329865.0
28800000.0,9356419.0
23040000.0,23040000.0
23040000.0,9632254.5
53040000.0,24263056.0
42432000.0,518475.0
33945500.0,1683306.0
27156000.0,2916187.5
21724500.0,6833567.5
17379500.0,17379500.0
17379500.0,17379500.0
47379500.0,47379500.0
77379500.0,77379500.0
107379500.0,36792701.0
137379500.0,8398601.0
109903500.0,20375442.5
87922500.0,6551217.5
70338000.0,4983120.5
56270000.0,33705754.0
45016000.0,43141716.0
45016000.0,28385856.0
36012500.0,29047766.0
36012500.0,36012500.0
36012500.0,36012500.0
66012500.0,66012500.0
96012500.0,96012500.0
126012500.0,102067380.0
156012500.0,9754299.5
124810000.0,20441000.0
99848000.0,5160294.0
79878000.0,1057034.5
63902000.0,515804.0
51121500.0,516436.0
40897000.0,1123266.0
32717500.0,516085.5
26174000.0,514592.0
20939000.0,1072016.0
16751000.0,1866157.5
15000000.0,519715.5
15000000.0,2149592.5
15000000.0,1067005.5
15000000.0,515476.0
15000000.0,1233097.5
15000000.0,1034134.0
15000000.0,515992.0
15000000.0,517848.5
15000000.0,1567188.5
15000000.0,519356.5
15000000.0,518340.0
15000000.0,4504573.0
15000000.0,4148876.5
15000000.0,10997575.0
15000000.0,3499858.5
15000000.0,15000000.0
15000000.0,15000000.0
45000000.0,8869173.5
75000000.0,1046038.0
60000000.0,3434683.0
48000000.0,20736394.5
38400000.0,1057916.0
30720000.0,4955372.0
24576000.0,17276604.0
19660500.0,3663284.0
15728000.0,1108616.0
15000000.0,517721.5
15000000.0,519606.5
15000000.0,6999985.0
15000000.0,12598446.0
15000000.0,4482665.0
45000000.0,4208191.0
36000000.0,1618381.5
28800000.0,518551.5
23040000.0,516902.0
18432000.0,6369635.5
15000000.0,518898.5
15000000.0,11686071.5
15000000.0,4113709.5
15000000.0,520290.5
15000000.0,12631399.0
15000000.0,11831048.5
15000000.0,15000000.0
15000000.0,15000000.0
45000000.0,45000000.0
75000000.0,41738667.5
105000000.0,104553521.5
105000000.0,37362492.0
135000000.0,14211538.5
108000000.0,8355787.5
86400000.0,9253182.5
69120000.0,13188586.5
55296000.0,8441975.0
44236500.0,522997.0
35389000.0,8149768.0
28311000.0,28311000.0
28311000.0,16339972.5
58311000.0,23079527.5
46648500.0,8507557.0
37318500.0,37318500.0
37318500.0,37318500.0
67318500.0,9882674.5
97318500.0,35217684.5
77854500.0,31518650.5
62283500.0,35258072.0
49826500.0,40566952.5
49826500.0,49826500.0
49826500.0,49826500.0
79826500.0,79826500.0
109826500.0,109826500.0
139826500.0,88149741.0
169826500.0,56225592.0
135861000.0,59323607.5
108688500.0,66768975.0
86950500.0,49006509.5
69560000.0,49009054.0
55648000.0,55648000.0
55648000.0,55648000.0
85648000.0,49531294.0
115648000.0,49594714.5
92518000.0,90330036.5
92518000.0,80653896.5
92518000.0,60991097.5
74014000.0,74014000.0
74014000.0,74014000.0
104014000.0,104014000.0
134014000.0,16561529.0
164014000.0,519557.5
131211000.0,23520205.0
104968500.0,8671269.0
83974500.0,8266429.5
67179500.0,9685145.5
53743500.0,10436926.0
42994500.0,514119.5
34395500.0,518947.0
27516000.0,12499097.5
22012500.0,22012500.0
22012500.0,7128625.0
52012500.0,6421847.0
41610000.0,8020491.5
33288000.0,9514617.5
26630000.0,17154907.5
21304000.0,14274578.5
17043000.0,17043000.0
17043000.0,17043000.0
47043000.0,11647481.0
77043000.0,13570945.0
61634000.0,9993778.0
49307000.0,4153699.5
39445500.0,5172755.0
31556000.0,8403630.0
25244500.0,25244500.0
25244500.0,25244500.0
55244500.0,55244500.0
85244500.0,34143262.0
115244500.0,37753635.0
92195500.0,23283346.0
73756000.0,47791014.5
59004500.0,9357261.0
47203500.0,8674083.5
37762500.0,519069.5
30210000.0,13913608.5
24168000.0,12007458.0
19334000.0,18114031.0
19334000.0,16001991.0
19334000.0,7837995.0
15467000.0,15467000.0
15467000.0,15467000.0
45467000.0,4154740.0
75467000.0,5892115.0
60373500.0,47211793.5
48298500.0,520374.0
38638500.0,1076630.0
30910500.0,1149990.0
24728000.0,19487359.0
19782000.0,19782000.0
19782000.0,18338519.0
49782000.0,49782000.0
49782000.0,45940933.5
79782000.0,13661813.5
63825500.0,20874451.0
51060000.0,22627591.5
40848000.0,3574956.5
32678000.0,6222009.5
26142000.0,521312.5
20913500.0,13719929.0
16730500.0,515031.5
15000000.0,15000000.0
15000000.0,13241512.5
45000000.0,45000000.0
75000000.0,75000000.0
105000000.0,29348920.0
135000000.0,53645996.0
108000000.0,22076652.0
86400000.0,544605.0
69120000.0,2016619.0
55296000.0,15959148.5
44236500.0,44236500.0
44236500.0,40466394.0
74236500.0,18931321.0
59389000.0,14657948.5
47511000.0,5435001.5
38008500.0,6869712.0
30406500.0,1072817.0
24325000.0,520895.5
19460000.0,8255256.5
15568000.0,7703014.0
15000000.0,6072059.5
15000000.0,15000000.0
15000000.0,15000000.0
45000000.0,45000000.0
75000000.0,12075592.0
105000000.0,36727798.0
84000000.0,5077599.0
67200000.0,20277620.0
53760000.0,522221.5
43008000.0,8917484.5
34406000.0,517914.0
27524500.0,8542650.0
22019500.0,7742797.5
17615500.0,14137382.5
17615500.0,17615500.0
17615500.0,17615500.0
47615500.0,47615500.0
77615500.0,29450382.0
107615500.0,22321097.5
86092000.0,11524537.0
68873500.0,13531928.0
55098500.0,18292435.5
44078500.0,1017029.5
35262500.0,520777.5
28210000.0,6085368.5
22568000.0,5134653.0
18054000.0,18054000.0
18054000.0,8355862.5
48054000.0,22657303.0
38443000.0,18928306.0
30754000.0,11870222.0
24603000.0,7509141.5
19682000.0,1226881.5
15745500.0,519933.5
15000000.0,15000000.0
15000000.0,15000000.0
45000000.0,29523981.5
75000000.0,18494562.5
60000000.0,17007723.5
48000000.0,11930557.5
38400000.0,20596982.5
30720000.0,2173852.5
24576000.0,16869408.5
19660500.0,19583629.5
19660500.0,19660500.0
49660500.0,49660500.0
79660500.0,79660500.0
109660500.0,88028350.0
139660500.0,29733711.5
111728000.0,3675275.5
89382000.0,22633506.0
71505500.0,14341811.0
57204000.0,57204000.0
57204000.0,57204000.0
87204000.0,12820508.0
117204000.0,32450289.0
93763000.0,17496282.0
75010000.0,10719277.0
60008000.0,6771892.0
48006000.0,13297105.0
38404500.0,9583177.5
30723500.0,1062887.5
24578500.0,9727136.0
19662500.0,19662500.0
19662500.0,19662500.0
49662500.0,49662500.0
79662500.0,79662500.0
109662500.0,3887648.5
139662500.0,7892481.5
111730000.0,111730000.0
111730000.0,65663221.0
141730000.0,13670477.0
113384000.0,90544794.5
90707000.0,5664781.5
72565500.0,15856640.0
58052000.0,16083696.0
46441500.0,9219304.0
37153000.0,25731705.0
29722000.0,29722000.0
29722000.0,26214249.5
59722000.0,59722000.0
59722000.0,59722000.0
89722000.0,42224613.0
119722000.0,38630314.0
95777500.0,20125541.0
76622000.0,10586601.5
61297500.0,37717475.0
49038000.0,14979945.5
39230000.0,39230000.0
39230000.0,24985225.0
69230000.0,18853615.5
55384000.0,38106112.0
44307000.0,21525534.0
35445500.0,22062845.0
28356000.0,518290.5
22684500.0,20140561.0
22684500.0,15489815.0
18147500.0,15748198.0
18147500.0,18147500.0
18147500.0,18147500.0
48147500.0,48147500.0
78147500.0,78147500.0
108147500.0,18467102.5
138147500.0,19558705.5
110518000.0,11023913.5
88414000.0,8256413.0
70731000.0,23834553.0
56584500.0,13644846.5
45267500.0,10347664.5
36214000.0,4923958.5
28971000.0,27507031.0
28971000.0,23914040.5
28971000.0,6680267.5
23176500.0,535373.0
18541000.0,519334.5
15000000.0,1062076.5
15000000.0,10152718.5
15000000.0,15000000.0
15000000.0,15000000.0
45000000.0,24020834.0
75000000.0,518529.0
60000000.0,15745989.0
48000000.0,48000000.0
48000000.0,46663833.0
78000000.0,14809781.5
62400000.0,4062404.0
49920000.0,25762310.5
39936000.0,26044371.5
31948500.0,518078.0
25558500.0,25558500.0
25558500.0,25558500.0
55558500.0,37238394.0
85558500.0,28407432.0
68446500.0,17389606.5
54757000.0,18612729.0
43805500.0,14625491.5
35044000.0,516452.0
28035000.0,14310591.0
22428000.0,18305228.5
22428000.0,15289086.0
17942000.0,12983919.0
15000000.0,4763877.0
15000000.0,1876939.0
15000000.0,1061015.0
15000000.0,4966782.5
15000000.0,7894095.5
15000000.0,12652767.0
15000000.0,518734.5
15000000.0,522424.0
15000000.0,521182.5
15000000.0,13214287.0
15000000.0,15000000.0
15000000.0,15000000.0
45000000.0,45000000.0
75000000.0,46564634.5
105000000.0,14897982.0
84000000.0,517988.5
67200000.0,28504156.0
53760000.0,3333785.5
43008000.0,3133575.5
34406000.0,9424758.5
27524500.0,4776071.0
22019500.0,8909694.0
17615500.0,5273767.5
15000000.0,13665928.0
15000000.0,15000000.0
15000000.0,11165796.0
45000000.0,3501043.0
36000000.0,18360407.5
28800000.0,20054868.0
23040000.0,517075.0
18432000.0,9242416.0
15000000.0,521709.0
15000000.0,6432027.5
15000000.0,1556837.0
15000000.0,1603408.5
15000000.0,13261131.5
15000000.0,15000000.0
15000000.0,15000000.0
45000000.0,4202712.5
75000000.0,6060490.0
60000000.0,3020591.0
48000000.0,7131996.0
38400000.0,17183032.5
30720000.0,30720000.0
30720000.0,30720000.0
60720000.0,60720000.0
90720000.0,524936.5
120720000.0,14359772.5
96576000.0,524040.0
77260500.0,10486595.0
61808000.0,20097776.0
49446000.0,15637616.0
39556500.0,39556500.0
39556500.0,39556500.0
69556500.0,55495624.5
99556500.0,16036985.5
79645000.0,4802656.5
63716000.0,19351260.5
50972500.0,11810798.5
40778000.0,12885067.5
32622000.0,517753.0
26097500.0,5398332.5
20878000.0,521149.5
16702000.0,15437023.5
16702000.0,9845046.0
15000000.0,15000000.0
15000000.0,15000000.0
45000000.0,45000000.0
75000000.0,75000000.0
105000000.0,54683024.0
135000000.0,19876763.0
108000000.0,10055106.5
86400000.0,14969602.5
69120000.0,8571706.5
55296000.0,9242543.0
44236500.0,3483508.0
35389000.0,34561042.5
35389000.0,34645544.5
35389000.0,17838554.0
28311000.0,3971496.0
22648500.0,521943.0
18118500.0,14326725.0
15000000.0,12575579.5
15000000.0,14124763.0
15000000.0,15000000.0
45000000.0,45000000.0
75000000.0,21418027.0
105000000.0,15829336.0
84000000.0,84000000.0
84000000.0,84000000.0
114000000.0,24192861.0
144000000.0,5626640.0
115200000.0,16842857.5
92160000.0,1054382.0
73728000.0,15693747.5
58982000.0,9800249.0
47185500.0,14449413.0
37748000.0,6705414.5
30198000.0,9646547.0
24158000.0,7983331.5
19326000.0,16388235.5
19326000.0,16733014.0
19326000.0,5368031.0
15460500.0,15460500.0
15460500.0,13382716.0
45460500.0,7700951.0
36368000.0,12474262.0
29094000.0,522021.5
23275000.0,4193417.5
18620000.0,2776873.0
15000000.0,3300613.0
15000000.0,14705649.0
15000000.0,1039180.5
15000000.0,1560538.0
15000000.0,13149394.0
15000000.0,8276843.0
15000000.0,15000000.0
15000000.0,9203843.5
45000000.0,3830819.5
36000000.0,21444399.5
28800000.0,28800000.0
28800000.0,28800000.0
28800000.0,28800000.0
58800000.0,58800000.0
88800000.0,10546477.5
118800000.0,517451.0
95040000.0,24948889.0
76032000.0,14282709.5
60825500.0,7159685.0
48660000.0,10243555.0
38928000.0,38928000.0
38928000.0,38928000.0
68928000.0,68928000.0
98928000.0,23472264.0
128928000.0,14794705.5
103142000.0,12782174.5
82513500.0,4393400.5
66010500.0,10361369.5
52808000.0,1021149.5
42246000.0,521082.5
33796500.0,11857082.5
27037000.0,26247644.5
27037000.0,22805625.5
27037000.0,8935564.0
21629500.0,20799758.0
21629500.0,1033784.0
17303500.0,7732912.5
15000000.0,9950939.5
15000000.0,12542262.0
15000000.0,7200328.0
15000000.0,9575105.5
15000000.0,9628792.5
15000000.0,15000000.0
15000000.0,15000000.0
45000000.0,5435293.0
75000000.0,28079746.5
60000000.0,15908387.5
48000000.0,5493507.0
38400000.0,18000269.5
30720000.0,24167348.5
24576000.0,517392.0
19660500.0,1064224.5
15728000.0,517281.5
15000000.0,519166.5
15000000.0,1699200.5
15000000.0,2319207.0
15000000.0,15000000.0
15000000.0,14865826.5
45000000.0,7481061.5
36000000.0,5346981.0
28800000.0,28800000.0
28800000.0,28800000.0
58800000.0,58800000.0
88800000.0,18588234.5
118800000.0,41734733.0
95040000.0,5200391.0
76032000.0,9993950.5
60825500.0,19737379.0
48660000.0,16382713.0
38928000.0,31325249.5
38928000.0,22505845.0
31142000.0,29070063.5
31142000.0,31142000.0
61142000.0,42010519.0
91142000.0,24207243.5
72913500.0,72913500.0
72913500.0,50245937.5
102913500.0,35403615.0
82330500.0,24633919.5
65864000.0,65864000.0
65864000.0,65864000.0
95864000.0,67497503.0
125864000.0,55842442.0
100691000.0,27854482.0
