64221184.0	393216000.0
64143360.0	393216000.0
66551808.0	393216000.0
67842048.0	393216000.0
68624384.0	393216000.0
69259264.0	393216000.0
69300224.0	393216000.0
69435392.0	393216000.0
69795840.0	393216000.0
70275072.0	393216000.0
70168576.0	393216000.0
71221248.0	393216000.0
71065600.0	393216000.0
71041024.0	393216000.0
71213056.0	393216000.0
71450624.0	393216000.0
71258112.0	393216000.0
71712768.0	393216000.0
71729152.0	393216000.0
71589888.0	393216000.0
72654848.0	393216000.0
72527872.0	393216000.0
72663040.0	393216000.0
72822784.0	393216000.0
72794112.0	393216000.0
72531968.0	393216000.0
72654848.0	393216000.0
73719808.0	393216000.0
73756672.0	393216000.0
73682944.0	393216000.0
74338304.0	393216000.0
75046912.0	393216000.0
74326016.0	393216000.0
74887168.0	393216000.0
73801728.0	393216000.0
74584064.0	393216000.0
75771904.0	393216000.0
75620352.0	393216000.0
75878400.0	393216000.0
76111872.0	393216000.0
76918784.0	393216000.0
76369920.0	393216000.0
76124160.0	393216000.0
75825152.0	393216000.0
76689408.0	393216000.0
76673024.0	393216000.0
76677120.0	393216000.0
76693504.0	393216000.0
77217792.0	393216000.0
77500416.0	393216000.0
77623296.0	393216000.0
78184448.0	393216000.0
78258176.0	393216000.0
78544896.0	393216000.0
78344192.0	393216000.0
78483456.0	393216000.0
78934016.0	393216000.0
79466496.0	393216000.0
79667200.0	393216000.0
79880192.0	393216000.0
79683584.0	393216000.0
79532032.0	393216000.0
80375808.0	393216000.0
81129472.0	393216000.0
80859136.0	393216000.0
80949248.0	393216000.0
81862656.0	393216000.0
81559552.0	393216000.0
82341888.0	393216000.0
81707008.0	393216000.0
82345984.0	393216000.0
82538496.0	393216000.0
82669568.0	393216000.0
82325504.0	393216000.0
82485248.0	393216000.0
82968576.0	393216000.0
82391040.0	393216000.0
82505728.0	393216000.0
82415616.0	393216000.0
82530304.0	393216000.0
82595840.0	393216000.0
82710528.0	393216000.0
82694144.0	393216000.0
82677760.0	393216000.0
82698240.0	393216000.0
82698240.0	393216000.0
83628032.0	393216000.0
83361792.0	393216000.0
83173376.0	393216000.0
83861504.0	393216000.0
83845120.0	393216000.0
83668992.0	393216000.0
83783680.0	393216000.0
83767296.0	393216000.0
83632128.0	393216000.0
83615744.0	393216000.0
83550208.0	393216000.0
83611648.0	393216000.0
83595264.0	393216000.0
83578880.0	393216000.0
83562496.0	393216000.0
83677184.0	393216000.0
83660800.0	393216000.0
83644416.0	393216000.0
83628032.0	393216000.0
83550208.0	393216000.0
84541440.0	393216000.0
84615168.0	393216000.0
84955136.0	393216000.0
85024768.0	393216000.0
85635072.0	393216000.0
85577728.0	393216000.0
86470656.0	393216000.0
86142976.0	393216000.0
86614016.0	393216000.0
87134208.0	393216000.0
87990272.0	393216000.0
87281664.0	393216000.0
87302144.0	393216000.0
87543808.0	393216000.0
88076288.0	393216000.0
88477696.0	393216000.0
89210880.0	393216000.0
88965120.0	393216000.0
90046464.0	393216000.0
90189824.0	393216000.0
89907200.0	393216000.0
90300416.0	393216000.0
90726400.0	393216000.0
91033600.0	393216000.0
91303936.0	393216000.0
92086272.0	393216000.0
91852800.0	393216000.0
91869184.0	393216000.0
92422144.0	393216000.0
92364800.0	393216000.0
92360704.0	393216000.0
93573120.0	393216000.0
93257728.0	393216000.0
93786112.0	393216000.0
