151582000,3191440,1642146218506590
121265000,18009615,1642146218606505
97012000,16209371,1642146218706737
77609000,16467152,1642146218806546
62087000,19216630,1642146218906413
49669000,36226548,1642146219006896
39735000,37125291,1642146219106823
39735000,38733141,1642146219206723
39735000,20530786,1642146219306672
31788000,21020295,1642146219406610
30000000,12029229,1642146219506483
30000000,15980651,1642146219606431
30000000,16883790,1642146219706765
30000000,25710366,1642146219806842
30000000,30000000,1642146219906713
30000000,27987994,1642146220006633
90000000,18232011,1642146220106502
72000000,45938814,1642146220206500
57600000,23905070,1642146220302857
46080000,35067985,1642146220406583
36864000,26021582,1642146220506734
30000000,28038795,1642146220606614
30000000,7910632,1642146220706457
30000000,28290796,1642146220806438
30000000,19929202,1642146220906472
30000000,24388198,1642146221006386
30000000,8017716,1642146221106388
30000000,9850327,1642146221206338
30000000,18992341,1642146221306335
30000000,19460114,1642146221406353
30000000,16972590,1642146221506404
30000000,8236281,1642146221606477
30000000,23912530,1642146221706411
30000000,7903543,1642146221806700
30000000,30000000,1642146221906675
30000000,30000000,1642146222006436
90000000,47261376,1642146222106700
150000000,31705440,1642146222206646
120000000,6767864,1642146222306663
96000000,5868964,1642146222406511
76800000,20450120,1642146222506793
61440000,22248008,1642146222606611
49152000,23666723,1642146222706727
39321000,18539670,1642146222806642
31456000,10111837,1642146222906603
30000000,30000000,1642146223006801
30000000,30000000,1642146223106455
30000000,30000000,1642146223206514
90000000,40847238,1642146223306515
150000000,21499862,1642146223406551
120000000,37937108,1642146223506560
96000000,8801587,1642146223607115
76800000,14460103,1642146223706602
61440000,24293475,1642146223806634
49152000,21733083,1642146223906470
39321000,33196206,1642146224006667
39321000,7662032,1642146224106725
31456000,26409642,1642146224206538
31456000,20698051,1642146224306507
30000000,16029187,1642146224406429
30000000,30000000,1642146224506539
90000000,33772115,1642146224606363
72000000,34324705,1642146224706655
57600000,4731860,1642146224806629
46080000,25277176,1642146224906388
36864000,11197997,1642146225006345
30000000,30000000,1642146225106368
30000000,15751466,1642146225206573
90000000,53672611,1642146225306375
72000000,41360717,1642146225406510
57600000,14444662,1642146225506402
46080000,21495970,1642146225606429
36864000,8815502,1642146225706515
30000000,4699828,1642146225806447
30000000,17688636,1642146225906412
30000000,19225201,1642146226006457
30000000,12387029,1642146226106602
30000000,19388484,1642146226206438
30000000,19975691,1642146226307483
30000000,9097545,1642146226406582
30000000,14092258,1642146226506379
30000000,26347954,1642146226606305
30000000,17277066,1642146226706597
30000000,9811962,1642146226806699
30000000,4590888,1642146226906431
30000000,30000000,1642146227006740
30000000,27049146,1642146227106666
90000000,40902463,1642146227206663
72000000,26346066,1642146227306791
57600000,57600000,1642146227406403
57600000,52317367,1642146227506602
117600000,29253078,1642146227706577
94080000,17913397,1642146227806474
75264000,8982340,1642146227906379
60211000,23720613,1642146228006584
48168000,10011713,1642146228106643
38534000,20173928,1642146228206453
30827000,30827000,1642146228306410
30827000,30827000,1642146228406565
90827000,37665910,1642146228506378
150827000,32708588,1642146228606591
120661000,14732609,1642146228706362
96528000,26779126,1642146228806399
77222000,18580975,1642146228906459
61777000,28519704,1642146229006307
49421000,32800352,1642146229106320
39536000,39536000,1642146229206513
39536000,36886611,1642146229306478
99536000,23822419,1642146229406295
79628000,23522804,1642146229506304
63702000,12326166,1642146229606389
50961000,31737109,1642146229706385
40768000,20777760,1642146229806307
32614000,13372808,1642146229906581
30000000,25079996,1642146230006268
30000000,16885214,1642146230106378
30000000,28057620,1642146230206328
30000000,29444701,1642146230306355
90000000,44799245,1642146230406398
72000000,20967079,1642146230506524
57600000,5745470,1642146230606306
46080000,10273236,1642146230706258
36864000,17771804,1642146230806444
30000000,20646133,1642146230906609
30000000,21939707,1642146231006450
30000000,21067929,1642146231106518
30000000,30000000,1642146231206517
30000000,24544947,1642146231306290
90000000,22096894,1642146231406329
72000000,39309353,1642146231506244
57600000,23676946,1642146231606525
46080000,17456788,1642146231706312
36864000,14558964,1642146231806344
30000000,22700069,1642146231906296
30000000,9906624,1642146232006332
30000000,17586149,1642146232106260
30000000,24212038,1642146232206338
30000000,13019797,1642146232306260
30000000,16554265,1642146232406373
30000000,16024770,1642146232506388
30000000,28193481,1642146232606240
30000000,14752474,1642146232706330
30000000,16735784,1642146232806436
30000000,20806112,1642146232906350
30000000,26689806,1642146233006347
30000000,30000000,1642146233106392
30000000,30000000,1642146233206280
90000000,22231148,1642146233306361
150000000,12842191,1642146233406440
120000000,16447204,1642146233506278
96000000,10169591,1642146233606354
76800000,28472970,1642146233706214
61440000,14828979,1642146233806356
49152000,27880120,1642146233906382
39321000,5569174,1642146234006248
31456000,14765705,1642146234106377
30000000,23013569,1642146234206311
30000000,25001431,1642146234306294
30000000,17948178,1642146234406224
30000000,27650568,1642146234506400
30000000,30000000,1642146234606334
30000000,27464252,1642146234706387
90000000,25836118,1642146234806206
72000000,20774569,1642146234906546
57600000,11134084,1642146235002659
46080000,11279608,1642146235106242
36864000,17385252,1642146235206554
30000000,24645633,1642146235306399
30000000,16416373,1642146235406390
30000000,20079930,1642146235506227
30000000,30000000,1642146235606268
30000000,30000000,1642146235706506
90000000,5610480,1642146235806665
150000000,15370792,1642146235906562
120000000,16738156,1642146236006467
96000000,19334829,1642146236106380
76800000,58797771,1642146236206317
61440000,19976871,1642146236307211
49152000,31064810,1642146236406477
39321000,25078322,1642146236506583
31456000,16238382,1642146236606197
30000000,19691390,1642146236706441
30000000,7963948,1642146236806533
30000000,21488787,1642146236906183
30000000,10419985,1642146237002835
30000000,16773980,1642146237106147
30000000,26598662,1642146237206420
30000000,30000000,1642146237306144
90000000,74888137,1642146237406209
150000000,72787171,1642146237502613
120000000,65756948,1642146237606403
96000000,65167366,1642146237706277
76800000,70122262,1642146237806290
76800000,11323812,1642146237906479
61440000,61440000,1642146238006177
61440000,61440000,1642146238106400
121440000,121440000,1642146238206160
121440000,75565087,1642146238306154
241440000,110401800,1642146238406163
193152000,69207808,1642146238506436
154521000,110333953,1642146238606121
123616000,65156216,1642146238706390
98892000,98892000,1642146238806131
98892000,89051366,1642146238906081
128952000,74104615,1642146239006065
103161000,103161000,1642146239106224
103161000,95305836,1642146239206381
163161000,98753748,1642146239306205
130528000,79480000,1642146239406077
104422000,104422000,1642146239506336
104422000,85935523,1642146239606084
164422000,96174134,1642146239706243
131537000,92698615,1642146239806231
105229000,89308988,1642146239906223
105229000,99956732,1642146240002569
105229000,85944621,1642146240106424
105229000,98036961,1642146240206255
105229000,88876762,1642146240306180
100229000,66943440,1642146240406147
80183000,80183000,1642146240506131
80183000,78861512,1642146240606404
80183000,80183000,1642146240706078
110375000,110375000,1642146240806114
170375000,116294527,1642146240906498
230375000,99798964,1642146241006129
184300000,96761722,1642146241106468
147440000,68924878,1642146241206369
117952000,64558892,1642146241307312
94361000,94361000,1642146241406228
94361000,94361000,1642146241506527
154361000,75835052,1642146241606378
179413000,97830523,1642146241706525
143530000,114579903,1642146241806420
114824000,60373856,1642146241906208
91859000,64920392,1642146242006060
73487000,73487000,1642146242106091
73487000,73487000,1642146242206337
133487000,98762186,1642146242304024
193487000,153761836,1642146242406504
154789000,92402358,1642146242506088
123831000,122501842,1642146242606353
123831000,98317973,1642146242706419
99064000,99064000,1642146242806086
99064000,99064000,1642146242906106
99064000,99064000,1642146243006267
108285000,108285000,1642146243106270
168285000,115074042,1642146243206061
197317000,118156177,1642146243306073
157853000,140150688,1642146243406083
157853000,73875036,1642146243506134
126282000,122026755,1642146243606441
126282000,86306385,1642146243706037
101025000,101025000,1642146243806325
101025000,101025000,1642146243906245
101025000,96799376,1642146244006149
101025000,101025000,1642146244106092
121379000,116026648,1642146244206008
137662000,89968020,1642146244306354
110129000,109489339,1642146244406075
110129000,110129000,1642146244506066
110129000,110129000,1642146244605986
170129000,135136146,1642146244706409
136103000,108980567,1642146244806321
136103000,105271173,1642146244906011
108882000,89919093,1642146245006085
108882000,108882000,1642146245106101
108882000,67075551,1642146245206287
87105000,87105000,1642146245306075
87105000,75354540,1642146245406326
147105000,90396765,1642146245506255
117684000,57678349,1642146245606176
94147000,94147000,1642146245706070
94147000,90897146,1642146245806047
154147000,99779842,1642146245905984
123317000,111789729,1642146246005953
123317000,123317000,1642146246106074
123317000,102389020,1642146246206008
159518000,61816344,1642146246306288
127614000,103538746,1642146246406249
127614000,109365709,1642146246505959
127614000,105510393,1642146246605969
122614000,94971196,1642146246706028
98091000,98091000,1642146246806144
98091000,98091000,1642146246906285
158091000,102406792,1642146247006075
179629000,105788829,1642146247105987
143703000,115037728,1642146247205974
143703000,83344888,1642146247306346
114962000,114962000,1642146247406365
114962000,112610950,1642146247506277
174962000,62111905,1642146247605997
234962000,23651867,1642146247706068
187969000,50998266,1642146247806259
150375000,19924370,1642146247906051
120300000,26423067,1642146248006072
96240000,26384989,1642146248106042
76992000,31833392,1642146248206024
61593000,28753595,1642146248306031
49274000,19829358,1642146248406238
39419000,9266205,1642146248505973
31535000,23172264,1642146248605937
30000000,30000000,1642146248706041
30000000,28194563,1642146248805920
90000000,24921004,1642146248906325
72000000,15929080,1642146249006347
57600000,57600000,1642146249106001
57600000,57600000,1642146249202366
117600000,35514001,1642146249306132
177600000,12731207,1642146249405946
142080000,12087630,1642146249506041
113664000,21932818,1642146249606214
90931000,29958861,1642146249705979
72744000,24117941,1642146249806249
58195000,58195000,1642146249905899
58195000,38413262,1642146250005902
118195000,20491909,1642146250106208
94556000,14726998,1642146250206020
75644000,11033665,1642146250305983
60515000,23545528,1642146250405994
48412000,31888575,1642146250506067
38729000,5810664,1642146250605880
30983000,21938863,1642146250706197
30000000,15525229,1642146250805976
30000000,17977855,1642146250906221
30000000,24928430,1642146251005974
30000000,30000000,1642146251106050
30000000,30000000,1642146251206004
90000000,26762320,1642146251306157
150000000,8912701,1642146251405903
120000000,12753997,1642146251506193
96000000,19244886,1642146251605886
76800000,63839130,1642146251706003
76800000,41807936,1642146251805944
61440000,37708112,1642146251906312
49152000,39590353,1642146252006320
49152000,22324600,1642146252106017
39321000,22947300,1642146252205932
31456000,15661244,1642146252305943
30000000,13413985,1642146252405929
30000000,16810032,1642146252506051
30000000,28451852,1642146252606212
30000000,4672265,1642146252706032
30000000,23811554,1642146252806071
30000000,20737512,1642146252906084
30000000,30000000,1642146253006059
30000000,30000000,1642146253105883
90000000,28466056,1642146253206071
150000000,42483833,1642146253306051
120000000,33220832,1642146253405938
96000000,16647136,1642146253505945
76800000,20031151,1642146253605926
61440000,26075854,1642146253706207
49152000,10106944,1642146253806031
39321000,19830266,1642146253906226
31456000,22751969,1642146254006194
30000000,30000000,1642146254105836
30000000,30000000,1642146254206167
90000000,25342145,1642146254305876
150000000,28227524,1642146254406026
120000000,14645879,1642146254505883
96000000,15087813,1642146254605964
76800000,28410985,1642146254705982
61440000,9031781,1642146254805927
49152000,17807638,1642146254905912
39321000,19434337,1642146255006067
31456000,31456000,1642146255106027
31456000,31456000,1642146255206158
91456000,24674238,1642146255306138
151456000,28198967,1642146255405866
121164000,18258434,1642146255506042
96931000,9074022,1642146255606165
77544000,15652124,1642146255705946
62035000,16677834,1642146255806024
49628000,17060341,1642146255905996
39702000,5650601,1642146256005932
31761000,13435308,1642146256105946
30000000,15722660,1642146256206017
30000000,14992618,1642146256307146
30000000,20223120,1642146256405833
30000000,20736885,1642146256506118
30000000,13581524,1642146256606218
30000000,7799728,1642146256706085
30000000,4526234,1642146256806154
30000000,4707302,1642146256906093
30000000,18300854,1642146257005847
30000000,23217617,1642146257105887
30000000,30000000,1642146257206104
30000000,30000000,1642146257305852
90000000,81730811,1642146257406004
150000000,96156605,1642146257506074
120000000,56916567,1642146257606077
96000000,38541678,1642146257706209
76800000,30846345,1642146257805966
61440000,23647054,1642146257905842
49152000,16847999,1642146258006111
39321000,24382862,1642146258105863
31456000,17915249,1642146258206095
30000000,12165665,1642146258306161
30000000,15974723,1642146258405901
30000000,30000000,1642146258506060
30000000,29898321,1642146258606130
90000000,45621890,1642146258705864
72000000,46067061,1642146258805828
57600000,37125012,1642146258905908
46080000,27722409,1642146259006008
36864000,24084555,1642146259106203
30000000,21582466,1642146259206108
30000000,23840090,1642146259305746
30000000,18690128,1642146259406140
30000000,20538021,1642146259506061
30000000,9954088,1642146259605809
30000000,13393138,1642146259705833
30000000,12189357,1642146259805875
30000000,14940762,1642146259905840
30000000,13514460,1642146260006141
30000000,29581684,1642146260105820
30000000,26899871,1642146260205859
90000000,34098570,1642146260306084
72000000,32646923,1642146260406036
57600000,24603546,1642146260502168
46080000,27261340,1642146260605764
36864000,8087037,1642146260705814
30000000,9972819,1642146260805850
30000000,19820189,1642146260905812
30000000,12132605,1642146261005762
30000000,10393014,1642146261105915
30000000,17857315,1642146261206145
30000000,27816319,1642146261306732
30000000,30000000,1642146261406044
90000000,29629656,1642146261506097
150000000,25320903,1642146261605970
120000000,16733121,1642146261706111
96000000,32024372,1642146261805996
76800000,14709930,1642146261906007
61440000,8194119,1642146262006062
49152000,14344748,1642146262106119
39321000,16691024,1642146262205781
31456000,8965179,1642146262305785
30000000,17901234,1642146262405902
30000000,17562491,1642146262505830
30000000,12047885,1642146262605789
30000000,28662660,1642146262705909
30000000,10526926,1642146262805825
90000000,18585575,1642146262905856
72000000,53910955,1642146263005818
57600000,43031437,1642146263105845
46080000,34136356,1642146263205997
36864000,23591704,1642146263305956
30000000,18814381,1642146263405741
30000000,10800687,1642146263505886
30000000,16166913,1642146263605913
30000000,16374382,1642146263705834
30000000,11281806,1642146263805863
30000000,11289674,1642146263905826
30000000,8796975,1642146264005917
30000000,18005682,1642146264105703
30000000,22183108,1642146264205886
30000000,20831289,1642146264305808
30000000,30000000,1642146264405871
30000000,30000000,1642146264505860
90000000,33226227,1642146264605799
150000000,32382722,1642146264705728
120000000,22337228,1642146264805726
96000000,13395676,1642146264905976
76800000,20689631,1642146265005799
61440000,15752217,1642146265106005
49152000,17479758,1642146265206040
39321000,22188740,1642146265305824
31456000,10147665,1642146265405818
30000000,29195613,1642146265505790
30000000,30000000,1642146265605655
90000000,24574069,1642146265705727
150000000,27174598,1642146265805740
120000000,34655409,1642146265905816
96000000,16876645,1642146266005812
76800000,15633615,1642146266105842
61440000,15206443,1642146266205833
49152000,15456291,1642146266305797
39321000,16372912,1642146266405695
31456000,31456000,1642146266505717
31456000,31456000,1642146266605656
91456000,29876987,1642146266705940
151456000,37758864,1642146266805673
121164000,32372129,1642146266905720
96931000,14482156,1642146267006057
77544000,4783621,1642146267105754
62035000,15514561,1642146267206067
49628000,15384558,1642146267305971
39702000,39702000,1642146267405803
39702000,39702000,1642146267505766
99702000,40685770,1642146267605746
159702000,70338654,1642146267705731
127761000,35524035,1642146267805912
102208000,31566215,1642146267905900
81766000,81766000,1642146268005692
81766000,63734406,1642146268105929
141766000,74989417,1642146268205915
113412000,113412000,1642146268305598
113412000,107828295,1642146268406070
173412000,110683955,1642146268505837
138729000,125514734,1642146268605823
138729000,78155704,1642146268705742
110983000,85036942,1642146268805979
88786000,83492579,1642146268905656
88786000,88786000,1642146269005610
88786000,88786000,1642146269105618
148786000,95515616,1642146269205609
208786000,126449294,1642146269305628
167028000,114910608,1642146269405941
133622000,84623924,1642146269505968
106897000,104824062,1642146269605957
106897000,42975521,1642146269706022
85517000,58325740,1642146269805959
68413000,68413000,1642146269902046
68413000,68413000,1642146270005673
128413000,94496410,1642146270105861
188413000,91564724,1642146270206003
150730000,80216711,1642146270305949
120584000,107840376,1642146270405752
120584000,90396293,1642146270505741
96467000,96072110,1642146270605741
96467000,96467000,1642146270705651
96467000,96467000,1642146270805695
216467000,94717749,1642146270905579
248778000,118799649,1642146271005934
199022000,63041862,1642146271105638
159217000,141510762,1642146271205864
159217000,112864015,1642146271306418
127373000,127373000,1642146271405652
127373000,127373000,1642146271505612
165856000,132965716,1642146271605815
174099000,90213387,1642146271705709
139279000,45895315,1642146271805743
111423000,111423000,1642146271905541
111423000,74960665,1642146272005921
130739000,83108825,1642146272105891
104591000,72374100,1642146272205605
83672000,76249163,1642146272305873
83672000,83672000,1642146272405894
83672000,83672000,1642146272505607
143672000,64427072,1642146272605664
203672000,95592854,1642146272705981
162937000,84946251,1642146272805573
130349000,119450777,1642146272906032
130349000,93367544,1642146273005844
104279000,85249919,1642146273105590
104279000,102110731,1642146273205936
104279000,104279000,1642146273305550
104279000,104279000,1642146273405516
144991000,124904336,1642146273505353
183442000,77212658,1642146273605660
146753000,93219614,1642146273705790
117402000,64060883,1642146273805588
93921000,93921000,1642146273906000
93921000,93921000,1642146274005577
153921000,141729820,1642146274105826
176618000,95080004,1642146274205767
141294000,109979445,1642146274305517
113035000,113035000,1642146274405895
113035000,91182582,1642146274509700
126894000,126894000,1642146274605550
126894000,126894000,1642146274705646
126894000,114218674,1642146274805930
126894000,69380564,1642146274905719
246894000,51158306,1642146275005751
197515000,101146617,1642146275105882
158012000,72393772,1642146275205847
126409000,114462178,1642146275305919
126409000,74919125,1642146275405844
101127000,101127000,1642146275505787
101127000,63970700,1642146275605930
141624000,102534908,1642146275705532
113299000,76914754,1642146275805525
90639000,78885427,1642146275905941
90639000,61377154,1642146276005908
72511000,72511000,1642146276105615
72511000,72511000,1642146276205935
72511000,72511000,1642146276306506
151839000,114808942,1642146276405515
211839000,101330452,1642146276505721
169471000,127312375,1642146276605701
135576000,88988105,1642146276705901
108460000,108460000,1642146276805919
108460000,108460000,1642146276905710
125401000,125401000,1642146277005800
138953000,119935802,1642146277105595
138953000,126577003,1642146277205872
138953000,71536675,1642146277305655
143566000,142372856,1642146277405529
143566000,143566000,1642146277505684
162433000,77788502,1642146277605913
129946000,34962111,1642146277705870
103956000,28462122,1642146277805529
83164000,27624905,1642146277905889
66531000,20153648,1642146278005651
53224000,5828910,1642146278105551
42579000,42579000,1642146278205696
42579000,42579000,1642146278305647
102579000,20762217,1642146278405509
162579000,27565893,1642146278505749
130063000,16148279,1642146278605593
104050000,4545169,1642146278705527
83240000,17682059,1642146278805748
66592000,17488237,1642146278905441
53273000,17710610,1642146279005690
42618000,36413228,1642146279105733
42618000,17795353,1642146279205735
34094000,34094000,1642146279305657
34094000,34094000,1642146279405759
94094000,35052988,1642146279505489
154094000,27007546,1642146279605785
123275000,27872751,1642146279705774
98620000,6987127,1642146279805688
78896000,22402813,1642146279905461
63116000,18945776,1642146280005400
50492000,14182612,1642146280105429
40393000,40393000,1642146280205719
40393000,35041153,1642146280305827
40393000,36980926,1642146280405690
40393000,29608131,1642146280505520
32314000,19391689,1642146280605525
30000000,4582882,1642146280705699
30000000,19956898,1642146280805597
30000000,16732450,1642146280905586
30000000,18580183,1642146281005611
30000000,29603546,1642146281105580
30000000,30000000,1642146281205766
90000000,46498704,1642146281305770
150000000,25042120,1642146281405756
120000000,34942511,1642146281505733
96000000,5342427,1642146281605469
76800000,13104726,1642146281705522
61440000,21982451,1642146281805674
49152000,16584576,1642146281905558
39321000,14840066,1642146282005686
31456000,24246748,1642146282105647
30000000,30000000,1642146282205562
30000000,30000000,1642146282305563
90000000,32124350,1642146282405445
150000000,27484934,1642146282505546
120000000,24497819,1642146282605441
96000000,25686325,1642146282705613
76800000,19895704,1642146282805455
61440000,20197278,1642146282905771
49152000,25303895,1642146283005519
39321000,37577911,1642146283105677
39321000,39321000,1642146283205628
99321000,40613348,1642146283305504
159321000,31518308,1642146283405690
127456000,25700190,1642146283505404
101964000,18551204,1642146283605693
81571000,25149969,1642146283705383
65256000,21433070,1642146283805474
52204000,11158319,1642146283905564
41763000,28952170,1642146284005539
33410000,9907390,1642146284105511
30000000,29958149,1642146284205521
30000000,30000000,1642146284305406
90000000,36462659,1642146284405700
150000000,31149836,1642146284505652
120000000,21757368,1642146284605599
96000000,14135724,1642146284705475
76800000,13522166,1642146284805602
61440000,11270777,1642146284905553
49152000,28742783,1642146285005569
39321000,15749414,1642146285105453
31456000,4680500,1642146285205498
30000000,10951181,1642146285305573
30000000,30000000,1642146285405493
30000000,30000000,1642146285505557
90000000,31090915,1642146285605482
150000000,8603940,1642146285705377
120000000,16585109,1642146285805446
96000000,14784238,1642146285905484
76800000,20281536,1642146286005638
61440000,13640912,1642146286105637
49152000,26501711,1642146286205454
39321000,10163080,1642146286306291
31456000,8135192,1642146286405661
30000000,26461657,1642146286505314
30000000,30000000,1642146286605574
30000000,27835470,1642146286705518
90000000,39216216,1642146286805760
72000000,24278833,1642146286905409
57600000,6261915,1642146287005417
46080000,22272541,1642146287105619
36864000,18824028,1642146287205390
30000000,22794696,1642146287305783
30000000,29696980,1642146287405475
30000000,30000000,1642146287505378
90000000,90000000,1642146287605665
150000000,51368971,1642146287705629
210000000,37818276,1642146287805658
168000000,10560791,1642146287905558
134400000,28932580,1642146288005584
107520000,24473296,1642146288105393
86016000,12126970,1642146288205548
68812000,26750887,1642146288305611
55049000,5614797,1642146288405591
44039000,16923090,1642146288505593
35231000,26959825,1642146288605648
30000000,29106723,1642146288705418
30000000,29680588,1642146288805386
90000000,31904686,1642146288905497
72000000,24274613,1642146289005447
57600000,23786156,1642146289105310
46080000,20775987,1642146289205543
36864000,24183698,1642146289305273
30000000,8717126,1642146289405562
30000000,29017244,1642146289505546
30000000,20664161,1642146289605453
30000000,4670285,1642146289705332
30000000,30000000,1642146289805589
30000000,30000000,1642146289905662
90000000,34976007,1642146290005718
150000000,16301966,1642146290105593
120000000,26576669,1642146290305647
96000000,23512277,1642146290405573
76800000,50313292,1642146290505564
61440000,45649046,1642146290605555
49152000,23462310,1642146290705313
39321000,20141397,1642146290805557
31456000,20023252,1642146290905264
30000000,17962700,1642146291001866
30000000,14120186,1642146291105354
30000000,25624121,1642146291205312
30000000,28537425,1642146291306210
30000000,8799268,1642146291405305
30000000,9173644,1642146291505457
30000000,27892795,1642146291605418
30000000,24642536,1642146291705396
30000000,30000000,1642146291805426
30000000,30000000,1642146291905283
90000000,17704884,1642146292005313
150000000,28821255,1642146292105431
120000000,25379146,1642146292205394
96000000,11934849,1642146292305392
76800000,12267706,1642146292405403
61440000,16444161,1642146292505349
49152000,11316340,1642146292605214
39321000,28515759,1642146292705634
31456000,16147351,1642146292805675
30000000,16303250,1642146292905242
30000000,11229701,1642146293005525
30000000,15515266,1642146293105730
30000000,13265843,1642146293205464
30000000,17337517,1642146293305623
30000000,30000000,1642146293405306
30000000,30000000,1642146293505463
90000000,29527298,1642146293605392
150000000,30440154,1642146293705618
120000000,22935997,1642146293805453
96000000,20852353,1642146293905236
76800000,11232989,1642146294005479
61440000,4723226,1642146294105291
49152000,14309937,1642146294205277
39321000,15273793,1642146294305261
31456000,10908968,1642146294405394
30000000,25355325,1642146294505261
30000000,16535411,1642146294605265
30000000,30000000,1642146294705380
30000000,30000000,1642146294805541
90000000,25407122,1642146294905247
150000000,22429668,1642146295005479
120000000,17794917,1642146295105515
96000000,26555923,1642146295205648
76800000,25701104,1642146295305313
61440000,9711385,1642146295405515
49152000,14756887,1642146295505248
39321000,17133029,1642146295605547
31456000,6848920,1642146295705443
30000000,13259861,1642146295805528
30000000,22278845,1642146295905206
30000000,30000000,1642146296005190
30000000,30000000,1642146296105254
90000000,24258738,1642146296205218
150000000,12769159,1642146296306491
120000000,10772966,1642146296405144
96000000,33565115,1642146296505189
76800000,4546651,1642146296605505
61440000,4670347,1642146296701578
49152000,18133619,1642146296805465
39321000,7688187,1642146296905252
31456000,19727022,1642146297005420
30000000,13855598,1642146297105157
30000000,17000713,1642146297205342
30000000,28685617,1642146297305171
30000000,30000000,1642146297405157
30000000,30000000,1642146297505408
90000000,76808161,1642146297605235
150000000,37294066,1642146297705451
120000000,28178263,1642146297805137
96000000,73632156,1642146297905161
76800000,72111375,1642146298005467
76800000,64710770,1642146298105344
76800000,76800000,1642146298205468
76800000,62175414,1642146298305333
136800000,110895761,1642146298405521
136800000,122209549,1642146298505530
136800000,94958087,1642146298605335
109440000,109440000,1642146298705305
109440000,109440000,1642146298805505
153830000,79062533,1642146298905186
178141000,143515800,1642146299005266
178141000,88794295,1642146299105126
142512000,133868730,1642146299205452
142512000,136219102,1642146299305360
142512000,124783771,1642146299405363
142512000,108444008,1642146299505184
114009000,114009000,1642146299605221
114009000,102276944,1642146299705167
174009000,122432868,1642146299801753
139207000,125981533,1642146299905445
139207000,85760570,1642146300005215
111365000,109470173,1642146300105198
111365000,104488278,1642146300205218
111365000,111365000,1642146300305120
111365000,111365000,1642146300405087
146231000,146231000,1642146300505272
197510000,105734934,1642146300605219
233965000,104082936,1642146300705245
187172000,61691119,1642146300805356
149737000,113706145,1642146300905331
119789000,92001331,1642146301005190
95831000,67922494,1642146301105276
76664000,76664000,1642146301205185
76664000,76664000,1642146301305141
121647000,77155436,1642146301405128
97317000,97317000,1642146301505137
97317000,96050800,1642146301605059
117791000,117791000,1642146301705175
117791000,117791000,1642146301805136
117791000,117791000,1642146301905082
117791000,117791000,1642146302005481
145542000,118859247,1642146302105291
167742000,67706754,1642146302205322
134193000,125000059,1642146302305262
134193000,112746706,1642146302405093
134193000,70604765,1642146302505291
107354000,107354000,1642146302605379
107354000,107354000,1642146302705459
159363000,137711175,1642146302805357
219363000,100010843,1642146302905462
175490000,121900490,1642146303005476
140392000,114734807,1642146303105065
140392000,69044374,1642146303205045
112313000,112313000,1642146303305344
112313000,112313000,1642146303405402
112313000,106688057,1642146303505401
112313000,104911662,1642146303605428
194103000,44646522,1642146303705459
155282000,110139637,1642146303805238
124225000,106359172,1642146303905461
124225000,64591044,1642146304005291
99380000,98230542,1642146304105271
99380000,95947870,1642146304201532
99380000,99380000,1642146304305417
99380000,99380000,1642146304405097
159380000,83352934,1642146304505069
219380000,94982222,1642146304605395
175504000,70994012,1642146304705156
140403000,104626489,1642146304805289
112322000,84217180,1642146304905082
89857000,89857000,1642146305005305
89857000,70462189,1642146305105353
149857000,122764922,1642146305205357
149857000,137038286,1642146305305321
149857000,110894439,1642146305405357
119885000,103966336,1642146305505394
119885000,106967206,1642146305605215
119885000,119885000,1642146305705421
119885000,119885000,1642146305805390
160216000,115983071,1642146305905073
128172000,120711804,1642146306005122
128172000,96659702,1642146306105373
102537000,102537000,1642146306205265
102537000,99795429,1642146306305053
162537000,88394568,1642146306405048
222537000,112108583,1642146306505034
178029000,96513194,1642146306605307
142423000,99578386,1642146306705261
113938000,112229181,1642146306805056
113938000,113938000,1642146306905268
136052000,100526874,1642146307005228
152900000,136136432,1642146307105049
152900000,108810976,1642146307205271
122320000,73355380,1642146307305432
97856000,97856000,1642146307404982
97856000,97856000,1642146307509102
157856000,140784213,1642146307605094
217856000,50970141,1642146307705323
174284000,22691490,1642146307805274
139427000,76845323,1642146307905121
111541000,25434531,1642146308005017
89232000,21402420,1642146308105150
71385000,30011550,1642146308205151
57108000,26869902,1642146308305350
45686000,24790173,1642146308404974
36548000,21979229,1642146308505394
30000000,8261069,1642146308605089
30000000,19591024,1642146308704956
30000000,21110163,1642146308805005
30000000,20032189,1642146308905159
30000000,17043065,1642146309005269
30000000,26262440,1642146309105025
30000000,30000000,1642146309205022
30000000,30000000,1642146309305034
90000000,40750894,1642146309405012
150000000,17005924,1642146309504991
120000000,29184210,1642146309605066
96000000,17571537,1642146309705037
76800000,12355846,1642146309804969
61440000,33512398,1642146309905026
49152000,24916647,1642146310005014
39321000,22772828,1642146310105112
31456000,13723330,1642146310205077
30000000,15853245,1642146310305207
30000000,17897404,1642146310405006
30000000,18166125,1642146310505048
30000000,29438137,1642146310605090
30000000,7778090,1642146310704979
30000000,30000000,1642146310805198
30000000,30000000,1642146310904990
90000000,29986150,1642146311005304
150000000,25824874,1642146311105163
120000000,17456565,1642146311205041
96000000,39724698,1642146311305080
76800000,35857233,1642146311405239
61440000,6077154,1642146311504972
49152000,49152000,1642146311605244
49152000,43784943,1642146311705158
109152000,16611333,1642146311805157
87321000,32874985,1642146311905176
69856000,28836013,1642146312005198
55884000,24549345,1642146312105255
44707000,21970327,1642146312205270
35765000,27294091,1642146312305227
30000000,20471559,1642146312404926
30000000,9011635,1642146312505024
30000000,18617554,1642146312605028
30000000,23238988,1642146312705234
30000000,7990123,1642146312805028
30000000,29108511,1642146312904942
30000000,30000000,1642146313004924
90000000,48125853,1642146313104987
150000000,19107679,1642146313205136
120000000,23366122,1642146313305016
96000000,47772032,1642146313405218
76800000,20097537,1642146313505002
61440000,27989468,1642146313604966
49152000,29097098,1642146313704947
39321000,24434526,1642146313804928
31456000,17190842,1642146313905039
30000000,16525211,1642146314005093
30000000,17323718,1642146314105131
30000000,28806114,1642146314205042
30000000,16308689,1642146314304936
30000000,26018283,1642146314405067
30000000,30000000,1642146314505119
30000000,30000000,1642146314605155
90000000,33881884,1642146314705035
150000000,28952599,1642146314805123
120000000,29702955,1642146314904930
96000000,19049374,1642146315004954
76800000,19928123,1642146315104937
61440000,4639495,1642146315205146
49152000,11007383,1642146315304967
39321000,26140207,1642146315405034
31456000,18466726,1642146315505027
30000000,13618298,1642146315605022
30000000,10120884,1642146315704922
30000000,30000000,1642146315804993
30000000,30000000,1642146315905152
90000000,26174050,1642146316004958
150000000,25984952,1642146316104834
120000000,20274407,1642146316205171
96000000,29901064,1642146316304883
76800000,27036245,1642146316404959
61440000,59664372,1642146316504859
61440000,19646189,1642146316604966
49152000,15558363,1642146316704982
39321000,29818296,1642146316805044
31456000,12021261,1642146316904960
30000000,10391906,1642146317005126
30000000,21241804,1642146317104887
30000000,9130487,1642146317205123
30000000,21015589,1642146317304897
30000000,30000000,1642146317404888
30000000,30000000,1642146317504794
90000000,90000000,1642146317604768
150000000,38978124,1642146317705055
210000000,43362449,1642146317804981
168000000,20763076,1642146317905149
134400000,17954854,1642146318005068
107520000,22054340,1642146318104938
86016000,17954609,1642146318205134
68812000,62304467,1642146318304825
68812000,40227764,1642146318404994
55049000,33974825,1642146318505091
44039000,28964835,1642146318605046
35231000,21091801,1642146318704967
30000000,30000000,1642146318805046
30000000,27394021,1642146318904931
90000000,18172478,1642146319001265
72000000,17715399,1642146319104837
57600000,16608436,1642146319205056
46080000,19926620,1642146319305099
36864000,9989931,1642146319405106
30000000,30000000,1642146319504829
30000000,30000000,1642146319604916
90000000,39244540,1642146319704887
150000000,19880832,1642146319805171
120000000,15705841,1642146319905117
96000000,23445361,1642146320005136
76800000,13819376,1642146320105093
61440000,16987859,1642146320205088
49152000,15538981,1642146320305112
39321000,39321000,1642146320404815
39321000,34113373,1642146320504835
99321000,34030912,1642146320604908
79456000,41060080,1642146320704919
63564000,4676084,1642146320804805
50851000,14254457,1642146320901219
40680000,23109378,1642146321004824
32544000,15315090,1642146321104889
30000000,17816372,1642146321204848
30000000,30000000,1642146321305713
30000000,21484033,1642146321404895
90000000,19145490,1642146321505063
72000000,20752541,1642146321605110
57600000,46157805,1642146321704933
57600000,23300229,1642146321804805
46080000,35087001,1642146321904965
36864000,19079743,1642146322005168
30000000,10080757,1642146322105135
30000000,4543730,1642146322204870
30000000,22257489,1642146322304842
30000000,12225812,1642146322404806
30000000,10129255,1642146322504774
30000000,15156423,1642146322605161
30000000,19436313,1642146322705032
30000000,21309180,1642146322804820
30000000,14537757,1642146322904851
30000000,21102764,1642146323005247
30000000,9828242,1642146323104874
30000000,16052866,1642146323204793
30000000,30000000,1642146323304722
30000000,30000000,1642146323405022
90000000,21744334,1642146323504768
150000000,25322805,1642146323604765
120000000,34974758,1642146323705032
96000000,9224248,1642146323804766
76800000,24835255,1642146323904805
61440000,21837124,1642146324004831
49152000,4558302,1642146324101284
39321000,19628236,1642146324204831
31456000,11504987,1642146324304873
30000000,20779832,1642146324404852
30000000,22727302,1642146324504872
30000000,30000000,1642146324604856
30000000,30000000,1642146324704767
90000000,30936385,1642146324804782
150000000,23197024,1642146324904985
120000000,14744958,1642146325004980
96000000,23288606,1642146325104815
76800000,13611448,1642146325204989
61440000,23029312,1642146325304922
49152000,29709583,1642146325405093
39321000,14681752,1642146325505030
31456000,19155503,1642146325604838
30000000,5791750,1642146325704834
30000000,18470594,1642146325804717
30000000,22234484,1642146325904858
30000000,22756537,1642146326004858
30000000,14596224,1642146326104718
30000000,26954196,1642146326205031
30000000,30000000,1642146326304758
90000000,40642512,1642146326404869
150000000,34482516,1642146326505088
120000000,27978370,1642146326604817
96000000,17745265,1642146326704958
76800000,8176092,1642146326804909
61440000,17029751,1642146326904760
49152000,20062810,1642146327004843
39321000,14206872,1642146327104992
31456000,26008847,1642146327204695
31456000,28127727,1642146327305011
31456000,31456000,1642146327404826
31456000,31456000,1642146327504665
91456000,91456000,1642146327604902
151456000,25271499,1642146327704962
211456000,21118410,1642146327804764
169164000,21485672,1642146327904937
135331000,81387457,1642146328001076
108264000,90509541,1642146328104971
108264000,53639150,1642146328204888
86611000,86611000,1642146328304940
86611000,86611000,1642146328405072
146611000,106627145,1642146328505016
206611000,55333933,1642146328604719
165288000,105820036,1642146328704952
132230000,84260537,1642146328804883
105784000,105784000,1642146328904833
105784000,105784000,1642146329004687
161602000,77227740,1642146329104984
189050000,59911699,1642146329205004
151240000,97319722,1642146329304976
120992000,67499697,1642146329404966
96793000,67273710,1642146329504728
77434000,77434000,1642146329604771
77434000,77434000,1642146329705018
137434000,137434000,1642146329804975
139124000,127156887,1642146329905111
199124000,147611142,1642146330004919
159299000,115536430,1642146330104658
127439000,116223919,1642146330204656
127439000,106693833,1642146330304560
134735000,113586035,1642146330404689
134735000,123313991,1642146330504767
134735000,88747182,1642146330605030
107788000,80727805,1642146330704868
86230000,86230000,1642146330804967
86230000,86230000,1642146330904826
127889000,127889000,1642146331005014
187889000,68179182,1642146331104608
247889000,67669640,1642146331204662
198311000,127685423,1642146331304858
158648000,115857362,1642146331404720
126918000,80608980,1642146331504644
101534000,101534000,1642146331604989
101534000,84585113,1642146331704952
101534000,101534000,1642146331804941
101534000,101534000,1642146331904882
101534000,101534000,1642146332004952
118549000,118549000,1642146332104816
178549000,123591622,1642146332204646
217330000,80349141,1642146332304550
173864000,108187686,1642146332404837
139091000,91678629,1642146332504672
111272000,111272000,1642146332604599
111272000,111272000,1642146332704799
111272000,108648073,1642146332804647
121586000,121586000,1642146332904642
160634000,158582581,1642146333004626
160634000,88297599,1642146333104610
181647000,138591534,1642146333204534
145317000,145317000,1642146333304728
145317000,105340100,1642146333404706
116253000,116253000,1642146333504632
116253000,116253000,1642146333604618
116253000,116253000,1642146333704566
128917000,128917000,1642146333804830
137525000,102455554,1642146333904795
173671000,122493008,1642146334004771
138936000,121985402,1642146334104895
138936000,76870828,1642146334204869
111148000,110063189,1642146334304688
111148000,111148000,1642146334404910
111148000,106434883,1642146334504827
147261000,118057091,1642146334604841
147261000,132862843,1642146334704712
147261000,117121484,1642146334804705
117808000,117808000,1642146334904645
117808000,114749124,1642146335004794
128042000,128042000,1642146335104523
128042000,121242567,1642146335204752
154491000,114090451,1642146335304579
123592000,111680355,1642146335404820
123592000,111182600,1642146335505039
123592000,123592000,1642146335604887
123592000,91204132,1642146335704679
98873000,98873000,1642146335804835
98873000,98873000,1642146335904482
158873000,144783106,1642146336004592
158873000,127079982,1642146336104709
169427000,93833989,1642146336204542
135541000,61788309,1642146336305478
108432000,57643626,1642146336404702
86745000,13600037,1642146336504533
69396000,69396000,1642146336604553
69396000,69396000,1642146336704566
129396000,120703474,1642146336804920
189396000,128124901,1642146336904736
151516000,89484875,1642146337004834
121212000,121212000,1642146337100917
121212000,121212000,1642146337204776
121212000,121212000,1642146337304952
171279000,171279000,1642146337404895
180455000,157920537,1642146337504495
180455000,134378256,1642146337604676
144364000,79902683,1642146337704523
115491000,92815176,1642146337804880
115491000,37007236,1642146337904945
92392000,19023239,1642146338004550
73913000,18921557,1642146338104902
59130000,16978269,1642146338204848
47304000,23197076,1642146338304821
37843000,29182083,1642146338404768
30274000,17149038,1642146338504497
30000000,24100984,1642146338604715
30000000,30000000,1642146338704710
30000000,25480979,1642146338804689
90000000,24359535,1642146338904846
72000000,28945886,1642146339004680
57600000,27247930,1642146339104551
46080000,16655821,1642146339204575
36864000,29760495,1642146339304777
36864000,35335384,1642146339404643
36864000,19155070,1642146339504512
30000000,26470513,1642146339604501
30000000,25903001,1642146339704762
30000000,30000000,1642146339804618
30000000,22335874,1642146339904478
90000000,29780656,1642146340004566
72000000,24271062,1642146340104428
57600000,18847492,1642146340204592
46080000,13184456,1642146340304551
36864000,17035363,1642146340404491
30000000,19947368,1642146340504686
30000000,11386696,1642146340604494
30000000,18312859,1642146340704769
30000000,15375749,1642146340804404
30000000,10114404,1642146340904656
30000000,4541572,1642146341004699
30000000,30000000,1642146341104550
30000000,30000000,1642146341204544
90000000,32269280,1642146341305587
150000000,29411361,1642146341404430
120000000,8749783,1642146341504724
96000000,13804680,1642146341604690
76800000,14296664,1642146341704665
61440000,27491215,1642146341804652
49152000,40949710,1642146341904789
49152000,33686749,1642146342004680
39321000,28965109,1642146342104674
31456000,31456000,1642146342204830
31456000,31456000,1642146342304485
91456000,19863674,1642146342404421
151456000,22653030,1642146342504486
121164000,15946991,1642146342604514
96931000,14341804,1642146342704406
77544000,24938718,1642146342804456
62035000,14939456,1642146342904435
49628000,49628000,1642146343004577
