0	30000
14891	43200
2973	30000
169	30000
218	30000
762	30000
12374	30000
42626	55373
95509	99593
56104	44430
15307	30000
47940	75172
9187	30000
1624	30000
2929	30000
1403	30000
692	30000
27995	78000
98905	109000
100190	104000
103996	102171
15854	65388
0	65388
0	65388
0	65388
0	65388
0	65388
0	65388
0	65388
0	65388
0	65388
0	65388
0	65388
20482	39668
41690	49586
17093	30000
1385	30000
2054	30000
36232	37736
48805	49586
50204	49586
42846	49586
12794	49586
0	49586
0	49586
0	49586
0	49586
0	49586
0	49586
0	49586
0	49586
0	49586
0	49586
0	49586
0	49586
0	49586
0	49586
0	49586
46886	48780
38386	72780
3465	54259
12	43407
215	30000
2900	30000
1126	30000
4625	33600
1081	30000
48	30000
340	30000
39	30000
9305	30000
34871	48780
50459	48780
54131	39024
41624	48780
55896	60486
55498	52678
24143	47785
59999	55588
12778	30000
444	30000
193	30000
2274	30000
1757	30000
517	30000
21113	30000
40840	48780
49429	48780
49188	48780
49258	48780
50610	48780
47037	48780
49574	48780
49614	48780
55460	58530
2382	58529
0	58529
0	58529
0	58529
0	58529
0	58529
0	58529
0	58529
0	58529
0	58529
0	58529
0	58529
0	58529
0	58529
0	58529
0	58529
0	58529
0	58529
0	58529
0	58529
0	58529
0	58529
19140	46823
54382	97653
236	49997
1406	30000
1794	30000
15	30000
1543	30000
445	30000
1082	30000
555	30000
481	30000
71753	112589
101399	107589
42073	56836
44533	48780
45445	39024
3287	30000
24948	30000
41879	42619
51508	49510
80485	117729
54027	89813
0	89813
0	89813
0	89813
0	89813
0	89813
0	89813
0	89813
0	89813
0	89813
0	89813
0	89813
0	89813
0	89813
0	89813
0	89813
0	89813
0	89813
0	89813
0	89813
0	89813
0	89813
0	89813
0	89813
0	89813
0	89813
0	89813
0	89813
0	89813
0	89813
0	89813
0	89813
0	89813
0	89813
0	89813
0	89813
0	89813
0	89813
0	89813
14960	57480
57090	91360
7650	37420
1722	30000
491	30000
441	30000
650	30000
9	30000
189	30000
1309	30000
1368	30000
293	30000
896	30000
1162	30000
19739	30000
42557	48780
51202	48780
50769	48780
51992	48780
76917	77192
86629	98944
88179	91858
33634	53518
50441	89293
2254	64203
734	30000
1361	30000
2395	30000
21080	30000
43551	48780
49545	48780
49535	48780
49057	48780
51979	48780
48354	48877
55568	58632
24987	48600
0	48600
0	48600
0	48600
0	48600
0	48600
0	48600
0	48600
0	48600
0	48600
0	48600
0	48600
0	48600
0	48600
0	48600
0	48600
0	48600
0	48600
0	48600
0	48600
0	48600
0	48600
0	48600
0	48600
12453	38880
52633	53826
12786	41361
2099	30000
1900	30000
7	30000
201	30000
1703	30000
524	30000
815	30000
245	30000
404	30000
21311	37230
42775	48780
49980	48780
49318	48780
51617	48780
51169	48780
46526	39024
29168	40718
45375	48780
5810	30000
1476	30000
3480	30000
27594	37230
45155	48780
49144	48780
51254	48780
49394	48780
1904	39024
0	39024
0	39024
0	39024
0	39024
0	39024
0	39024
0	39024
0	39024
0	39024
0	39024
0	39024
0	39024
0	39024
0	39024
0	39024
0	39024
0	39024
0	39024
0	39024
0	39024
0	39024
0	39024
0	39024
0	39024
0	39024
0	39024
0	39024
0	39024
0	39024
0	39024
0	39024
0	39024
0	39024
