366170112.0	418570240.0
366170112.0	418570240.0
366170112.0	418570240.0
366170112.0	418570240.0
366170112.0	418570240.0
366170112.0	418570240.0
366170112.0	418570240.0
366170112.0	418570240.0
367251456.0	418570240.0
383119360.0	418570240.0
383143936.0	418570240.0
384757760.0	418570240.0
384176128.0	418570240.0
386060288.0	418570240.0
385871872.0	418570240.0
391233536.0	418570240.0
401846272.0	418570240.0
402817024.0	418570240.0
402898944.0	418570240.0
403202048.0	418570240.0
403202048.0	418570240.0
398422016.0	418570240.0
398422016.0	418570240.0
398422016.0	418570240.0
398471168.0	418570240.0
399638528.0	418570240.0
399523840.0	418570240.0
399523840.0	418570240.0
399826944.0	418570240.0
400625664.0	418570240.0
401686528.0	418570240.0
403836928.0	418570240.0
402800640.0	418570240.0
403390464.0	418570240.0
403034112.0	418570240.0
403034112.0	418570240.0
395751424.0	418570240.0
395636736.0	418570240.0
395636736.0	418570240.0
395636736.0	418570240.0
395554816.0	418570240.0
395554816.0	418570240.0
395554816.0	418570240.0
395554816.0	418570240.0
395554816.0	418570240.0
395554816.0	418570240.0
397611008.0	418570240.0
396255232.0	418570240.0
396255232.0	418570240.0
396255232.0	418570240.0
396255232.0	418570240.0
396255232.0	418570240.0
396259328.0	418570240.0
396259328.0	418570240.0
396795904.0	418570240.0
397303808.0	418570240.0
396939264.0	418570240.0
397033472.0	418570240.0
415584256.0	418570240.0
415571968.0	418570240.0
415571968.0	418570240.0
397107200.0	418570240.0
397107200.0	418570240.0
397107200.0	418570240.0
397107200.0	418570240.0
397107200.0	418570240.0
397627392.0	418570240.0
397611008.0	418570240.0
398004224.0	418570240.0
398094336.0	418570240.0
410816512.0	418570240.0
427696128.0	439050240.0
433598464.0	439050240.0
433053696.0	459530240.0
433213440.0	459530240.0
434155520.0	459530240.0
429314048.0	459530240.0
429088768.0	459530240.0
429187072.0	459530240.0
429187072.0	459530240.0
429187072.0	459530240.0
417595392.0	459530240.0
417595392.0	459530240.0
417595392.0	459530240.0
417595392.0	459530240.0
417595392.0	459530240.0
417513472.0	459530240.0
417513472.0	459530240.0
417775616.0	459530240.0
417595392.0	459530240.0
417816576.0	459530240.0
403353600.0	459530240.0
403394560.0	459530240.0
403394560.0	459530240.0
403394560.0	459530240.0
403394560.0	459530240.0
403394560.0	459530240.0
403394560.0	459530240.0
403312640.0	455823360.0
403312640.0	455823360.0
403312640.0	455823360.0
403312640.0	455823360.0
403312640.0	455823360.0
403312640.0	455823360.0
403312640.0	455823360.0
403312640.0	455823360.0
403312640.0	455823360.0
403312640.0	455823360.0
403312640.0	455823360.0
403312640.0	455823360.0
403312640.0	455823360.0
403312640.0	455823360.0
403312640.0	455823360.0
403312640.0	455823360.0
403312640.0	455823360.0
403312640.0	455823360.0
403312640.0	455741440.0
403312640.0	455741440.0
403312640.0	455741440.0
403312640.0	455741440.0
