39526400	268435456
36192256	268435456
36192256	268435456
39124992	88621056
86986752	88621056
134701056	150061056
40124416	150061056
39911424	150061056
131289088	150061056
43134976	150061056
40628224	150061056
40685568	150061056
40685568	150061056
40820736	150061056
40775680	150061056
40775680	93249536
40775680	93249536
40775680	93249536
40775680	93249536
40775680	93249536
40775680	93249536
40775680	93249536
40775680	93249536
40894464	93249536
40894464	93249536
40894464	93249536
40894464	93249536
40906752	93249536
40906752	93249536
40906752	93249536
40939520	93249536
40939520	93249536
40939520	93249536
40923136	93249536
40923136	93249536
40923136	93249536
40923136	93249536
40923136	93249536
40923136	93249536
40923136	93249536
40923136	93249536
40923136	93249536
40923136	93249536
40923136	93249536
40923136	93249536
40923136	93249536
40923136	93249536
40923136	93249536
40923136	93249536
40923136	93249536
40923136	93249536
40923136	93249536
40923136	93249536
40964096	93249536
40964096	93249536
40964096	93249536
40964096	93249536
40964096	93249536
40964096	93249536
40964096	93249536
40964096	93249536
40964096	93249536
40964096	93249536
40964096	93249536
40964096	93249536
40964096	93249536
40964096	93249536
40964096	93249536
40964096	93249536
40947712	93249536
40947712	93249536
40947712	93249536
40947712	93249536
40947712	93249536
40947712	93249536
40947712	93249536
40947712	93249536
40947712	93249536
40947712	93249536
40947712	93249536
40947712	93249536
40947712	93249536
40947712	93249536
40947712	93249536
40955904	93249536
40955904	93249536
40955904	93249536
40955904	93249536
40955904	93249536
40955904	93249536
40955904	93249536
40955904	93249536
40955904	93249536
40955904	93249536
40955904	93249536
40955904	93249536
40955904	93249536
40955904	93249536
40955904	93249536
40955904	93249536
40955904	93249536
40955904	93249536
40955904	93249536
40955904	93249536
40955904	93249536
40955904	93249536
40955904	93249536
40955904	93249536
40955904	93249536
40955904	93249536
40955904	93249536
40955904	93249536
40955904	93249536
40955904	93249536
40955904	93249536
40955904	93249536
40955904	93249536
40955904	93249536
40955904	93249536
40955904	93249536
40955904	93249536
40955904	93249536
40955904	93249536
40955904	93249536
40955904	93249536
40955904	93249536
40955904	93249536
40955904	93249536
40955904	93249536
40955904	93249536
40955904	93249536
40955904	93249536
40955904	93249536
40955904	93249536
40955904	93249536
40955904	93249536
40955904	93249536
40955904	93249536
40955904	93249536
40955904	93249536
40955904	93249536
40955904	93249536
40955904	93249536
40955904	93249536
40955904	93249536
40955904	93249536
40955904	93249536
40955904	93249536
40955904	93249536
40955904	93249536
40955904	93249536
40955904	93249536
40955904	93249536
40955904	93249536
40955904	93249536
40955904	93249536
40955904	93249536
40955904	93249536
40955904	93249536
40955904	93249536
40955904	93249536
40955904	93249536
40955904	93249536
40955904	93249536
40955904	93249536
40955904	93249536
40955904	93249536
40955904	93249536
40955904	93249536
40955904	93249536
40955904	93249536
40960000	93249536
40955904	93249536
40955904	93249536
40955904	93249536
40955904	93249536
40955904	93249536
40955904	93249536
40955904	93249536
40955904	93249536
40955904	93249536
40955904	93249536
40955904	93249536
40955904	93249536
40955904	93249536
40955904	93249536
40955904	93249536
40955904	93249536
40955904	93249536
40955904	93249536
40955904	93249536
40955904	93249536
40955904	93249536
40955904	93249536
40955904	93249536
40955904	93249536
40955904	93249536
40955904	93249536
40955904	93249536
40955904	93249536
40955904	93249536
40955904	93249536
40955904	93249536
40955904	93249536
40955904	93249536
40955904	93249536
40955904	93249536
-1	-1
43573248	96178176
43573248	96178176
43556864	96178176
43556864	96178176
43556864	96178176
141758464	157618176
141709312	157618176
44101632	157618176
44101632	157618176
44101632	157618176
44085248	157618176
44085248	157618176
44085248	157618176
44085248	96514048
44085248	96514048
44085248	96514048
44085248	96514048
44085248	96514048
44085248	96514048
44085248	96514048
137502720	137474048
44576768	157954048
44576768	157954048
44576768	157954048
44576768	157954048
44560384	157954048
44560384	157954048
44560384	157954048
44560384	96989184
44589056	96989184
44589056	96989184
44589056	96989184
44589056	96989184
44589056	96989184
44589056	96989184
44589056	96989184
44589056	96989184
44589056	96989184
97546240	117469184
146108416	158429184
45076480	158429184
45076480	158429184
45076480	97505280
45191168	97505280
154021888	158945280
45641728	158945280
45641728	158945280
45641728	158945280
45641728	158945280
45625344	158945280
45625344	158945280
45625344	158945280
45649920	158945280
46297088	158945280
148901888	158945280
47968256	158945280
45592576	158945280
45576192	158945280
45576192	158945280
45576192	158945280
45576192	158945280
45576192	158945280
156622848	158945280
48115712	158945280
48115712	158945280
48115712	158945280
48115712	158945280
48099328	158945280
48099328	158945280
48099328	158945280
48099328	158945280
48099328	100528128
48123904	100528128
48123904	100528128
48123904	100528128
48123904	100528128
48123904	100528128
48107520	100528128
48107520	100528128
48107520	100528128
48107520	100528128
46063616	100528128
45748224	100528128
45748224	100528128
46739456	100528128
140304384	140275712
147021824	160755712
48713728	160755712
103571456	160755712
51576832	160755712
48648192	160755712
48631808	160755712
48631808	160755712
48631808	160755712
48631808	160755712
48631808	160755712
48631808	160755712
48631808	160755712
48631808	160755712
48631808	101060608
48631808	101060608
48631808	101060608
48631808	101060608
48631808	101060608
48631808	101060608
48648192	101060608
48648192	101060608
48648192	101060608
48648192	101060608
46276608	101060608
144019456	162500608
143843328	162500608
46370816	162500608
46702592	101216256
154939392	162656256
46678016	162656256
46678016	162656256
46678016	162656256
46678016	162656256
46678016	162656256
46661632	162656256
46661632	162656256
46661632	162656256
46661632	162656256
46661632	162656256
46661632	162656256
46661632	162656256
46661632	162656256
46661632	99090432
46661632	99090432
46661632	99090432
46661632	99090432
46661632	99090432
46661632	99090432
46792704	99090432
46678016	99090432
46678016	99090432
46678016	99090432
46678016	99090432
46661632	99090432
46661632	99090432
46661632	99090432
46661632	99090432
46661632	99090432
46661632	99090432
46661632	99090432
46686208	99090432
46686208	99090432
46686208	99090432
46686208	99090432
47022080	99090432
127598592	140050432
148336640	160530432
47353856	160530432
47353856	160530432
47222784	160530432
47206400	99651584
47206400	99651584
47206400	99651584
47206400	99651584
47206400	99651584
47206400	99651584
47206400	99651584
140087296	140611584
47751168	161091584
47751168	161091584
50372608	161091584
147877888	161091584
50249728	161091584
50241536	161091584
47874048	161091584
47874048	102785024
47874048	102785024
47857664	102785024
47857664	102785024
47857664	102785024
47857664	102785024
47857664	102785024
48447488	102785024
126836736	143745024
153665536	164225024
48308224	164225024
48308224	164225024
48308224	164225024
48291840	164225024
48291840	100720640
48291840	100720640
48291840	100720640
48291840	100720640
48308224	100720640
48308224	100720640
48308224	100720640
48308224	100720640
48308224	100720640
48291840	100720640
48291840	100720640
48291840	100720640
48291840	100720640
51847168	100720640
121229312	121200640
149831680	162160640
49176576	162160640
159502336	162160640
51367936	162160640
51367936	162160640
51367936	162160640
51367936	162160640
51367936	162160640
51367936	162160640
51367936	162160640
51367936	162160640
51367936	162160640
51511296	162160640
51384320	106418176
51384320	106418176
51384320	106418176
51384320	106418176
51367936	106418176
51367936	106418176
51367936	106418176
51384320	106418176
51384320	106418176
49008640	106418176
49008640	106418176
49008640	106418176
48992256	106418176
48992256	106418176
48992256	101421056
48992256	101421056
48992256	101421056
48992256	101421056
48992256	101421056
48992256	101421056
48992256	101421056
75874304	101421056
150355968	162861056
49524736	162861056
49897472	162861056
51806208	162861056
160194560	162861056
51908608	162861056
51908608	162861056
51908608	104337408
51908608	104337408
51892224	104337408
51998720	104337408
51908608	104337408
51908608	104337408
51916800	104337408
51916800	104337408
51916800	104337408
49553408	104337408
49553408	104337408
49553408	104337408
49553408	104337408
49537024	104337408
49864704	101982208
50061312	101982208
50565120	101982208
85364736	101982208
150933504	163422208
147386368	163422208
49987584	163422208
160509952	163422208
52195328	163422208
52195328	163422208
52195328	163422208
52195328	163422208
54927360	163422208
52236288	163422208
52236288	104665088
52236288	104665088
52269056	104665088
52269056	104665088
104693760	104665088
151191552	166105088
50241536	166105088
50241536	166105088
50225152	166105088
50225152	166105088
50225152	166105088
50225152	166105088
161116160	166105088
52822016	166105088
52822016	105250816
52822016	105250816
55312384	105250816
52822016	105250816
52822016	105250816
50450432	105250816
50450432	105250816
148340736	166690816
148332544	166690816
50847744	166690816
50847744	166690816
50847744	166690816
50847744	166690816
50831360	166690816
50831360	166690816
50831360	103260160
50831360	103260160
52719616	103260160
103288832	103260160
51548160	164700160
51433472	164700160
51433472	164700160
51433472	164700160
51417088	164700160
51417088	164700160
51417088	164700160
51417088	164700160
51552256	164700160
51437568	164700160
51437568	103981056
51437568	103981056
51437568	103981056
51421184	103981056
51421184	103981056
51421184	103981056
51421184	103981056
51421184	103981056
51421184	103981056
51421184	103981056
51421184	103981056
51421184	103981056
51421184	103981056
51421184	103981056
51421184	103849984
51421184	103849984
51421184	103849984
51421184	103849984
51421184	103849984
51421184	103849984
51421184	103849984
51421184	103849984
51421184	103849984
