85551.0	112320.0
81838.0	73379.0
89430.0	154703.0
290.0	30000.0
1808.0	30000.0
342.0	30000.0
259.0	30000.0
350.0	30000.0
267.0	30000.0
359.0	30000.0
26.0	30000.0
23832.0	54000.0
91041.0	109000.0
48472.0	38010.0
273.0	30000.0
341.0	30000.0
1413.0	30000.0
18225.0	66000.0
84585.0	136800.0
48.0	70041.0
31.0	56032.0
29.0	44825.0
72.0	30000.0
41.0	30000.0
29.0	30000.0
34.0	30000.0
1086.0	30000.0
43.0	30000.0
25.0	30000.0
31.0	30000.0
52.0	30000.0
65.0	30000.0
22.0	30000.0
39.0	30000.0
43.0	30000.0
54.0	30000.0
44.0	30000.0
57.0	30000.0
57.0	30000.0
4268.0	33600.0
40.0	30000.0
69.0	30000.0
49.0	30000.0
59.0	30000.0
66.0	30000.0
3912.0	33600.0
28.0	30000.0
2345.0	30000.0
69680.0	114000.0
86930.0	116000.0
72.0	74240.0
2288.0	47513.0
47.0	30408.0
42.0	30000.0
50.0	30000.0
39.0	30000.0
81.0	30000.0
1505.0	30000.0
57336.0	102000.0
44225.0	49152.0
237.0	30000.0
301.0	30000.0
391.0	30000.0
416.0	30000.0
152.0	30000.0
51.0	30000.0
45.0	30000.0
741.0	30000.0
44.0	30000.0
45.0	30000.0
29.0	30000.0
29.0	30000.0
66.0	30000.0
30.0	30000.0
79.0	30000.0
31.0	30000.0
43.0	30000.0
3292.0	30000.0
35.0	30000.0
42.0	30000.0
4956.0	30000.0
2209.0	30000.0
51318.0	90000.0
111821.0	133000.0
35.0	92800.0
40.0	74240.0
3173.0	30000.0
95.0	30000.0
145.0	30000.0
394.0	30000.0
1116.0	30000.0
209.0	30000.0
226.0	30000.0
3404.0	30000.0
86308.0	138000.0
52.0	96000.0
47.0	76800.0
36.0	49152.0
429.0	31456.0
2762.0	30000.0
31.0	30000.0
32.0	30000.0
27.0	30000.0
44.0	30000.0
69.0	30000.0
7344.0	54000.0
25742.0	78000.0
96635.0	109000.0
48594.0	38010.0
314.0	30000.0
394.0	30000.0
395.0	30000.0
387.0	30000.0
221.0	30000.0
29.0	30000.0
41595.0	90000.0
38300.0	88320.0
44.0	70656.0
43.0	56524.0
51.0	45219.0
69.0	30000.0
33.0	30000.0
43.0	30000.0
42.0	30000.0
49.0	30000.0
43.0	30000.0
43.0	30000.0
3513.0	30000.0
52.0	30000.0
41.0	30000.0
55.0	30000.0
43.0	30000.0
73.0	30000.0
49.0	30000.0
48.0	30000.0
28.0	30000.0
43.0	30000.0
3984.0	30000.0
68.0	30000.0
46.0	30000.0
46.0	30000.0
47.0	30000.0
359.0	30000.0
51.0	30000.0
51.0	30000.0
30.0	30000.0
728.0	30000.0
2472.0	30000.0
20297.0	33792.0
43152.0	78000.0
106441.0	121000.0
4717.0	30000.0
12496.0	42000.0
118636.0	174000.0
450.0	89088.0
29.0	71270.0
32.0	57016.0
44.0	45612.0
77.0	30000.0
50.0	30000.0
49.0	30000.0
48.0	30000.0
39.0	30000.0
30.0	30000.0
4077.0	30000.0
1079.0	30000.0
1960.0	30000.0
16111.0	30000.0
32068.0	78000.0
97761.0	109000.0
79381.0	92800.0
446.0	30000.0
544.0	30000.0
51868.0	102000.0
52435.0	96000.0
71.0	76800.0
49.0	61440.0
31.0	49152.0
23.0	39321.0
11.0	31456.0
859.0	31456.0
35.0	30000.0
54.0	30000.0
57.0	30000.0
474.0	30000.0
47.0	30000.0
55.0	30000.0
8728.0	30000.0
78927.0	114000.0
98666.0	145000.0
3300.0	30408.0
24913.0	66000.0
60013.0	120000.0
1222.0	61440.0
40.0	39321.0
15.0	31456.0
6672.0	43200.0
29.0	34560.0
39.0	30000.0
70.0	30000.0
233.0	30000.0
4575.0	30000.0
77597.0	114000.0
84353.0	116000.0
2287.0	38010.0
81001.0	126408.0
1385.0	120326.0
38.0	77008.0
30.0	61606.0
33.0	39427.0
599.0	30000.0
570.0	30000.0
42.0	30000.0
43.0	30000.0
23.0	30000.0
61.0	30000.0
37.0	30000.0
2421.0	30000.0
29.0	30000.0
34.0	30000.0
35.0	30000.0
46.0	30000.0
68.0	30000.0
32.0	30000.0
1492.0	30000.0
33245.0	52800.0
102029.0	112800.0
25630.0	60948.0
27.0	48758.0
43.0	39006.0
77.0	31204.0
37.0	30000.0
40.0	30000.0
26.0	30000.0
30320.0	78000.0
55585.0	120000.0
20.0	96000.0
53.0	61440.0
29.0	49152.0
29.0	39321.0
1318.0	30000.0
21.0	30000.0
47.0	30000.0
37.0	30000.0
1772.0	30000.0
32655.0	78000.0
103529.0	109000.0
26899.0	68096.0
24.0	54476.0
43.0	43580.0
87.0	30000.0
42.0	30000.0
41.0	30000.0
21.0	30000.0
6229.0	30000.0
78276.0	150000.0
197.0	96000.0
38.0	76800.0
50.0	61440.0
79.0	49152.0
51.0	39321.0
28.0	31456.0
64.0	30000.0
39.0	30000.0
30.0	30000.0
743.0	30000.0
30.0	30000.0
39.0	30000.0
24.0	30000.0
11.0	30000.0
1062.0	30000.0
29.0	30000.0
58.0	30000.0
52.0	30000.0
40.0	30000.0
55.0	30000.0
37.0	30000.0
43.0	30000.0
43.0	30000.0
27.0	30000.0
85.0	30000.0
49.0	30000.0
40.0	30000.0
2771.0	42000.0
46.0	33600.0
66.0	30000.0
52.0	30000.0
65.0	30000.0
70.0	30000.0
50.0	30000.0
60.0	30000.0
1616.0	30000.0
13813.0	42000.0
74119.0	110400.0
68672.0	93696.0
18286.0	54000.0
67395.0	120000.0
33.0	76800.0
81.0	49152.0
61.0	39321.0
489.0	30000.0
26.0	30000.0
44.0	30000.0
35.0	30000.0
31.0	30000.0
51.0	30000.0
29.0	30000.0
55.0	30000.0
3243.0	30000.0
51.0	30000.0
2165.0	30000.0
35.0	30000.0
22.0	30000.0
65.0	30000.0
39.0	30000.0
2555.0	30000.0
50245.0	90000.0
108127.0	133000.0
38.0	92800.0
2985.0	47513.0
1505.0	30000.0
77764.0	126000.0
10524.0	96000.0
21.0	76800.0
36.0	61440.0
14.0	49152.0
183.0	49152.0
32.0	39321.0
41.0	31456.0
1926.0	30000.0
32.0	30000.0
53.0	30000.0
309.0	30000.0
61.0	30000.0
42.0	30000.0
785.0	30000.0
55.0	30000.0
2304.0	30000.0
77613.0	114000.0
75779.0	116000.0
786.0	59392.0
28.0	47513.0
78.0	30408.0
44.0	30000.0
30.0	30000.0
38.0	30000.0
41.0	30000.0
36.0	30000.0
21.0	30000.0
35.0	30000.0
35.0	30000.0
41.0	30000.0
14268.0	54000.0
44791.0	81792.0
34701.0	103833.0
31.0	83066.0
612.0	53161.0
29.0	42528.0
37.0	34022.0
59.0	30000.0
54.0	30000.0
59.0	30000.0
35.0	30000.0
42.0	30000.0
29.0	30000.0
50.0	30000.0
29.0	30000.0
2102.0	30000.0
51.0	30000.0
29.0	30000.0
10.0	30000.0
37.0	30000.0
2648.0	30000.0
44.0	30000.0
42.0	30000.0
52.0	30000.0
43.0	30000.0
73.0	30000.0
43.0	30000.0
23.0	30000.0
42.0	30000.0
23.0	30000.0
34.0	30000.0
2458.0	33600.0
65.0	30000.0
51.0	30000.0
984.0	30000.0
27.0	30000.0
83.0	30000.0
31.0	30000.0
476.0	30000.0
723.0	30000.0
8083.0	42000.0
85119.0	109000.0
68384.0	145000.0
1824.0	92800.0
9870.0	42000.0
68147.0	110400.0
24.0	70656.0
223.0	45219.0
41.0	45219.0
1769.0	30000.0
49.0	30000.0
48.0	30000.0
43.0	30000.0
30.0	30000.0
94.0	30000.0
29.0	30000.0
60.0	30000.0
42.0	30000.0
35372.0	78000.0
99379.0	109000.0
38290.0	92800.0
42.0	59392.0
52.0	47513.0
42.0	38010.0
13.0	38010.0
3749.0	30000.0
31088.0	57792.0
86642.0	123033.0
58.0	78740.0
44.0	62992.0
46.0	50393.0
90.0	32251.0
55.0	30000.0
43.0	30000.0
927.0	30000.0
42.0	30000.0
32.0	30000.0
1557.0	30000.0
43.0	30000.0
21.0	30000.0
1144.0	30000.0
66846.0	114000.0
91111.0	116000.0
67743.0	119392.0
14974.0	91770.0
30.0	73416.0
48.0	58732.0
50.0	46985.0
30.0	37588.0
409.0	30000.0
54.0	30000.0
28.0	30000.0
49.0	30000.0
44.0	30000.0
29.0	30000.0
2232.0	30000.0
17949.0	54000.0
92516.0	109000.0
42841.0	74240.0
68.0	59392.0
82.0	38010.0
59.0	30000.0
45.0	30000.0
62.0	30000.0
36.0	30000.0
45.0	30000.0
26.0	30000.0
31.0	30000.0
29.0	30000.0
3959.0	30000.0
92169.0	138000.0
15508.0	82944.0
46.0	66355.0
37.0	53084.0
1185.0	30000.0
20.0	30000.0
195.0	30000.0
45.0	30000.0
90.0	30000.0
37.0	30000.0
600.0	30000.0
60.0	30000.0
27.0	30000.0
6.0	30000.0
6.0	30000.0
14.0	30000.0
1791.0	30000.0
29.0	30000.0
43.0	30000.0
39.0	30000.0
44.0	30000.0
515.0	30000.0
626.0	30000.0
1029.0	30000.0
42890.0	90000.0
104065.0	133000.0
1562.0	30000.0
2835.0	30000.0
53300.0	102000.0
39438.0	96000.0
7.0	76800.0
188.0	61440.0
32.0	49152.0
1203.0	30000.0
38.0	30000.0
1596.0	30000.0
12435.0	42000.0
83101.0	114000.0
59405.0	106400.0
59.0	54476.0
49.0	43580.0
28.0	34864.0
65.0	30000.0
44440.0	90000.0
37762.0	120000.0
29.0	96000.0
43.0	76800.0
9.0	61440.0
24.0	49152.0
1641.0	30000.0
34.0	30000.0
50.0	30000.0
1544.0	30000.0
70670.0	114000.0
94346.0	116000.0
38.0	74240.0
21.0	59392.0
43.0	38010.0
27.0	30408.0
78.0	30000.0
51.0	30000.0
51.0	30000.0
724.0	30000.0
467.0	30000.0
224.0	30000.0
228.0	30000.0
1456.0	30000.0
36553.0	90000.0
48094.0	150000.0
28.0	120000.0
43.0	96000.0
32.0	76800.0
65.0	61440.0
230.0	39321.0
49.0	31456.0
30.0	30000.0
2517.0	30000.0
47.0	30000.0
82.0	30000.0
43.0	30000.0
37.0	30000.0
1057.0	30000.0
348.0	30000.0
71.0	30000.0
58.0	30000.0
66.0	30000.0
54.0	30000.0
80.0	30000.0
56.0	30000.0
52.0	30000.0
53.0	30000.0
89.0	30000.0
57.0	30000.0
52.0	30000.0
63.0	30000.0
