35733504.0	268435456.0
35692544.0	268435456.0
35713024.0	73216000.0
35753984.0	73216000.0
116588544.0	134656000.0
134389760.0	155136000.0
149032960.0	155136000.0
40894464.0	155136000.0
40873984.0	155136000.0
40873984.0	93302784.0
40906752.0	93302784.0
40939520.0	93302784.0
41025536.0	93302784.0
41328640.0	93302784.0
41250816.0	93302784.0
41250816.0	93302784.0
41250816.0	93302784.0
41254912.0	93302784.0
41254912.0	93302784.0
41254912.0	93302784.0
38957056.0	93302784.0
38957056.0	93302784.0
38957056.0	93302784.0
42192896.0	93302784.0
140713984.0	154742784.0
44302336.0	154742784.0
43057152.0	154742784.0
43057152.0	154742784.0
43057152.0	154742784.0
45531136.0	154742784.0
43061248.0	154742784.0
43061248.0	154742784.0
43061248.0	154742784.0
43061248.0	95490048.0
43044864.0	95490048.0
43151360.0	95490048.0
43151360.0	95490048.0
43151360.0	95490048.0
43151360.0	95490048.0
43151360.0	95490048.0
40906752.0	95490048.0
40906752.0	93335552.0
40906752.0	93335552.0
40906752.0	93335552.0
40906752.0	93335552.0
80728064.0	93335552.0
142446592.0	154775552.0
41525248.0	154775552.0
42627072.0	154775552.0
43921408.0	154775552.0
43905024.0	154775552.0
43905024.0	154775552.0
43905024.0	96333824.0
43905024.0	96333824.0
43921408.0	96333824.0
43921408.0	96333824.0
43921408.0	96333824.0
44007424.0	96333824.0
44007424.0	96333824.0
43991040.0	96333824.0
43991040.0	96333824.0
44150784.0	96333824.0
44077056.0	96333824.0
44077056.0	96333824.0
44077056.0	96333824.0
44077056.0	96333824.0
44077056.0	96333824.0
140468224.0	157773824.0
45404160.0	157773824.0
44060672.0	157773824.0
62345216.0	157773824.0
45776896.0	157773824.0
45703168.0	157773824.0
45703168.0	157773824.0
45703168.0	157773824.0
45703168.0	157773824.0
45703168.0	157773824.0
45703168.0	157773824.0
45703168.0	157773824.0
45703168.0	157773824.0
45797376.0	157773824.0
45797376.0	157773824.0
45797376.0	157773824.0
45797376.0	157773824.0
45883392.0	157773824.0
45883392.0	157773824.0
45883392.0	157773824.0
45883392.0	157773824.0
45891584.0	157773824.0
45891584.0	157773824.0
45875200.0	157773824.0
45875200.0	157773824.0
45875200.0	157773824.0
45875200.0	157773824.0
45875200.0	157773824.0
45875200.0	157773824.0
45875200.0	157773824.0
45875200.0	157773824.0
45875200.0	157773824.0
45875200.0	157773824.0
45875200.0	157773824.0
45875200.0	157773824.0
45875200.0	157773824.0
45875200.0	157773824.0
45875200.0	157773824.0
45875200.0	157773824.0
45875200.0	157773824.0
45875200.0	157773824.0
45875200.0	157773824.0
45875200.0	157773824.0
45875200.0	157773824.0
45875200.0	157773824.0
45875200.0	157773824.0
45875200.0	157773824.0
45875200.0	157773824.0
45875200.0	157773824.0
45875200.0	157773824.0
45875200.0	157773824.0
45875200.0	157773824.0
45895680.0	157773824.0
45875200.0	157773824.0
45875200.0	157773824.0
45875200.0	157773824.0
45875200.0	157773824.0
45875200.0	157773824.0
45875200.0	157773824.0
45875200.0	157773824.0
45875200.0	157773824.0
46006272.0	157773824.0
45948928.0	157773824.0
45948928.0	157773824.0
45932544.0	157773824.0
45932544.0	157773824.0
45932544.0	157773824.0
45932544.0	157773824.0
45932544.0	157773824.0
45932544.0	157773824.0
45932544.0	157773824.0
45932544.0	157773824.0
45932544.0	157773824.0
45932544.0	157773824.0
45932544.0	157773824.0
45932544.0	157773824.0
45936640.0	157773824.0
45936640.0	157773824.0
45936640.0	157773824.0
45936640.0	157773824.0
45936640.0	157773824.0
45936640.0	157773824.0
45936640.0	157773824.0
45936640.0	157773824.0
45936640.0	157773824.0
45936640.0	157773824.0
45936640.0	157773824.0
45936640.0	157773824.0
45936640.0	157773824.0
45936640.0	157773824.0
45936640.0	157773824.0
45936640.0	157773824.0
45936640.0	157773824.0
45936640.0	157773824.0
45936640.0	157773824.0
45936640.0	157773824.0
45936640.0	157773824.0
45936640.0	157773824.0
45936640.0	157773824.0
45936640.0	157773824.0
45940736.0	157773824.0
45940736.0	157773824.0
45940736.0	157773824.0
45940736.0	157773824.0
45940736.0	157773824.0
45940736.0	157773824.0
45940736.0	157773824.0
45940736.0	157773824.0
45940736.0	157773824.0
45940736.0	157773824.0
45940736.0	157773824.0
45940736.0	157773824.0
45940736.0	157773824.0
