37060608.0	268435456.0
136302592.0	268435456.0
41902080.0	268435456.0
42500096.0	192135168.0
39874560.0	192135168.0
39952384.0	192135168.0
40550400.0	192135168.0
38948864.0	192135168.0
141623296.0	192135168.0
38653952.0	192135168.0
38494208.0	192135168.0
38477824.0	192135168.0
38608896.0	192135168.0
44007424.0	192135168.0
41402368.0	192135168.0
41402368.0	192135168.0
43941888.0	192135168.0
41443328.0	192135168.0
41426944.0	192135168.0
44310528.0	192135168.0
41562112.0	192135168.0
41562112.0	192135168.0
42008576.0	192135168.0
40017920.0	192135168.0
143040512.0	192135168.0
42237952.0	192135168.0
39870464.0	192135168.0
39870464.0	92299264.0
67330048.0	92299264.0
42270720.0	153739264.0
39510016.0	153739264.0
44638208.0	153739264.0
39575552.0	153739264.0
39575552.0	153739264.0
39575552.0	92004352.0
39575552.0	92004352.0
39579648.0	92004352.0
39579648.0	92004352.0
39579648.0	92004352.0
39460864.0	92004352.0
39460864.0	92004352.0
39600128.0	92004352.0
132612096.0	153444352.0
43438080.0	153444352.0
46268416.0	153444352.0
43311104.0	153444352.0
43311104.0	153444352.0
43294720.0	153444352.0
43294720.0	95739904.0
43327488.0	95739904.0
43327488.0	95739904.0
43327488.0	95739904.0
43327488.0	95739904.0
43327488.0	95739904.0
43327488.0	95739904.0
43327488.0	95739904.0
43327488.0	95739904.0
136146944.0	136699904.0
139214848.0	157179904.0
47812608.0	157179904.0
44822528.0	157179904.0
47226880.0	157179904.0
44863488.0	157179904.0
44863488.0	97292288.0
44847104.0	97292288.0
44888064.0	97292288.0
44888064.0	97292288.0
44924928.0	97292288.0
44924928.0	97292288.0
44929024.0	97292288.0
42565632.0	97292288.0
42565632.0	94994432.0
115740672.0	135954432.0
144121856.0	156434432.0
43356160.0	156434432.0
43233280.0	156434432.0
154255360.0	156434432.0
45932544.0	156434432.0
45932544.0	156434432.0
48439296.0	98361344.0
46247936.0	98361344.0
45957120.0	98361344.0
45957120.0	98361344.0
45957120.0	98361344.0
45957120.0	98361344.0
45957120.0	98361344.0
45957120.0	98361344.0
45957120.0	98361344.0
45957120.0	98361344.0
45940736.0	98361344.0
65921024.0	98361344.0
144826368.0	159801344.0
155144192.0	159801344.0
46813184.0	159801344.0
46813184.0	159801344.0
46817280.0	159801344.0
46817280.0	159801344.0
46817280.0	99246080.0
46817280.0	99246080.0
46817280.0	99246080.0
46800896.0	99246080.0
46800896.0	99246080.0
46800896.0	99246080.0
46800896.0	99246080.0
46800896.0	99246080.0
46800896.0	99229696.0
46800896.0	99229696.0
46800896.0	99229696.0
46800896.0	99229696.0
46800896.0	99229696.0
46800896.0	99229696.0
46800896.0	99229696.0
46804992.0	99229696.0
46804992.0	99229696.0
46804992.0	99229696.0
46804992.0	99229696.0
46804992.0	99229696.0
46804992.0	99229696.0
46804992.0	99229696.0
46804992.0	99229696.0
46804992.0	99229696.0
46804992.0	99229696.0
46804992.0	99229696.0
46804992.0	99229696.0
46804992.0	99229696.0
46804992.0	99229696.0
46804992.0	99229696.0
46804992.0	99229696.0
140517376.0	160669696.0
48439296.0	160669696.0
48340992.0	160669696.0
48340992.0	100769792.0
48340992.0	100769792.0
48418816.0	100769792.0
48418816.0	100769792.0
48418816.0	100769792.0
48418816.0	100769792.0
48418816.0	100769792.0
48402432.0	100769792.0
46063616.0	100769792.0
48422912.0	98492416.0
147615744.0	159932416.0
46870528.0	159932416.0
155074560.0	159932416.0
49438720.0	159932416.0
49438720.0	159932416.0
49438720.0	159932416.0
49438720.0	159932416.0
49438720.0	159932416.0
49438720.0	101867520.0
49438720.0	101867520.0
49438720.0	101867520.0
49438720.0	101867520.0
49438720.0	101867520.0
49422336.0	101867520.0
49422336.0	101867520.0
49422336.0	101867520.0
49422336.0	101867520.0
49422336.0	101851136.0
49422336.0	101851136.0
49422336.0	101851136.0
49422336.0	101851136.0
49422336.0	101851136.0
49422336.0	101851136.0
49422336.0	101851136.0
49422336.0	101851136.0
49422336.0	101851136.0
49422336.0	101851136.0
49422336.0	101851136.0
49422336.0	101851136.0
49422336.0	101851136.0
49422336.0	101851136.0
49422336.0	101851136.0
49422336.0	101851136.0
49422336.0	101851136.0
49422336.0	101851136.0
49422336.0	101851136.0
49422336.0	101851136.0
49422336.0	101851136.0
49422336.0	101851136.0
49422336.0	101851136.0
49422336.0	101851136.0
49422336.0	101851136.0
49422336.0	101851136.0
49422336.0	101851136.0
49422336.0	101851136.0
49422336.0	101851136.0
49422336.0	101851136.0
49422336.0	101851136.0
49422336.0	101851136.0
49422336.0	101851136.0
49422336.0	101851136.0
49422336.0	101851136.0
49422336.0	101851136.0
49422336.0	101851136.0
49422336.0	101851136.0
49422336.0	101851136.0
49422336.0	101851136.0
49426432.0	101851136.0
49426432.0	101851136.0
49426432.0	101851136.0
49426432.0	101851136.0
49426432.0	101851136.0
49410048.0	101851136.0
49414144.0	101851136.0
49414144.0	101851136.0
49414144.0	101851136.0
49414144.0	101851136.0
49414144.0	101851136.0
49414144.0	101851136.0
49414144.0	101842944.0
49414144.0	101842944.0
49414144.0	101842944.0
49414144.0	101842944.0
49414144.0	101842944.0
49414144.0	101842944.0
49414144.0	101842944.0
49414144.0	101842944.0
49414144.0	101842944.0
49414144.0	101842944.0
49414144.0	101842944.0
49414144.0	101842944.0
49414144.0	101842944.0
49414144.0	101842944.0
49414144.0	101842944.0
49414144.0	101842944.0
49414144.0	101842944.0
49414144.0	101842944.0
49414144.0	101842944.0
49414144.0	101842944.0
49414144.0	101842944.0
49414144.0	101842944.0
49414144.0	101842944.0
49414144.0	101842944.0
49414144.0	101842944.0
49414144.0	101842944.0
49414144.0	101842944.0
49414144.0	101842944.0
49414144.0	101842944.0
49414144.0	101842944.0
49414144.0	101842944.0
49414144.0	101842944.0
49414144.0	101842944.0
49414144.0	101842944.0
49414144.0	101842944.0
49414144.0	101842944.0
49414144.0	101842944.0
49414144.0	101842944.0
49414144.0	101842944.0
49414144.0	101842944.0
49414144.0	101842944.0
49414144.0	101842944.0
49414144.0	101842944.0
49414144.0	101842944.0
49414144.0	101842944.0
49414144.0	101842944.0
49414144.0	101842944.0
49414144.0	101842944.0
49414144.0	101842944.0
49414144.0	101842944.0
49414144.0	101842944.0
49414144.0	101842944.0
49414144.0	101842944.0
49414144.0	101842944.0
49414144.0	101842944.0
49414144.0	101842944.0
49414144.0	101842944.0
49414144.0	101842944.0
49414144.0	101842944.0
49414144.0	101842944.0
49414144.0	101842944.0
49414144.0	101842944.0
49414144.0	101842944.0
49414144.0	101842944.0
49414144.0	101842944.0
49414144.0	101842944.0
49414144.0	101842944.0
49414144.0	101842944.0
49414144.0	101842944.0
49422336.0	101842944.0
49422336.0	101842944.0
49422336.0	101842944.0
49422336.0	101842944.0
49422336.0	101842944.0
49422336.0	101842944.0
49422336.0	101842944.0
49422336.0	101842944.0
49422336.0	101842944.0
49422336.0	101842944.0
49422336.0	101842944.0
49422336.0	101842944.0
49422336.0	101842944.0
42082304.0	101842944.0
42082304.0	101842944.0
42082304.0	101842944.0
42082304.0	101842944.0
42082304.0	101842944.0
42082304.0	101842944.0
42082304.0	94511104.0
42086400.0	94511104.0
42086400.0	94511104.0
42086400.0	94511104.0
42070016.0	94511104.0
42070016.0	94511104.0
42070016.0	94511104.0
42070016.0	94511104.0
42070016.0	94498816.0
42070016.0	94498816.0
42070016.0	94498816.0
42070016.0	94498816.0
42070016.0	94498816.0
42070016.0	94498816.0
42070016.0	94498816.0
42070016.0	94498816.0
42070016.0	94498816.0
42070016.0	94498816.0
42070016.0	94498816.0
42070016.0	94498816.0
42070016.0	94498816.0
42070016.0	94498816.0
42070016.0	94498816.0
42070016.0	94498816.0
42070016.0	94498816.0
42070016.0	94498816.0
-1.0	-1.0
49672192.0	102117376.0
49672192.0	102117376.0
49672192.0	102100992.0
64745472.0	102100992.0
148373504.0	163540992.0
52486144.0	163540992.0
49975296.0	163540992.0
49975296.0	163540992.0
49975296.0	163540992.0
49975296.0	102404096.0
49975296.0	102404096.0
49975296.0	102404096.0
49975296.0	102404096.0
49958912.0	102404096.0
49958912.0	102404096.0
49958912.0	102387712.0
49958912.0	102387712.0
49958912.0	102387712.0
49958912.0	102387712.0
49958912.0	102387712.0
49958912.0	102387712.0
49958912.0	102387712.0
49958912.0	102387712.0
49958912.0	102387712.0
49958912.0	102387712.0
49958912.0	102387712.0
49958912.0	102387712.0
49958912.0	102387712.0
49958912.0	102387712.0
118890496.0	122867712.0
50884608.0	163827712.0
53104640.0	163827712.0
50593792.0	163827712.0
148324352.0	163827712.0
76439552.0	163827712.0
50749440.0	163827712.0
50704384.0	163827712.0
50704384.0	163827712.0
50704384.0	163827712.0
67878912.0	163827712.0
53411840.0	163827712.0
50679808.0	163827712.0
50679808.0	163827712.0
50679808.0	163827712.0
50679808.0	163827712.0
50679808.0	163827712.0
50679808.0	163827712.0
50679808.0	163827712.0
50679808.0	163827712.0
50663424.0	163827712.0
49106944.0	163827712.0
151908352.0	163827712.0
53198848.0	200916992.0
50823168.0	200916992.0
50823168.0	200916992.0
50823168.0	200916992.0
50823168.0	200916992.0
50823168.0	200916992.0
50823168.0	103251968.0
51236864.0	103251968.0
146735104.0	164691968.0
49299456.0	164691968.0
51802112.0	164691968.0
53977088.0	164691968.0
149360640.0	164691968.0
160538624.0	164691968.0
51978240.0	164691968.0
51949568.0	164691968.0
51949568.0	164691968.0
149499904.0	164691968.0
53936128.0	164691968.0
51965952.0	164691968.0
51965952.0	164691968.0
51970048.0	164691968.0
51970048.0	164691968.0
152883200.0	164691968.0
49889280.0	164691968.0
70688768.0	164691968.0
52072448.0	164691968.0
98242560.0	164691968.0
54419456.0	164691968.0
54595584.0	164691968.0
54632448.0	164691968.0
52150272.0	104579072.0
52150272.0	104579072.0
52150272.0	104579072.0
145448960.0	145539072.0
52232192.0	166019072.0
52387840.0	166019072.0
52387840.0	166019072.0
119136256.0	125296640.0
151183360.0	166256640.0
52719616.0	166256640.0
52719616.0	166256640.0
52719616.0	166256640.0
52834304.0	166256640.0
52752384.0	105148416.0
58753024.0	105148416.0
151515136.0	166588416.0
159244288.0	166588416.0
55967744.0	166588416.0
53202944.0	166588416.0
154165248.0	166588416.0
50991104.0	166588416.0
53444608.0	166588416.0
53448704.0	166588416.0
53448704.0	166588416.0
154447872.0	166588416.0
162295808.0	166588416.0
53579776.0	206876672.0
154492928.0	206876672.0
53100544.0	206876672.0
53567488.0	206876672.0
154636288.0	206876672.0
53723136.0	206876672.0
164536320.0	203784192.0
53764096.0	203784192.0
53764096.0	203784192.0
53764096.0	203784192.0
53764096.0	203784192.0
51372032.0	203784192.0
51372032.0	106192896.0
149151744.0	167632896.0
51535872.0	167632896.0
54120448.0	167632896.0
54120448.0	167632896.0
155086848.0	167632896.0
56569856.0	167632896.0
54255616.0	167632896.0
57008128.0	167632896.0
54267904.0	167632896.0
54267904.0	167632896.0
54267904.0	167632896.0
54267904.0	167632896.0
142409728.0	147656704.0
149753856.0	168136704.0
52170752.0	168136704.0
163258368.0	168136704.0
54882304.0	168136704.0
54800384.0	168136704.0
156114944.0	168136704.0
57806848.0	168136704.0
55189504.0	168136704.0
55209984.0	168136704.0
111288320.0	168136704.0
57692160.0	168136704.0
52731904.0	168136704.0
102391808.0	105160704.0
53485568.0	166600704.0
53420032.0	166600704.0
156667904.0	166600704.0
53604352.0	166600704.0
55775232.0	166600704.0
55861248.0	166600704.0
55717888.0	108158976.0
55717888.0	108158976.0
55717888.0	108158976.0
55717888.0	108158976.0
55701504.0	108158976.0
55717888.0	108158976.0
72536064.0	108146688.0
154513408.0	169586688.0
53530624.0	169586688.0
53530624.0	169586688.0
164405248.0	169586688.0
56000512.0	169586688.0
56000512.0	169586688.0
56000512.0	108429312.0
56000512.0	108429312.0
56000512.0	108429312.0
54996992.0	108429312.0
154796032.0	169869312.0
53821440.0	169869312.0
53743616.0	169869312.0
53727232.0	106242048.0
54439936.0	167682048.0
54439936.0	167682048.0
54439936.0	167682048.0
54460416.0	167682048.0
157802496.0	167682048.0
54665216.0	167682048.0
56860672.0	167682048.0
56860672.0	167682048.0
54616064.0	167682048.0
154554368.0	167682048.0
165457920.0	167682048.0
56938496.0	167682048.0
57090048.0	167682048.0
56909824.0	109367296.0
56909824.0	109367296.0
133287936.0	150327296.0
57323520.0	170807296.0
54837248.0	170807296.0
165761024.0	170807296.0
57315328.0	170807296.0
59797504.0	109744128.0
57323520.0	109744128.0
57323520.0	109744128.0
57323520.0	109744128.0
57323520.0	109744128.0
57323520.0	109744128.0
57323520.0	109744128.0
57323520.0	109744128.0
57323520.0	109744128.0
57323520.0	109744128.0
57307136.0	109744128.0
57307136.0	109744128.0
57307136.0	109744128.0
57307136.0	109744128.0
57307136.0	109744128.0
57307136.0	109735936.0
57307136.0	109735936.0
57307136.0	109735936.0
57307136.0	109735936.0
57307136.0	109735936.0
57307136.0	109735936.0
57307136.0	109735936.0
57307136.0	109735936.0
133394432.0	150695936.0
55111680.0	171175936.0
57548800.0	171175936.0
57552896.0	171175936.0
57397248.0	171175936.0
57397248.0	171175936.0
57397248.0	171175936.0
57397248.0	109826048.0
57397248.0	109826048.0
57397248.0	109826048.0
57380864.0	109826048.0
57380864.0	109826048.0
57380864.0	109826048.0
57380864.0	109826048.0
57380864.0	109826048.0
57380864.0	109809664.0
57380864.0	109809664.0
57380864.0	109809664.0
57380864.0	109809664.0
57380864.0	109809664.0
57380864.0	109809664.0
57380864.0	109809664.0
57380864.0	109809664.0
57380864.0	109809664.0
57380864.0	109809664.0
57380864.0	109809664.0
57380864.0	109809664.0
57380864.0	109809664.0
57380864.0	109809664.0
57380864.0	109809664.0
57384960.0	109809664.0
57389056.0	109809664.0
57389056.0	109809664.0
57389056.0	109809664.0
57389056.0	109809664.0
57389056.0	109809664.0
57389056.0	109809664.0
57389056.0	109809664.0
57389056.0	109809664.0
57389056.0	109809664.0
57389056.0	109809664.0
57389056.0	109809664.0
57389056.0	109809664.0
57389056.0	109809664.0
57389056.0	109809664.0
57389056.0	109809664.0
57389056.0	109809664.0
57389056.0	109809664.0
57389056.0	109809664.0
57389056.0	109809664.0
57389056.0	109809664.0
57389056.0	109809664.0
57389056.0	109809664.0
57389056.0	109809664.0
57389056.0	109809664.0
57389056.0	109809664.0
57389056.0	109809664.0
57389056.0	109809664.0
57389056.0	109809664.0
57389056.0	109809664.0
57389056.0	109809664.0
57389056.0	109809664.0
57376768.0	109809664.0
57376768.0	109809664.0
57376768.0	109809664.0
57376768.0	109809664.0
57376768.0	109809664.0
57376768.0	109809664.0
57376768.0	109809664.0
57376768.0	109809664.0
56541184.0	109805568.0
156299264.0	171245568.0
58638336.0	171245568.0
60493824.0	171245568.0
58007552.0	171245568.0
58007552.0	171245568.0
58007552.0	171245568.0
58007552.0	171245568.0
58007552.0	110436352.0
58007552.0	110436352.0
57991168.0	110436352.0
57991168.0	110436352.0
57991168.0	110436352.0
57991168.0	110436352.0
57991168.0	110436352.0
57991168.0	110436352.0
57991168.0	110419968.0
83148800.0	110419968.0
156848128.0	171859968.0
58818560.0	171859968.0
58580992.0	171859968.0
58580992.0	171859968.0
58605568.0	171859968.0
58605568.0	171859968.0
111063040.0	111034368.0
59035648.0	172474368.0
59121664.0	172474368.0
58966016.0	172474368.0
59097088.0	172474368.0
58982400.0	172474368.0
58982400.0	172474368.0
58982400.0	172474368.0
58982400.0	111411200.0
58982400.0	111411200.0
58982400.0	111411200.0
58982400.0	111411200.0
58982400.0	111411200.0
58982400.0	111411200.0
58966016.0	111411200.0
58966016.0	111411200.0
58966016.0	111394816.0
58966016.0	111394816.0
58966016.0	111394816.0
58966016.0	111394816.0
58966016.0	111394816.0
58966016.0	111394816.0
58966016.0	111394816.0
58966016.0	111394816.0
58966016.0	111394816.0
58966016.0	111394816.0
58966016.0	111394816.0
58966016.0	111394816.0
58966016.0	111394816.0
58966016.0	111394816.0
58966016.0	111394816.0
58966016.0	111394816.0
58966016.0	111394816.0
58966016.0	111394816.0
58966016.0	111394816.0
59256832.0	111394816.0
157630464.0	172834816.0
57430016.0	172834816.0
61804544.0	172834816.0
59633664.0	172834816.0
56963072.0	172834816.0
107495424.0	172834816.0
61784064.0	172834816.0
61583360.0	172834816.0
59203584.0	172834816.0
59203584.0	172834816.0
59203584.0	172834816.0
59203584.0	111632384.0
59203584.0	111632384.0
59203584.0	111632384.0
58138624.0	111632384.0
157999104.0	173072384.0
167890944.0	173072384.0
59432960.0	173072384.0
59432960.0	111861760.0
59432960.0	111861760.0
59432960.0	111861760.0
59432960.0	111861760.0
59432960.0	111861760.0
59432960.0	111861760.0
59432960.0	111861760.0
59416576.0	111861760.0
59416576.0	111861760.0
59416576.0	111861760.0
59416576.0	111861760.0
59416576.0	111861760.0
59416576.0	111861760.0
59416576.0	111861760.0
59416576.0	111861760.0
59416576.0	111845376.0
59416576.0	111845376.0
59416576.0	111845376.0
59416576.0	111845376.0
59416576.0	111845376.0
59416576.0	111845376.0
59416576.0	111845376.0
59416576.0	111845376.0
59416576.0	111845376.0
59416576.0	111845376.0
59416576.0	111845376.0
59416576.0	111845376.0
59416576.0	111845376.0
59416576.0	111845376.0
59416576.0	111845376.0
59416576.0	111845376.0
59416576.0	111845376.0
59416576.0	111845376.0
59416576.0	111845376.0
59416576.0	111845376.0
59416576.0	111845376.0
59416576.0	111845376.0
59416576.0	111845376.0
59416576.0	111845376.0
59416576.0	111845376.0
59416576.0	111845376.0
59416576.0	111845376.0
59416576.0	111845376.0
59416576.0	111845376.0
59416576.0	111845376.0
59416576.0	111845376.0
59416576.0	111845376.0
59416576.0	111845376.0
59416576.0	111845376.0
59416576.0	111845376.0
59416576.0	111845376.0
59416576.0	111845376.0
59416576.0	111845376.0
59416576.0	111845376.0
59416576.0	111845376.0
59416576.0	111845376.0
59416576.0	111845376.0
59416576.0	111845376.0
59400192.0	111845376.0
59400192.0	111845376.0
57053184.0	111845376.0
133013504.0	152805376.0
57737216.0	173285376.0
57262080.0	173285376.0
57262080.0	109690880.0
133529600.0	150650880.0
57917440.0	171130880.0
57917440.0	171130880.0
57917440.0	171130880.0
57913344.0	171130880.0
57913344.0	171130880.0
57782272.0	171130880.0
57782272.0	110342144.0
124137472.0	130822144.0
159330304.0	171782144.0
112848896.0	171782144.0
60735488.0	171782144.0
60735488.0	171782144.0
60735488.0	171782144.0
60735488.0	171782144.0
60850176.0	113164288.0
60735488.0	113164288.0
60735488.0	113164288.0
89792512.0	113164288.0
159535104.0	174604288.0
58654720.0	174604288.0
58654720.0	174604288.0
58654720.0	174604288.0
60612608.0	111083520.0
167600128.0	172523520.0
59199488.0	172523520.0
59199488.0	172523520.0
59199488.0	172523520.0
59199488.0	172523520.0
59183104.0	172523520.0
59183104.0	172523520.0
59183104.0	111611904.0
61599744.0	111611904.0
59314176.0	111611904.0
59199488.0	111611904.0
59199488.0	111611904.0
59199488.0	111611904.0
59330560.0	111611904.0
59203584.0	111611904.0
59023360.0	111611904.0
59023360.0	111611904.0
59023360.0	111611904.0
94777344.0	111611904.0
160608256.0	173051904.0
59461632.0	173051904.0
59461632.0	173051904.0
59461632.0	111890432.0
59445248.0	111890432.0
59445248.0	111890432.0
59445248.0	111890432.0
59445248.0	111890432.0
59445248.0	111890432.0
168280064.0	173330432.0
59985920.0	173330432.0
59985920.0	173330432.0
59957248.0	112414720.0
59957248.0	112414720.0
59940864.0	112414720.0
59940864.0	112414720.0
59940864.0	112414720.0
59940864.0	112414720.0
59940864.0	112414720.0
59940864.0	112369664.0
59940864.0	112369664.0
59940864.0	112369664.0
62824448.0	112369664.0
59965440.0	112369664.0
60096512.0	112369664.0
59838464.0	112369664.0
59838464.0	112369664.0
59822080.0	112267264.0
59822080.0	112267264.0
153653248.0	173707264.0
60391424.0	173707264.0
59994112.0	173707264.0
59994112.0	173707264.0
59994112.0	173707264.0
59977728.0	173707264.0
59920384.0	173707264.0
59920384.0	173707264.0
136269824.0	153309184.0
60669952.0	173789184.0
60567552.0	173789184.0
60567552.0	173789184.0
60567552.0	173789184.0
60551168.0	173789184.0
60551168.0	173789184.0
60551168.0	173789184.0
60567552.0	173789184.0
60567552.0	173789184.0
60567552.0	112996352.0
60567552.0	112996352.0
60567552.0	112996352.0
60567552.0	112996352.0
60567552.0	112996352.0
60567552.0	112996352.0
60567552.0	112996352.0
60567552.0	112996352.0
60551168.0	112996352.0
60551168.0	112996352.0
60526592.0	112979968.0
60985344.0	112979968.0
61190144.0	112979968.0
61313024.0	112979968.0
62717952.0	112979968.0
90980352.0	112979968.0
161841152.0	174419968.0
60813312.0	174419968.0
63373312.0	174419968.0
63201280.0	174419968.0
63184896.0	115630080.0
63184896.0	115630080.0
63184896.0	115630080.0
63201280.0	115630080.0
63201280.0	115630080.0
63201280.0	115630080.0
63201280.0	115630080.0
63201280.0	115630080.0
63213568.0	115630080.0
60751872.0	115630080.0
115580928.0	115630080.0
161869824.0	168009728.0
60792832.0	168009728.0
60776448.0	168009728.0
60776448.0	168009728.0
60776448.0	168009728.0
60776448.0	168009728.0
60776448.0	168009728.0
60960768.0	188489728.0
60960768.0	188489728.0
60960768.0	188489728.0
60960768.0	188489728.0
60960768.0	188489728.0
60944384.0	113389568.0
60964864.0	113389568.0
60964864.0	113389568.0
60964864.0	113389568.0
60964864.0	113389568.0
60964864.0	113389568.0
60948480.0	113389568.0
60948480.0	113389568.0
90255360.0	113389568.0
162246656.0	174829568.0
61542400.0	174829568.0
61575168.0	174829568.0
64073728.0	174829568.0
64057344.0	174829568.0
64057344.0	174829568.0
64057344.0	174829568.0
64057344.0	174829568.0
64057344.0	174829568.0
64073728.0	174829568.0
64073728.0	174829568.0
64073728.0	174829568.0
64073728.0	174829568.0
64073728.0	174829568.0
64073728.0	116502528.0
64073728.0	116502528.0
61698048.0	116502528.0
61698048.0	116502528.0
61698048.0	116502528.0
63705088.0	116502528.0
159461376.0	177942528.0
61931520.0	177942528.0
64540672.0	177942528.0
64540672.0	177942528.0
64540672.0	177942528.0
64524288.0	116969472.0
64524288.0	116969472.0
64524288.0	116969472.0
64524288.0	116969472.0
66916352.0	116969472.0
64544768.0	116969472.0
64544768.0	116969472.0
64544768.0	116969472.0
64544768.0	116969472.0
64544768.0	116969472.0
64544768.0	116969472.0
64544768.0	116969472.0
64544768.0	116969472.0
64544768.0	116969472.0
64528384.0	116969472.0
64528384.0	116969472.0
64528384.0	116969472.0
64528384.0	116969472.0
64528384.0	116969472.0
64528384.0	116969472.0
64528384.0	116969472.0
64528384.0	116969472.0
64528384.0	116969472.0
64528384.0	116969472.0
64528384.0	116957184.0
