41492480.0	268435456.0
35446784.0	268435456.0
37425152.0	268435456.0
139784192.0	268435456.0
36757504.0	268435456.0
40828928.0	192212992.0
39899136.0	192212992.0
40017920.0	192212992.0
40071168.0	192212992.0
40071168.0	192212992.0
40075264.0	192212992.0
37871616.0	192212992.0
37871616.0	90300416.0
78188544.0	90300416.0
39612416.0	151740416.0
40894464.0	151740416.0
40677376.0	151740416.0
40804352.0	151740416.0
40804352.0	151740416.0
40804352.0	93233152.0
40804352.0	93233152.0
40804352.0	93233152.0
40804352.0	93233152.0
38449152.0	93233152.0
38449152.0	93233152.0
38449152.0	93233152.0
136593408.0	152317952.0
39784448.0	152317952.0
133365760.0	152317952.0
41934848.0	152317952.0
41934848.0	152317952.0
41955328.0	152317952.0
41955328.0	152317952.0
41955328.0	94384128.0
41955328.0	94384128.0
41996288.0	94384128.0
41996288.0	94384128.0
41979904.0	94384128.0
41979904.0	94384128.0
41979904.0	94384128.0
41979904.0	94384128.0
41979904.0	94384128.0
41979904.0	94384128.0
41988096.0	94384128.0
41988096.0	94384128.0
41988096.0	94384128.0
41988096.0	94384128.0
41988096.0	94384128.0
41988096.0	94384128.0
41988096.0	94384128.0
41988096.0	94384128.0
41988096.0	94384128.0
41988096.0	94384128.0
41988096.0	94384128.0
41988096.0	94384128.0
41988096.0	94384128.0
41988096.0	94384128.0
41988096.0	94384128.0
41988096.0	94384128.0
41988096.0	94384128.0
41988096.0	94384128.0
42049536.0	94384128.0
42049536.0	94384128.0
42049536.0	94384128.0
42049536.0	94384128.0
42049536.0	94384128.0
42049536.0	94384128.0
42049536.0	94384128.0
42049536.0	94384128.0
42049536.0	94384128.0
42049536.0	94384128.0
42049536.0	94384128.0
42049536.0	94384128.0
42049536.0	94384128.0
42053632.0	94384128.0
42127360.0	94384128.0
42127360.0	94384128.0
42127360.0	94384128.0
42127360.0	94384128.0
42127360.0	94384128.0
42127360.0	94384128.0
42127360.0	94384128.0
42127360.0	94384128.0
42127360.0	94384128.0
42127360.0	94384128.0
42127360.0	94384128.0
42127360.0	94384128.0
42127360.0	94384128.0
42127360.0	94384128.0
42110976.0	94384128.0
42110976.0	94384128.0
42110976.0	94384128.0
42110976.0	94384128.0
42110976.0	94384128.0
42110976.0	94384128.0
42110976.0	94384128.0
42110976.0	94384128.0
42110976.0	94384128.0
42110976.0	94384128.0
42110976.0	94384128.0
42110976.0	94384128.0
42110976.0	94384128.0
42110976.0	94384128.0
42110976.0	94384128.0
42110976.0	94384128.0
42110976.0	94384128.0
42110976.0	94384128.0
42110976.0	94384128.0
42110976.0	94384128.0
42110976.0	94384128.0
42110976.0	94384128.0
42110976.0	94384128.0
42110976.0	94384128.0
42110976.0	94384128.0
42110976.0	94384128.0
42110976.0	94384128.0
42110976.0	94384128.0
42110976.0	94384128.0
42110976.0	94384128.0
42110976.0	94384128.0
42110976.0	94384128.0
42110976.0	94384128.0
42196992.0	94384128.0
42196992.0	94384128.0
42196992.0	94384128.0
42196992.0	94384128.0
42196992.0	94384128.0
42196992.0	94384128.0
42196992.0	94384128.0
42196992.0	94384128.0
42196992.0	94384128.0
42196992.0	94384128.0
42196992.0	94384128.0
42196992.0	94384128.0
42196992.0	94384128.0
42196992.0	94384128.0
42196992.0	94384128.0
42196992.0	94384128.0
42196992.0	94384128.0
42196992.0	94384128.0
42196992.0	94384128.0
42196992.0	94384128.0
42196992.0	94384128.0
42196992.0	94384128.0
42196992.0	94384128.0
42196992.0	94384128.0
42196992.0	94384128.0
42196992.0	94384128.0
42196992.0	94384128.0
42196992.0	94384128.0
42196992.0	94384128.0
42196992.0	94384128.0
42196992.0	94384128.0
42196992.0	94384128.0
42196992.0	94384128.0
42196992.0	94384128.0
42196992.0	94384128.0
42196992.0	94384128.0
42196992.0	94384128.0
42201088.0	94384128.0
42201088.0	94384128.0
42201088.0	94384128.0
42233856.0	94384128.0
42233856.0	94384128.0
42233856.0	94384128.0
42233856.0	94384128.0
42233856.0	94384128.0
42319872.0	94384128.0
42319872.0	94384128.0
42319872.0	94384128.0
42319872.0	94384128.0
42319872.0	94384128.0
42319872.0	94384128.0
42319872.0	94384128.0
42319872.0	94384128.0
42319872.0	94384128.0
42319872.0	94384128.0
42319872.0	94384128.0
42319872.0	94384128.0
42319872.0	94384128.0
42319872.0	94384128.0
42319872.0	94384128.0
42319872.0	94384128.0
42319872.0	94384128.0
42319872.0	94384128.0
42319872.0	94384128.0
42319872.0	94384128.0
42319872.0	94384128.0
42319872.0	94384128.0
42319872.0	94384128.0
42319872.0	94384128.0
42319872.0	94384128.0
42319872.0	94384128.0
42319872.0	94384128.0
42319872.0	94384128.0
42319872.0	94384128.0
42319872.0	94384128.0
42319872.0	94384128.0
42319872.0	94384128.0
42319872.0	94384128.0
42319872.0	94384128.0
42319872.0	94384128.0
42319872.0	94384128.0
42319872.0	94384128.0
42319872.0	94384128.0
42319872.0	94384128.0
42319872.0	94384128.0
42319872.0	94384128.0
42319872.0	94384128.0
42319872.0	94384128.0
42319872.0	94384128.0
-1.0	-1.0
59416576.0	111861760.0
59416576.0	111861760.0
59416576.0	111861760.0
59416576.0	111861760.0
59416576.0	111861760.0
59416576.0	111861760.0
59416576.0	111861760.0
59416576.0	111845376.0
59416576.0	111845376.0
59416576.0	111845376.0
59416576.0	111845376.0
59416576.0	111845376.0
59416576.0	111845376.0
59416576.0	111845376.0
59416576.0	111845376.0
59416576.0	111845376.0
59416576.0	111845376.0
59416576.0	111845376.0
59416576.0	111845376.0
59416576.0	111845376.0
59416576.0	111845376.0
59416576.0	111845376.0
59416576.0	111845376.0
59416576.0	111845376.0
59416576.0	111845376.0
59416576.0	111845376.0
59416576.0	111845376.0
59416576.0	111845376.0
59416576.0	111845376.0
59416576.0	111845376.0
59416576.0	111845376.0
59416576.0	111845376.0
59416576.0	111845376.0
59416576.0	111845376.0
59416576.0	111845376.0
59416576.0	111845376.0
59416576.0	111845376.0
59416576.0	111845376.0
59416576.0	111845376.0
59416576.0	111845376.0
59416576.0	111845376.0
59416576.0	111845376.0
59416576.0	111845376.0
59416576.0	111845376.0
59416576.0	111845376.0
59416576.0	111845376.0
59416576.0	111845376.0
59416576.0	111845376.0
59416576.0	111845376.0
59416576.0	111845376.0
59416576.0	111845376.0
59400192.0	111845376.0
57053184.0	111845376.0
71245824.0	111845376.0
158208000.0	173285376.0
57262080.0	173285376.0
57262080.0	173285376.0
71204864.0	109690880.0
57970688.0	171130880.0
57917440.0	171130880.0
57917440.0	171130880.0
57913344.0	171130880.0
60207104.0	171130880.0
57782272.0	171130880.0
57782272.0	110342144.0
69562368.0	110342144.0
156315648.0	171782144.0
58376192.0	171782144.0
60735488.0	171782144.0
60735488.0	171782144.0
60735488.0	171782144.0
60735488.0	171782144.0
60735488.0	113164288.0
60735488.0	113164288.0
60735488.0	113164288.0
59908096.0	113164288.0
156123136.0	174604288.0
58806272.0	174604288.0
58654720.0	174604288.0
58654720.0	174604288.0
59920384.0	111083520.0
152600576.0	172523520.0
59199488.0	172523520.0
59199488.0	172523520.0
59199488.0	172523520.0
59199488.0	172523520.0
59183104.0	172523520.0
59183104.0	172523520.0
59183104.0	111611904.0
59183104.0	111611904.0
59314176.0	111611904.0
59199488.0	111611904.0
59199488.0	111611904.0
59199488.0	111611904.0
59199488.0	111611904.0
59203584.0	111611904.0
59203584.0	111611904.0
59023360.0	111611904.0
59023360.0	111611904.0
59023360.0	111611904.0
160608256.0	173051904.0
59461632.0	173051904.0
59461632.0	173051904.0
59461632.0	173051904.0
59461632.0	111890432.0
59445248.0	111890432.0
59445248.0	111890432.0
59445248.0	111890432.0
59445248.0	111890432.0
135680000.0	152850432.0
60030976.0	173330432.0
59985920.0	173330432.0
59957248.0	112414720.0
59957248.0	112414720.0
59940864.0	112414720.0
59940864.0	112414720.0
59940864.0	112414720.0
59940864.0	112414720.0
59940864.0	112414720.0
59940864.0	112369664.0
59940864.0	112369664.0
59940864.0	112369664.0
59940864.0	112369664.0
59965440.0	112369664.0
59965440.0	112369664.0
59838464.0	112369664.0
59838464.0	112369664.0
59838464.0	112369664.0
59822080.0	112267264.0
112218112.0	112267264.0
161193984.0	173707264.0
59994112.0	173707264.0
59994112.0	173707264.0
59994112.0	173707264.0
59977728.0	173707264.0
59977728.0	173707264.0
59920384.0	173707264.0
86523904.0	112349184.0
60792832.0	173789184.0
60567552.0	173789184.0
60567552.0	173789184.0
60567552.0	173789184.0
60551168.0	173789184.0
60551168.0	173789184.0
60551168.0	173789184.0
60567552.0	173789184.0
60567552.0	173789184.0
60567552.0	112996352.0
60567552.0	112996352.0
60567552.0	112996352.0
60567552.0	112996352.0
60567552.0	112996352.0
60567552.0	112996352.0
60567552.0	112996352.0
60567552.0	112996352.0
60551168.0	112996352.0
60551168.0	112996352.0
62910464.0	112979968.0
60899328.0	112979968.0
61149184.0	112979968.0
61440000.0	112979968.0
61669376.0	112979968.0
62717952.0	112979968.0
161841152.0	174419968.0
60813312.0	174419968.0
171659264.0	174419968.0
63201280.0	174419968.0
63201280.0	174419968.0
63184896.0	115630080.0
63184896.0	115630080.0
63201280.0	115630080.0
63201280.0	115630080.0
63201280.0	115630080.0
63201280.0	115630080.0
63201280.0	115630080.0
63213568.0	115630080.0
63213568.0	115630080.0
84000768.0	115630080.0
161869824.0	177070080.0
60792832.0	168009728.0
60776448.0	168009728.0
60776448.0	168009728.0
60776448.0	168009728.0
60776448.0	168009728.0
60776448.0	168009728.0
73011200.0	188489728.0
60960768.0	188489728.0
60960768.0	188489728.0
60960768.0	188489728.0
60960768.0	188489728.0
60944384.0	113389568.0
60964864.0	113389568.0
60964864.0	113389568.0
60964864.0	113389568.0
60964864.0	113389568.0
60964864.0	113389568.0
60948480.0	113389568.0
60948480.0	113389568.0
60948480.0	113389568.0
158969856.0	174829568.0
61542400.0	174829568.0
61411328.0	174829568.0
66371584.0	174829568.0
64073728.0	174829568.0
64057344.0	174829568.0
64057344.0	174829568.0
64057344.0	174829568.0
64057344.0	174829568.0
64073728.0	174829568.0
64073728.0	174829568.0
64073728.0	174829568.0
64073728.0	174829568.0
64073728.0	174829568.0
64073728.0	116502528.0
64073728.0	116502528.0
61698048.0	116502528.0
61698048.0	116502528.0
61698048.0	116502528.0
62472192.0	116502528.0
157491200.0	157462528.0
61939712.0	177942528.0
64585728.0	177942528.0
64540672.0	177942528.0
64540672.0	177942528.0
64524288.0	177942528.0
64524288.0	116969472.0
64524288.0	116969472.0
64524288.0	116969472.0
64524288.0	116969472.0
64544768.0	116969472.0
64544768.0	116969472.0
64544768.0	116969472.0
64544768.0	116969472.0
64544768.0	116969472.0
64544768.0	116969472.0
64544768.0	116969472.0
64544768.0	116969472.0
64544768.0	116969472.0
64544768.0	116969472.0
64528384.0	116969472.0
64528384.0	116969472.0
64528384.0	116969472.0
64528384.0	116969472.0
64528384.0	116969472.0
64528384.0	116969472.0
64528384.0	116969472.0
64528384.0	116969472.0
64528384.0	116969472.0
64528384.0	116957184.0
