21315584.0	268435456.0
38649856.0	268435456.0
37089280.0	268435456.0
133922816.0	154566656.0
134127616.0	154566656.0
36835328.0	154566656.0
41746432.0	154566656.0
148729856.0	154566656.0
40419328.0	154566656.0
40472576.0	154566656.0
40558592.0	154566656.0
40591360.0	92942336.0
40660992.0	92942336.0
40660992.0	92942336.0
40660992.0	92942336.0
40660992.0	92942336.0
40767488.0	92942336.0
40767488.0	92942336.0
40771584.0	92942336.0
40771584.0	92942336.0
40771584.0	92942336.0
40755200.0	92942336.0
40755200.0	92942336.0
40755200.0	92942336.0
40755200.0	92942336.0
40755200.0	92942336.0
40755200.0	92942336.0
40755200.0	92942336.0
40861696.0	92942336.0
40861696.0	92942336.0
40861696.0	92942336.0
40861696.0	92942336.0
40861696.0	92942336.0
40845312.0	92942336.0
41185280.0	92942336.0
38604800.0	92942336.0
38604800.0	92942336.0
136843264.0	154382336.0
136962048.0	154382336.0
39473152.0	154382336.0
39473152.0	154382336.0
39415808.0	154382336.0
39415808.0	154382336.0
39415808.0	154382336.0
39415808.0	154382336.0
39415808.0	154382336.0
39886848.0	154382336.0
131858432.0	132788224.0
41074688.0	153268224.0
40648704.0	153268224.0
40648704.0	153268224.0
40648704.0	153268224.0
40632320.0	153268224.0
40632320.0	153268224.0
40632320.0	153268224.0
40632320.0	153268224.0
41025536.0	153268224.0
40693760.0	95506432.0
40693760.0	95506432.0
40693760.0	95506432.0
40693760.0	95506432.0
40677376.0	95506432.0
40677376.0	95506432.0
40677376.0	95506432.0
40677376.0	95506432.0
40677376.0	95506432.0
43319296.0	95506432.0
40730624.0	95506432.0
40730624.0	95506432.0
40730624.0	95506432.0
42246144.0	93159424.0
97570816.0	113639424.0
142544896.0	154599424.0
41811968.0	154599424.0
41660416.0	154599424.0
126701568.0	154599424.0
44679168.0	154599424.0
44556288.0	154599424.0
44556288.0	154599424.0
44556288.0	154599424.0
44556288.0	154599424.0
44556288.0	154599424.0
44556288.0	154599424.0
44556288.0	96985088.0
44556288.0	96985088.0
44765184.0	96985088.0
44654592.0	96985088.0
44654592.0	96985088.0
44998656.0	96985088.0
95944704.0	96985088.0
140673024.0	158425088.0
139644928.0	158425088.0
43491328.0	158425088.0
45768704.0	158425088.0
45760512.0	158425088.0
154529792.0	158425088.0
49065984.0	158425088.0
43999232.0	158425088.0
43999232.0	158425088.0
43999232.0	158425088.0
43982848.0	158425088.0
43982848.0	158425088.0
43982848.0	158425088.0
43982848.0	158425088.0
120365056.0	158425088.0
147763200.0	158425088.0
46137344.0	158425088.0
155578368.0	158425088.0
47345664.0	158425088.0
47329280.0	158425088.0
47329280.0	158425088.0
47329280.0	99758080.0
47329280.0	99758080.0
47329280.0	99758080.0
47329280.0	99758080.0
47329280.0	99758080.0
47329280.0	99758080.0
47329280.0	99758080.0
47329280.0	99758080.0
47329280.0	99758080.0
47329280.0	99758080.0
47329280.0	99758080.0
47329280.0	99758080.0
47329280.0	99758080.0
47329280.0	99758080.0
47329280.0	99758080.0
47329280.0	99758080.0
47374336.0	99758080.0
47374336.0	99758080.0
47374336.0	99758080.0
47374336.0	99758080.0
47374336.0	99758080.0
47357952.0	99758080.0
47357952.0	99758080.0
47357952.0	99758080.0
47357952.0	99758080.0
45797376.0	99758080.0
99287040.0	99758080.0
143544320.0	161198080.0
146952192.0	161198080.0
48721920.0	161198080.0
48017408.0	161198080.0
157163520.0	161198080.0
48889856.0	161198080.0
48889856.0	161198080.0
48889856.0	161198080.0
48889856.0	161198080.0
48873472.0	161198080.0
48873472.0	161198080.0
48873472.0	161198080.0
48873472.0	161198080.0
48873472.0	161198080.0
48873472.0	161198080.0
48873472.0	161198080.0
48873472.0	161198080.0
48873472.0	161198080.0
46546944.0	101302272.0
46854144.0	101302272.0
48447488.0	101302272.0
115564544.0	121782272.0
144334848.0	162742272.0
147742720.0	162742272.0
49684480.0	162742272.0
47460352.0	162742272.0
47550464.0	162742272.0
47681536.0	162742272.0
47853568.0	162742272.0
48365568.0	162742272.0
155234304.0	162742272.0
49676288.0	162742272.0
49676288.0	102359040.0
49676288.0	102359040.0
49676288.0	102359040.0
49659904.0	102359040.0
49659904.0	102359040.0
49659904.0	102359040.0
49659904.0	102359040.0
49659904.0	102359040.0
49659904.0	102359040.0
49659904.0	102359040.0
49676288.0	102359040.0
49676288.0	102359040.0
49676288.0	102359040.0
49807360.0	102359040.0
49680384.0	102359040.0
49680384.0	102109184.0
49684480.0	102109184.0
49684480.0	102109184.0
47468544.0	102109184.0
145629184.0	163549184.0
149024768.0	163549184.0
50847744.0	163549184.0
71249920.0	163549184.0
53477376.0	163549184.0
51023872.0	163549184.0
51007488.0	163549184.0
51007488.0	163549184.0
51007488.0	163549184.0
51007488.0	163549184.0
51007488.0	163549184.0
51007488.0	103436288.0
51007488.0	103436288.0
51007488.0	103436288.0
51007488.0	103436288.0
51023872.0	103436288.0
51023872.0	103436288.0
51023872.0	103436288.0
51023872.0	103436288.0
51085312.0	103436288.0
51085312.0	103436288.0
49307648.0	103436288.0
49750016.0	103436288.0
50135040.0	103436288.0
146788352.0	164876288.0
51949568.0	164876288.0
49364992.0	164876288.0
49364992.0	164876288.0
50413568.0	164876288.0
160223232.0	164876288.0
52039680.0	164876288.0
52019200.0	164876288.0
52019200.0	164876288.0
52019200.0	164876288.0
52002816.0	164876288.0
52002816.0	164876288.0
52002816.0	164876288.0
52002816.0	164876288.0
52002816.0	164876288.0
52002816.0	164876288.0
52002816.0	104431616.0
52002816.0	104431616.0
52002816.0	104431616.0
52002816.0	104431616.0
52174848.0	104431616.0
52023296.0	104431616.0
52023296.0	104431616.0
52023296.0	104431616.0
52023296.0	104431616.0
52023296.0	104431616.0
52023296.0	104431616.0
52023296.0	104431616.0
52023296.0	104431616.0
52023296.0	104431616.0
52006912.0	104431616.0
52006912.0	104431616.0
52006912.0	104431616.0
52006912.0	104431616.0
52006912.0	104431616.0
52006912.0	104431616.0
52006912.0	104431616.0
52006912.0	104431616.0
49881088.0	104431616.0
49688576.0	104431616.0
101695488.0	104431616.0
151322624.0	165871616.0
50475008.0	165871616.0
51417088.0	165871616.0
161259520.0	165871616.0
53043200.0	165871616.0
53043200.0	152141824.0
53043200.0	152141824.0
53043200.0	152141824.0
53026816.0	152141824.0
53026816.0	152141824.0
53026816.0	152141824.0
53157888.0	152141824.0
53051392.0	152141824.0
53051392.0	152141824.0
53051392.0	152141824.0
53051392.0	152141824.0
53051392.0	152141824.0
50708480.0	152141824.0
54648832.0	152141824.0
152064000.0	152141824.0
51081216.0	152141824.0
51064832.0	152141824.0
51064832.0	152141824.0
51064832.0	152141824.0
51064832.0	152141824.0
159748096.0	172621824.0
51470336.0	172621824.0
51662848.0	172621824.0
53424128.0	172621824.0
151670784.0	172621824.0
56610816.0	172621824.0
54497280.0	172621824.0
162627584.0	172621824.0
54374400.0	109326336.0
54312960.0	109326336.0
54296576.0	109326336.0
54296576.0	109326336.0
54296576.0	109326336.0
46956544.0	109326336.0
46956544.0	109326336.0
46956544.0	109326336.0
46956544.0	109326336.0
46956544.0	109326336.0
46960640.0	109326336.0
46960640.0	109326336.0
46960640.0	109326336.0
46960640.0	109326336.0
46960640.0	109326336.0
46944256.0	99389440.0
46944256.0	99389440.0
46944256.0	99389440.0
46944256.0	99389440.0
46944256.0	99389440.0
46944256.0	99389440.0
47017984.0	99389440.0
47017984.0	99389440.0
47017984.0	99389440.0
47017984.0	99389440.0
47017984.0	99389440.0
47017984.0	99389440.0
47017984.0	99389440.0
47017984.0	99389440.0
44658688.0	99389440.0
44658688.0	99389440.0
44642304.0	99389440.0
45510656.0	99389440.0
140378112.0	140349440.0
146153472.0	160829440.0
47747072.0	160829440.0
133234688.0	160829440.0
48246784.0	160829440.0
48230400.0	160829440.0
48230400.0	160829440.0
48230400.0	160829440.0
48230400.0	160829440.0
48230400.0	160829440.0
48246784.0	100659200.0
48246784.0	100659200.0
48246784.0	100659200.0
48246784.0	100659200.0
48267264.0	100659200.0
48267264.0	100659200.0
48267264.0	100659200.0
48267264.0	100659200.0
86032384.0	100659200.0
147677184.0	162099200.0
46911488.0	162099200.0
46764032.0	162099200.0
46764032.0	162099200.0
46764032.0	162099200.0
46764032.0	99192832.0
46764032.0	99192832.0
46747648.0	99192832.0
46747648.0	99192832.0
46747648.0	99192832.0
46747648.0	99192832.0
46747648.0	99192832.0
122851328.0	140152832.0
47550464.0	160632832.0
47550464.0	160632832.0
49991680.0	160632832.0
47562752.0	160632832.0
47435776.0	160632832.0
47435776.0	160632832.0
47435776.0	160632832.0
47435776.0	99864576.0
47435776.0	99864576.0
47435776.0	99864576.0
47435776.0	99864576.0
47435776.0	99864576.0
47435776.0	99864576.0
99840000.0	99864576.0
149114880.0	161304576.0
48222208.0	161304576.0
48222208.0	161304576.0
158961664.0	161304576.0
50544640.0	161304576.0
53035008.0	161304576.0
50565120.0	161304576.0
48201728.0	102993920.0
48201728.0	102993920.0
48201728.0	102993920.0
48316416.0	102993920.0
145989632.0	164433920.0
146108416.0	164433920.0
71086080.0	164433920.0
54509568.0	164433920.0
51548160.0	164433920.0
51531776.0	164433920.0
51572736.0	164433920.0
51572736.0	164433920.0
51646464.0	164433920.0
51646464.0	164433920.0
51646464.0	104075264.0
51646464.0	104075264.0
104099840.0	104075264.0
150446080.0	165515264.0
49614848.0	165515264.0
49598464.0	165515264.0
52088832.0	165515264.0
59387904.0	165515264.0
54984704.0	165515264.0
52273152.0	165515264.0
52273152.0	165515264.0
52256768.0	165515264.0
52256768.0	165515264.0
52256768.0	165515264.0
52256768.0	104685568.0
52256768.0	104685568.0
52256768.0	104685568.0
52256768.0	104685568.0
52256768.0	104685568.0
52256768.0	104685568.0
52273152.0	104685568.0
52273152.0	104685568.0
52273152.0	104685568.0
52273152.0	104685568.0
52273152.0	104685568.0
52256768.0	104685568.0
52256768.0	104685568.0
52256768.0	104685568.0
54571008.0	104685568.0
52281344.0	104685568.0
52281344.0	104685568.0
52281344.0	104685568.0
52281344.0	104685568.0
52281344.0	104685568.0
52281344.0	104685568.0
101163008.0	104685568.0
152014848.0	166125568.0
51163136.0	166125568.0
51146752.0	166125568.0
51179520.0	166125568.0
51064832.0	166125568.0
51064832.0	166125568.0
75235328.0	166125568.0
55877632.0	166125568.0
53702656.0	166125568.0
53620736.0	166125568.0
53620736.0	166125568.0
53620736.0	166125568.0
53620736.0	166125568.0
53620736.0	166125568.0
53620736.0	166125568.0
53620736.0	166125568.0
53641216.0	166125568.0
53641216.0	166125568.0
53641216.0	166125568.0
53641216.0	166125568.0
53641216.0	166125568.0
53624832.0	166125568.0
53624832.0	166125568.0
53624832.0	166125568.0
53624832.0	166125568.0
53645312.0	166125568.0
53645312.0	166125568.0
53645312.0	166125568.0
51343360.0	166125568.0
51277824.0	166125568.0
51261440.0	166125568.0
51261440.0	166125568.0
51261440.0	166125568.0
51261440.0	166125568.0
51261440.0	166125568.0
52244480.0	166125568.0
127389696.0	144650240.0
152629248.0	165130240.0
54013952.0	165130240.0
51625984.0	165130240.0
51511296.0	165130240.0
51494912.0	165130240.0
51494912.0	165130240.0
51494912.0	165130240.0
51494912.0	165130240.0
108679168.0	165130240.0
56602624.0	165130240.0
54210560.0	165130240.0
54210560.0	165130240.0
54210560.0	165130240.0
54194176.0	106639360.0
54194176.0	106639360.0
54194176.0	106639360.0
54194176.0	106639360.0
54194176.0	106639360.0
54214656.0	106639360.0
54214656.0	106639360.0
54214656.0	106639360.0
54214656.0	106639360.0
54214656.0	106639360.0
52101120.0	106639360.0
88502272.0	106639360.0
153006080.0	168079360.0
52019200.0	168079360.0
52019200.0	107024384.0
52002816.0	107024384.0
52002816.0	107024384.0
52002816.0	107024384.0
52002816.0	107024384.0
160919552.0	168464384.0
52809728.0	168464384.0
52809728.0	168464384.0
52600832.0	168464384.0
52584448.0	168464384.0
52568064.0	168464384.0
52568064.0	168464384.0
52568064.0	168464384.0
52568064.0	168464384.0
52568064.0	104996864.0
52568064.0	104996864.0
52568064.0	104996864.0
52584448.0	104996864.0
52584448.0	104996864.0
52584448.0	104996864.0
52584448.0	104996864.0
52584448.0	104996864.0
52568064.0	104996864.0
55189504.0	104996864.0
52596736.0	104996864.0
52596736.0	104996864.0
52596736.0	104996864.0
52596736.0	104996864.0
53952512.0	104996864.0
94220288.0	104996864.0
153985024.0	166436864.0
53329920.0	166436864.0
163921920.0	166436864.0
55517184.0	166436864.0
55500800.0	166436864.0
55500800.0	166436864.0
55500800.0	166436864.0
55500800.0	166436864.0
55631872.0	166436864.0
55566336.0	166436864.0
55558144.0	166436864.0
53182464.0	166436864.0
53182464.0	166436864.0
53166080.0	105611264.0
53166080.0	105611264.0
53166080.0	105611264.0
53166080.0	105611264.0
54890496.0	105611264.0
154484736.0	167051264.0
53649408.0	167051264.0
55816192.0	167051264.0
58707968.0	167051264.0
56016896.0	167051264.0
56000512.0	167051264.0
56000512.0	167051264.0
56000512.0	167051264.0
56000512.0	167051264.0
56000512.0	108429312.0
56000512.0	108429312.0
56000512.0	108429312.0
56016896.0	108429312.0
56016896.0	108429312.0
56016896.0	108429312.0
56016896.0	108429312.0
56033280.0	108429312.0
56033280.0	108429312.0
56033280.0	108429312.0
56033280.0	108429312.0
56033280.0	108429312.0
56033280.0	108429312.0
56016896.0	108429312.0
56016896.0	108429312.0
56016896.0	108429312.0
56016896.0	108429312.0
56016896.0	108429312.0
53673984.0	108429312.0
53673984.0	108429312.0
53673984.0	108429312.0
53673984.0	108429312.0
53673984.0	108429312.0
53657600.0	108429312.0
53657600.0	108429312.0
53657600.0	108429312.0
53886976.0	108429312.0
54165504.0	108429312.0
54648832.0	106872832.0
54779904.0	106872832.0
55939072.0	106872832.0
81711104.0	106872832.0
155074560.0	168312832.0
54067200.0	168312832.0
53956608.0	168312832.0
53956608.0	168312832.0
53940224.0	168312832.0
53940224.0	168312832.0
53940224.0	168312832.0
53940224.0	168312832.0
137543680.0	168312832.0
56610816.0	168312832.0
56459264.0	168312832.0
56459264.0	108888064.0
56459264.0	108888064.0
56442880.0	108888064.0
56442880.0	108888064.0
56442880.0	108888064.0
56442880.0	108888064.0
56442880.0	108888064.0
56442880.0	108888064.0
56442880.0	108888064.0
56541184.0	108888064.0
56541184.0	108888064.0
56541184.0	108888064.0
56541184.0	108888064.0
56541184.0	108888064.0
56541184.0	108871680.0
56541184.0	108871680.0
56541184.0	108871680.0
56541184.0	108871680.0
