20754432.0	268435456.0
41336832.0	73351168.0
136597504.0	155271168.0
36708352.0	155271168.0
36581376.0	155271168.0
36667392.0	155271168.0
36679680.0	155271168.0
36679680.0	155271168.0
148267008.0	155271168.0
39981056.0	89108480.0
39981056.0	89108480.0
40099840.0	89108480.0
40099840.0	89108480.0
40083456.0	89108480.0
40083456.0	89108480.0
40108032.0	89108480.0
40108032.0	89108480.0
40108032.0	89108480.0
40108032.0	89108480.0
40108032.0	89108480.0
40108032.0	89108480.0
40759296.0	89108480.0
38957056.0	89108480.0
139616256.0	150548480.0
41869312.0	150548480.0
38764544.0	94298112.0
38764544.0	94298112.0
38842368.0	94298112.0
38842368.0	94298112.0
93634560.0	114778112.0
148221952.0	155738112.0
40026112.0	155738112.0
40062976.0	155738112.0
39964672.0	155738112.0
39948288.0	155738112.0
39948288.0	155738112.0
39981056.0	92377088.0
40054784.0	92377088.0
40054784.0	92377088.0
40054784.0	92377088.0
40087552.0	92377088.0
40087552.0	92377088.0
40087552.0	92377088.0
40087552.0	92377088.0
40087552.0	92377088.0
40095744.0	92377088.0
40095744.0	92377088.0
40095744.0	92377088.0
40095744.0	92377088.0
43159552.0	92377088.0
40153088.0	92377088.0
40153088.0	92377088.0
40153088.0	92377088.0
40153088.0	92377088.0
40153088.0	92377088.0
41480192.0	92377088.0
138522624.0	153817088.0
41218048.0	153817088.0
43819008.0	153817088.0
41066496.0	153817088.0
41066496.0	153817088.0
41050112.0	153817088.0
41050112.0	153817088.0
41050112.0	153817088.0
42954752.0	93478912.0
150585344.0	154918912.0
42315776.0	154918912.0
42196992.0	154918912.0
42196992.0	154918912.0
42196992.0	154918912.0
42180608.0	154918912.0
42180608.0	154918912.0
42180608.0	154918912.0
42180608.0	154918912.0
42455040.0	154918912.0
42242048.0	94609408.0
42242048.0	94609408.0
42242048.0	94609408.0
42242048.0	94609408.0
42242048.0	94609408.0
42242048.0	94609408.0
42242048.0	94609408.0
42242048.0	94609408.0
44617728.0	94609408.0
42229760.0	94609408.0
42229760.0	94609408.0
42229760.0	94609408.0
42229760.0	94609408.0
42229760.0	94609408.0
42229760.0	94609408.0
42229760.0	94609408.0
42229760.0	94609408.0
42229760.0	94609408.0
42229760.0	94609408.0
42229760.0	94609408.0
42229760.0	94609408.0
42229760.0	94609408.0
42229760.0	94609408.0
42229760.0	94609408.0
42229760.0	94609408.0
42229760.0	94609408.0
42229760.0	94609408.0
42229760.0	94609408.0
42229760.0	94609408.0
42229760.0	94609408.0
42229760.0	94609408.0
42229760.0	94609408.0
42229760.0	94609408.0
42229760.0	94609408.0
42229760.0	94609408.0
42229760.0	94609408.0
42229760.0	94609408.0
42229760.0	94609408.0
42229760.0	94609408.0
42352640.0	94609408.0
42233856.0	94609408.0
42233856.0	94609408.0
42233856.0	94609408.0
42233856.0	94609408.0
42233856.0	94609408.0
42233856.0	94609408.0
42233856.0	94609408.0
42233856.0	94609408.0
42233856.0	94609408.0
42233856.0	94609408.0
42233856.0	94609408.0
42217472.0	94609408.0
42217472.0	94609408.0
42217472.0	94609408.0
42217472.0	94609408.0
42217472.0	94609408.0
42217472.0	94609408.0
42217472.0	94609408.0
42217472.0	94609408.0
42217472.0	94609408.0
42217472.0	94609408.0
42217472.0	94609408.0
42217472.0	94609408.0
42217472.0	94609408.0
42217472.0	94609408.0
42217472.0	94609408.0
42217472.0	94609408.0
42217472.0	94609408.0
42217472.0	94609408.0
42217472.0	94609408.0
42217472.0	94609408.0
42217472.0	94609408.0
42217472.0	94609408.0
42217472.0	94609408.0
42217472.0	94609408.0
42217472.0	94609408.0
42217472.0	94609408.0
42217472.0	94609408.0
42217472.0	94609408.0
42217472.0	94609408.0
42217472.0	94609408.0
42217472.0	94609408.0
42217472.0	94609408.0
42217472.0	94609408.0
42217472.0	94609408.0
42307584.0	94609408.0
42307584.0	94609408.0
42373120.0	94609408.0
42262528.0	94609408.0
