460337152	603246592
460337152	603246592
460337152	603246592
460337152	603246592
460337152	603246592
460337152	603246592
460337152	603246592
460337152	603246592
460337152	603246592
460337152	603246592
460337152	512765952
460337152	512765952
460337152	512765952
460337152	512765952
460337152	512765952
460337152	512765952
469225472	512765952
514011136	533245952
515452928	533245952
516362240	533245952
516481024	533245952
518025216	533245952
532664320	533245952
533114880	533245952
533135360	533245952
535506944	553725952
587067392	594685952
680566784	717565952
683433984	717565952
686399488	717565952
653549568	717565952
564232192	717565952
564232192	717565952
564232192	717565952
564232192	717565952
564232192	717565952
564232192	717565952
564232192	616660992
564232192	616660992
564232192	616660992
564232192	616660992
564232192	616660992
564232192	616660992
564232192	616660992
564232192	616660992
564232192	616660992
564232192	616660992
564232192	616660992
564232192	616660992
564232192	616660992
564232192	616660992
564232192	616660992
564232192	616660992
564232192	616660992
564232192	616660992
564232192	616660992
564232192	616660992
564232192	616660992
564232192	616660992
564232192	616660992
564232192	616660992
564232192	616660992
564232192	616660992
564232192	616660992
564232192	616660992
564232192	616660992
564232192	616660992
564232192	616660992
564232192	616660992
564232192	616660992
564232192	616660992
564232192	616660992
564232192	616660992
564232192	616660992
564232192	616660992
564232192	616660992
579678208	616660992
606265344	616660992
619450368	637140992
619466752	637140992
619888640	637140992
620105728	637140992
620154880	637140992
620355584	637140992
620478464	637140992
622034944	637140992
637091840	637140992
649871360	657620992
691937280	698580992
785989632	800980992
745750528	800980992
668270592	800980992
668270592	800980992
671191040	800980992
683282432	800980992
722255872	800980992
724090880	800980992
724398080	800980992
749572096	800980992
757354496	800980992
774885376	800980992
804671488	821460992
808734720	821460992
687783936	821460992
687767552	821460992
687767552	821460992
687767552	821460992
687767552	821460992
687767552	821460992
687767552	821460992
687767552	821460992
687767552	821460992
687767552	821460992
687767552	821460992
687767552	821460992
687767552	821460992
687767552	740196352
687767552	740196352
687767552	740196352
687767552	740196352
687767552	740196352
687767552	740196352
687767552	740196352
687767552	740196352
687767552	740196352
687767552	740196352
687767552	740196352
687767552	740196352
687767552	740196352
687767552	740196352
687767552	740196352
687767552	740196352
687767552	740196352
687767552	740196352
687767552	740196352
687767552	740196352
702345216	740196352
726069248	740196352
741965824	760676352
742932480	760676352
743038976	760676352
743669760	760676352
743792640	760676352
743899136	760676352
744030208	760676352
755621888	760676352
760668160	760676352
773406720	781156352
816414720	822116352
718209024	822116352
718209024	822116352
718209024	822116352
718209024	822116352
767676416	822116352
772345856	822116352
773963776	822116352
774356992	822116352
781463552	822116352
801546240	822116352
815329280	822116352
937893888	924516352
931373056	944996352
931373056	944996352
811143168	944996352
810762240	944996352
810762240	944996352
810762240	944996352
810762240	944996352
810762240	863191040
810762240	863191040
810762240	863191040
810762240	863191040
810762240	863191040
810762240	863191040
810762240	863191040
810762240	863191040
810762240	863191040
810762240	863191040
810762240	863191040
810762240	863191040
810762240	863191040
810762240	863191040
810762240	863191040
810762240	863191040
810762240	863191040
810762240	863191040
810762240	863191040
810762240	863191040
810762240	863191040
810762240	863191040
810762240	863191040
810762240	863191040
810762240	863191040
810762240	863191040
810762240	863191040
810762240	863191040
813711360	863191040
841945088	863191040
865988608	883671040
865988608	883671040
866484224	883671040
866734080	883671040
866840576	883671040
866942976	883671040
867061760	883671040
876642304	883671040
895877120	904151040
937660416	945111040
1031266304	1047511040
1035313152	1047511040
996167680	1047511040
914821120	1047511040
929972224	1047511040
968986624	1047511040
970383360	1047511040
971001856	1047511040
971063296	1047511040
971165696	1047511040
996143104	1047511040
1010593792	1023725568
1032048640	1044205568
933994496	1044205568
933994496	1044205568
933994496	1044205568
933994496	1044205568
933994496	1044205568
933994496	1044205568
933994496	1044205568
933994496	1044205568
933994496	1044205568
933994496	1044205568
933994496	1044205568
933994496	1044205568
933994496	1044205568
933994496	1044205568
933994496	1044205568
933994496	1044205568
933994496	1044205568
933994496	1044205568
933994496	1044205568
933994496	1044205568
933994496	1044205568
933994496	1044205568
933994496	1044205568
933994496	1044205568
933994496	986423296
933994496	986423296
933994496	986423296
933994496	986423296
933994496	986423296
933994496	986423296
933994496	986423296
933994496	986423296
933994496	986423296
933994496	986423296
933994496	986423296
933994496	986423296
933994496	986423296
933994496	986423296
933994496	986423296
933994496	986423296
933994496	986423296
933994496	986423296
933994496	986423296
933994496	986423296
933994496	986423296
933994496	986423296
933994496	986423296
933994496	986423296
933994496	986423296
933994496	986423296
933994496	986423296
933994496	986423296
933994496	986423296
933994496	986423296
933994496	986423296
933994496	986423296
933994496	986423296
933994496	986423296
933994496	986423296
933994496	986423296
933994496	986423296
933994496	986423296
933994496	986423296
933994496	986423296
933994496	986423296
933994496	986423296
933994496	986423296
933994496	986423296
933994496	986423296
933994496	986423296
933994496	986423296
933994496	986423296
933994496	986423296
933994496	986423296
933994496	986423296
933994496	986423296
933994496	986423296
933994496	986423296
933994496	986423296
