607985664	728432640
639660032	728432640
658386944	728432640
658743296	728432640
661401600	728432640
666243072	728432640
677556224	728432640
683945984	728432640
699052032	728432640
690524160	728432640
614776832	728432640
614776832	728432640
614776832	728432640
614776832	728432640
614776832	728432640
614776832	728432640
614776832	728432640
614776832	728432640
614776832	728432640
614776832	728432640
614776832	728432640
614776832	728432640
614776832	728432640
614776832	728432640
614776832	728432640
614776832	728432640
614776832	728432640
614776832	728432640
614776832	728432640
614776832	728432640
614776832	728432640
614776832	667205632
614776832	667205632
614776832	667205632
614776832	667205632
614776832	667205632
614776832	667205632
614776832	667205632
614776832	667205632
614776832	667205632
614776832	667205632
633204736	667205632
667127808	667205632
665968640	667205632
665968640	667205632
665968640	667205632
665968640	667205632
666087424	667205632
667062272	667205632
667062272	667205632
667422720	687685632
673263616	687685632
677433344	687685632
705736704	708165632
761257984	769605632
664686592	769605632
683855872	769605632
718786560	769605632
720670720	740597760
719396864	740597760
720027648	740597760
720281600	740597760
721154048	740597760
740413440	740597760
740458496	740597760
740536320	740597760
834105344	842997760
928792576	945397760
934416384	945397760
895471616	945397760
812187648	945397760
812179456	945397760
812179456	945397760
812179456	945397760
812179456	945397760
812085248	945397760
812052480	945397760
812052480	945397760
812052480	945397760
812052480	945397760
812052480	945397760
812052480	945397760
812052480	945397760
812052480	945397760
812052480	945397760
812052480	945397760
812052480	945397760
812052480	864481280
812052480	864481280
812052480	864481280
812052480	864481280
812052480	864481280
812052480	864481280
812052480	864481280
812052480	864481280
812052480	864481280
812052480	864481280
812052480	864481280
812052480	864481280
812052480	864481280
812052480	864481280
849686528	864481280
866852864	884961280
867770368	884961280
867770368	884961280
867770368	884961280
867889152	884961280
868655104	884961280
874254336	884961280
882585600	884961280
884920320	884961280
884944896	884961280
935776256	946401280
919302144	946401280
842190848	946401280
879271936	946401280
898453504	909516800
909455360	909516800
913408000	929996800
914194432	929996800
921235456	929996800
983183360	991436800
1078091776	1093836800
1041899520	1093836800
959930368	1093836800
959877120	1093836800
959877120	1093836800
959877120	1093836800
959877120	1093836800
959877120	1093836800
959877120	1093836800
959877120	1093836800
959877120	1093836800
959877120	1093836800
959877120	1093836800
959877120	1093836800
959877120	1093836800
959877120	1093836800
959877120	1093836800
959877120	1093836800
959877120	1093836800
959877120	1093836800
959877120	1093836800
959877120	1093836800
959877120	1012305920
959877120	1012305920
959877120	1012305920
959877120	1012305920
959877120	1012305920
959877120	1012305920
959877120	1012305920
959877120	1012305920
959877120	1012305920
959877120	1012305920
959877120	1012305920
959877120	1012305920
959877120	1012305920
959877120	1012305920
959877120	1012305920
959877120	1012305920
959877120	1012305920
1008939008	1012305920
1013612544	1032785920
1015427072	1032785920
1015693312	1032785920
1015812096	1032785920
1018105856	1032785920
1028370432	1032785920
1032720384	1032785920
1032699904	1032785920
1032622080	1032785920
1085427712	1094225920
1072947200	1094225920
1005400064	1094225920
1045532672	1094225920
1046315008	1094225920
1055674368	1094225920
1067032576	1094225920
1079234560	1094225920
1109962752	1135185920
1160814592	1176145920
1133375488	1176145920
1043079168	1176145920
1043079168	1176145920
1043079168	1176145920
1043079168	1176145920
1043079168	1176145920
1043079168	1176145920
1043079168	1176145920
1043079168	1176145920
1043079168	1176145920
1043079168	1176145920
1043079168	1176145920
1043079168	1176145920
1043079168	1176145920
1043079168	1176145920
1043079168	1176145920
1043079168	1176145920
1043079168	1176145920
1043079168	1176145920
1043079168	1176145920
1043079168	1095507968
1043079168	1095507968
1043079168	1095507968
1043079168	1095507968
1043079168	1095507968
1043079168	1095507968
1043079168	1095507968
1043079168	1095507968
1043079168	1095507968
1043079168	1095507968
1043079168	1095507968
1043079168	1095507968
1043079168	1095507968
1043079168	1095507968
1043079168	1095507968
1043079168	1095507968
1043079168	1095507968
1043079168	1095507968
1043079168	1095507968
1043079168	1095507968
1075625984	1095507968
1096744960	1115987968
1097949184	1115987968
1098002432	1115987968
1098989568	1115987968
1098874880	1115987968
1099853824	1115987968
1100816384	1115987968
1107939328	1115987968
1115791360	1115987968
1125576704	1136467968
1170829312	1177427968
1265356800	1279827968
1223221248	1279827968
1146449920	1279827968
1179361280	1279827968
1201729536	1279827968
1202536448	1279827968
1202659328	1279827968
1202778112	1279827968
1204137984	1279827968
1210880000	1279827968
1215569920	1279827968
1227038720	1279827968
1243918336	1279827968
1280831488	1300307968
1286598656	1300307968
1255628800	1300307968
1165717504	1300307968
1165717504	1300307968
1165717504	1300307968
1165717504	1300307968
1165717504	1300307968
1165717504	1300307968
1165717504	1300307968
1165717504	1300307968
1165717504	1300307968
1165717504	1218146304
1165717504	1218146304
1165717504	1218146304
1165717504	1218146304
1165717504	1218146304
1165717504	1218146304
1165717504	1218146304
1165717504	1218146304
1165717504	1218146304
1165717504	1218146304
1165717504	1218146304
1165717504	1218146304
1165717504	1218146304
1165717504	1218146304
1165717504	1218146304
1165717504	1218146304
1165717504	1218146304
1165717504	1218146304
1165717504	1218146304
1165717504	1218146304
1165717504	1218146304
1165717504	1218146304
1165717504	1218146304
1185021952	1218146304
1219133440	1238626304
1220550656	1238626304
1220661248	1238626304
1221541888	1238626304
1222701056	1238626304
1223544832	1238626304
1231572992	1238626304
1238503424	1238626304
1292316672	1279586304
1396199424	1381986304
1389969408	1402466304
1354133504	1402466304
1269403648	1402466304
1269403648	1402466304
1269403648	1402466304
1269403648	1402466304
1269403648	1402466304
1269403648	1402466304
