377634816.0	438549000.0
377634816.0	438549000.0
377634816.0	438549000.0
377634816.0	438549000.0
377634816.0	438549000.0
377634816.0	438549000.0
377634816.0	438549000.0
377634816.0	438549000.0
377634816.0	438549000.0
377634816.0	438549000.0
377634816.0	438549000.0
377634816.0	438549000.0
377634816.0	438549000.0
377634816.0	438549000.0
377765888.0	438549000.0
377638912.0	438549000.0
377638912.0	438549000.0
377638912.0	438549000.0
377638912.0	438549000.0
377638912.0	438549000.0
377638912.0	438549000.0
377638912.0	438549000.0
377638912.0	438549000.0
377638912.0	438549000.0
377769984.0	438549000.0
377769984.0	438549000.0
377769984.0	438549000.0
377643008.0	438549000.0
378355712.0	438549000.0
379392000.0	438549000.0
382324736.0	438549000.0
385392640.0	438549000.0
388308992.0	438549000.0
388292608.0	438549000.0
392941568.0	438549000.0
393744384.0	438549000.0
393158656.0	438549000.0
393031680.0	438549000.0
393031680.0	438549000.0
392990720.0	438549000.0
392990720.0	438549000.0
393539584.0	438549000.0
395669504.0	438549000.0
397307904.0	438549000.0
398626816.0	438549000.0
400740352.0	438549000.0
400855040.0	438549000.0
403165184.0	438549000.0
409272320.0	438549000.0
406568960.0	438549000.0
406458368.0	438549000.0
417128448.0	438549000.0
416989184.0	438549000.0
417251328.0	438549000.0
413097984.0	438549000.0
413425664.0	438549000.0
413794304.0	438549000.0
414232576.0	438549000.0
413614080.0	438549000.0
409309184.0	438549000.0
408457216.0	438549000.0
408662016.0	438549000.0
408817664.0	438549000.0
408907776.0	438549000.0
409182208.0	438549000.0
409055232.0	438549000.0
408928256.0	438549000.0
409276416.0	438549000.0
413954048.0	438549000.0
411275264.0	438549000.0
412938240.0	438549000.0
413130752.0	438549000.0
412389376.0	438549000.0
412389376.0	438549000.0
412389376.0	438549000.0
412389376.0	438549000.0
412438528.0	438549000.0
412766208.0	438549000.0
412647424.0	438549000.0
412733440.0	438549000.0
413270016.0	438549000.0
412901376.0	438549000.0
412934144.0	438549000.0
412934144.0	438549000.0
412934144.0	438549000.0
412934144.0	438549000.0
412934144.0	438549000.0
412934144.0	438549000.0
412938240.0	438549000.0
412938240.0	438549000.0
413241344.0	438549000.0
413261824.0	438549000.0
413220864.0	438549000.0
413286400.0	438549000.0
413286400.0	438549000.0
413286400.0	438549000.0
413286400.0	438549000.0
413286400.0	438549000.0
413286400.0	438549000.0
413286400.0	438549000.0
413204480.0	438549000.0
413204480.0	438549000.0
413204480.0	438549000.0
413204480.0	438549000.0
413204480.0	438549000.0
413204480.0	438549000.0
413204480.0	438549000.0
413204480.0	438549000.0
413204480.0	438549000.0
413204480.0	438549000.0
413204480.0	438549000.0
413204480.0	438549000.0
413224960.0	438549000.0
413360128.0	438549000.0
413241344.0	438549000.0
413241344.0	438549000.0
413241344.0	438549000.0
413241344.0	438549000.0
413241344.0	438549000.0
413241344.0	438549000.0
413241344.0	438549000.0
413241344.0	438549000.0
413241344.0	438549000.0
413241344.0	438549000.0
413241344.0	438549000.0
413241344.0	438549000.0
413241344.0	438549000.0
413241344.0	438549000.0
413241344.0	438549000.0
413241344.0	438549000.0
413241344.0	438549000.0
413892608.0	438549000.0
413511680.0	438549000.0
413605888.0	438549000.0
413605888.0	438549000.0
413605888.0	438549000.0
413605888.0	438549000.0
413605888.0	438549000.0
413605888.0	438549000.0
413605888.0	438549000.0
413605888.0	438549000.0
413523968.0	438549000.0
413523968.0	438549000.0
413532160.0	438549000.0
414162944.0	438549000.0
414539776.0	438549000.0
414158848.0	438549000.0
413929472.0	438549000.0
415150080.0	438549000.0
414801920.0	438549000.0
416890880.0	438549000.0
417046528.0	438549000.0
417263616.0	438549000.0
416870400.0	438549000.0
417275904.0	438549000.0
416931840.0	438549000.0
417771520.0	438549000.0
417779712.0	438549000.0
417660928.0	438549000.0
421617664.0	438549000.0
427610112.0	438549000.0
427626496.0	438549000.0
427933696.0	438549000.0
421941248.0	438549000.0
421928960.0	438549000.0
421683200.0	438549000.0
421687296.0	438549000.0
421949440.0	438549000.0
422510592.0	438549000.0
423112704.0	438549000.0
423030784.0	438549000.0
423645184.0	438549000.0
424751104.0	438549000.0
424058880.0	438549000.0
424202240.0	438549000.0
424108032.0	438549000.0
423997440.0	438549000.0
424030208.0	438549000.0
423931904.0	438549000.0
423931904.0	438549000.0
