0	100000
63677	100000
70050	100000
80843	100000
64210	100000
10836	100000
283	100000
185	100000
3183	100000
191	100000
3577	100000
195	100000
187	100000
211	100000
87055	100000
56270	100000
192	100000
2299	100000
197	100000
230	100000
85	100000
21	100000
19	100000
17	100000
18	100000
2718	100000
67339	100000
18435	100000
668	100000
24	100000
2579	100000
35	100000
36	100000
3261	100000
26	100000
21	100000
46	100000
21	100000
42611	100000
94864	100000
1923	100000
22	100000
21	100000
41	100000
23	100000
12626	100000
63264	100000
21	100000
23	100000
21	100000
55	100000
569	100000
28	100000
30	100000
21	100000
35	100000
43	100000
20	100000
39	100000
23	100000
241	100000
21	100000
21	100000
4458	100000
197	100000
37	100000
27	100000
27	100000
1442	100000
19	100000
24	100000
0	100000
80849	100000
60449	100000
36	100000
21	100000
20	100000
55	100000
26	100000
21	100000
35	100000
22	100000
20	100000
57257	100000
26125	100000
29	100000
0	100000
0	100000
30	100000
0	100000
5	100000
0	100000
0	100000
0	100000
0	100000
0	100000
3663	100000
36	100000
28	100000
36	100000
31	100000
38	100000
27	100000
27	100000
28	100000
26	100000
3149	100000
20	100000
20	100000
21	100000
4	100000
0	100000
32052	100000
99734	100000
10459	100000
27	100000
21	100000
61	100000
25	100000
22	100000
22094	100000
54135	100000
21	100000
21	100000
21	100000
46	100000
0	100000
0	100000
311	100000
20	100000
26	100000
21	100000
44	100000
20	100000
21	100000
30	100000
27	100000
21	100000
23	100000
2058	100000
48	100000
0	100000
0	100000
0	100000
20	100000
0	100000
0	100000
0	100000
0	100000
0	100000
6	100000
1035	100000
2151	100000
21866	100000
105450	100000
18113	100000
38	100000
22	100000
22	100000
28	100000
29	100000
21	100000
21	100000
12950	100000
63174	100000
37	100000
21	100000
26	100000
39	100000
1040	100000
238	100000
27	100000
1534	100000
20	100000
45	100000
561	100000
86024	100000
57865	100000
32	100000
20	100000
28	100000
39	100000
67281	100000
30	100000
608	100000
21	100000
29	100000
845	100000
27	100000
23	100000
28	100000
0	100000
3075	100000
67710	100000
72939	100000
29	100000
25	100000
40	100000
20	100000
21	100000
24	100000
21	100000
21	100000
29	100000
1892	100000
83831	100000
39	100000
21	100000
2257	100000
34	100000
63	100000
30	100000
2071	100000
26	100000
20	100000
40	100000
21	100000
55588	100000
79916	100000
40833	100000
29329	100000
667	100000
1053	100000
77839	100000
58183	100000
31	100000
20	100000
48	100000
21	100000
2190	100000
71291	100000
1723	100000
5	100000
5	100000
24260	100000
101825	100000
20024	100000
66043	100000
21	100000
1242	100000
1630	100000
1787	100000
218	100000
84236	100000
55802	100000
28	100000
21	100000
26	100000
3661	100000
63702	100000
30	100000
23	100000
661	100000
54	100000
19	100000
28	100000
1273	100000
19	100000
21	100000
20	100000
1020	100000
45	100000
30	100000
29	100000
27	100000
44	100000
64	100000
25	100000
39	100000
1335	100000
35	100000
29	100000
21	100000
29	100000
24	100000
0	100000
0	100000
85447	100000
55449	100000
68260	100000
44	100000
21	100000
43	100000
24	100000
38	100000
331	100000
29	100000
1237	100000
21	100000
128	100000
52	100000
701	100000
28	100000
22	100000
31	100000
53	100000
42	100000
523	100000
1395	100000
84910	100000
54616	100000
417	100000
21	100000
21	100000
43	100000
7115	100000
72472	100000
519	100000
27	100000
26	100000
45	100000
21	100000
1345	100000
61	100000
31	100000
1463	100000
63881	100000
69379	100000
433	100000
0	100000
13	100000
0	100000
452	100000
66669	100000
35	100000
28	100000
21	100000
24	100000
38	100000
28	100000
1204	100000
269	100000
30	100000
321	100000
861	100000
42	100000
399	100000
85424	100000
53715	100000
1361	100000
21	100000
21	100000
49	100000
35	100000
301	100000
74721	100000
11059	100000
27	100000
27	100000
32	100000
48	100000
0	100000
0	100000
0	100000
0	100000
0	100000
0	100000
0	100000
0	100000
5	100000
0	100000
901	100000
25	100000
1137	100000
38364	100000
96629	100000
2118	100000
70805	100000
24	100000
142	100000
25	100000
45	100000
20	100000
20	100000
20	100000
0	100000
0	100000
0	100000
0	100000
865	100000
731	100000
251	100000
777	100000
403	100000
64493	100000
72021	100000
487	100000
26	100000
46	100000
23797	100000
63823	100000
137	100000
20	100000
0	100000
21	100000
878	100000
27	100000
28	100000
21	100000
36	100000
48	100000
33	100000
22	100000
20	100000
20	100000
21	100000
476	100000
35	100000
26	100000
12	100000
869	100000
352	100000
87630	100000
49166	100000
66962	100000
9230	100000
38	100000
40	100000
25	100000
29	100000
20	100000
21	100000
22	100000
30	100000
0	100000
0	100000
196	100000
21	100000
773	100000
26	100000
22	100000
40	100000
30	100000
21	100000
20	100000
22	100000
32	100000
21	100000
20	100000
23	100000
0	100000
547	100000
61030	100000
77533	100000
729	100000
31	100000
39	100000
21	100000
20	100000
26	100000
28	100000
21	100000
21	100000
21	100000
19	100000
433	100000
1430	100000
59012	100000
40450	100000
175	100000
21	100000
21	100000
38	100000
21	100000
25	100000
26	100000
27	100000
23	100000
24	100000
32	100000
1262	100000
0	100000
0	100000
0	100000
0	100000
19	100000
504	100000
29	100000
126	100000
33	100000
197	100000
33	100000
26	100000
36	100000
26	100000
26	100000
53	100000
1661	100000
60908	100000
71748	100000
342	100000
20	100000
40	100000
20	100000
17	100000
29	100000
21	100000
30	100000
48183	100000
29682	100000
21	100000
20	100000
25	100000
253	100000
0	100000
0	100000
0	100000
0	100000
0	100000
4	100000
0	100000
0	100000
0	100000
0	100000
0	100000
0	100000
0	100000
0	100000
864	100000
29	100000
30	100000
1273	100000
30	100000
178	100000
34	100000
25	100000
27	100000
26	100000
21	100000
797	100000
70083	100000
69144	100000
1279	100000
41695	100000
45909	100000
42	100000
27	100000
21	100000
21	100000
28	100000
24	100000
18	100000
23	100000
21	100000
20	100000
677	100000
24	100000
20	100000
19	100000
24	100000
227	100000
189	100000
26	100000
29	100000
26	100000
25	100000
36	100000
26	100000
26	100000
88	100000
1785	100000
52	100000
30	100000
28	100000
29	100000
21	100000
19	100000
29	100000
1286	100000
94218	100000
46646	100000
28	100000
27	100000
21	100000
19	100000
0	100000
0	100000
195	100000
54399	100000
27340	100000
21	100000
27	100000
31	100000
45	100000
19	100000
21	100000
21	100000
23	100000
21	100000
26	100000
26	100000
23	100000
2237	100000
26	100000
29	100000
25	100000
20	100000
44	100000
20	100000
37	100000
32	100000
71028	100000
68848	100000
743	100000
23	100000
21	100000
16166	100000
51547	100000
131	100000
57	100000
21	100000
48	100000
20	100000
20	100000
21	100000
21	100000
31	100000
21	100000
21	100000
36	100000
0	100000
0	100000
0	100000
398	100000
19	100000
28	100000
21	100000
27	100000
47	100000
136	100000
412	100000
29	100000
21	100000
24	100000
42	100000
23	100000
18	100000
0	100000
0	100000
6	100000
0	100000
0	100000
1615	100000
73160	100000
61419	100000
26350	100000
42817	100000
1714	100000
52	100000
32	100000
21	100000
20	100000
20	100000
18	100000
18	100000
20	100000
598	100000
30	100000
3665	100000
34	100000
21	100000
43	100000
29	100000
27	100000
37	100000
37	100000
44	100000
27	100000
40	100000
34	100000
0	100000
0	100000
80998	100000
58041	100000
44328	100000
33741	100000
27	100000
39	100000
27	100000
54	100000
23	100000
22	100000
22	100000
22	100000
26	100000
372	100000
21	100000
28	100000
21	100000
25	100000
44	100000
29	100000
27	100000
25	100000
18	100000
30	100000
27	100000
25	100000
25	100000
5	100000
0	100000
0	100000
0	100000
1228	100000
28	100000
24	100000
20	100000
20	100000
41	100000
156	100000
256	100000
22	100000
22	100000
25	100000
34	100000
24	100000
26	100000
6	100000
