13385728	55558144
14098432	55558144
15683584	55558144
17190912	55558144
16470016	55558144
16715776	55558144
16715776	55558144
16601088	55558144
16527360	55558144
16990208	55558144
16592896	55558144
16949248	55558144
17158144	55558144
17055744	55558144
16703488	55558144
16674816	55558144
16801792	55558144
17047552	55558144
16863232	55558144
16793600	55558144
16723968	55558144
17219584	55558144
16121856	55558144
16695296	55558144
16633856	55558144
16510976	55558144
16834560	55558144
16650240	55558144
17104896	55558144
16887808	55558144
16592896	55558144
16220160	55558144
16674816	55558144
16297984	55558144
16433152	55558144
16863232	55558144
16965632	55558144
16551936	55558144
16359424	55558144
16769024	55558144
16343040	55558144
16257024	55558144
16809984	55558144
17014784	55558144
16850944	55558144
17170432	55558144
16986112	55558144
16945152	55558144
16711680	55558144
17272832	55558144
16863232	55558144
17223680	55558144
16834560	55558144
16920576	55558144
17334272	55558144
16924672	55558144
16666624	55558144
16584704	55558144
16474112	55558144
16633856	55558144
16625664	55558144
16789504	55558144
16183296	55558144
16855040	55558144
16433152	55558144
16924672	55558144
16707584	55558144
16486400	55558144
17047552	55558144
16216064	55558144
17248256	55558144
17031168	55558144
16625664	55558144
17031168	55558144
16486400	55558144
16941056	55558144
17170432	55558144
16543744	55558144
16576512	55558144
16592896	55558144
17260544	55558144
17133568	55558144
17264640	55558144
16850944	55558144
16633856	55558144
16691200	55558144
16236544	55558144
16982016	55558144
17080320	55558144
17158144	55558144
16592896	55558144
17174528	55558144
17031168	55558144
17018880	55558144
16523264	55558144
17301504	55558144
16990208	55558144
16928768	55558144
16900096	55558144
16924672	55558144
16916480	55558144
17477632	55558144
16723968	55558144
16433152	55558144
16650240	55558144
17342464	55558144
17108992	55558144
16314368	55558144
16748544	55558144
17387520	55558144
16642048	55558144
17432576	55558144
16846848	55558144
17113088	55558144
17256448	55558144
16961536	55558144
16650240	55558144
17420288	55558144
16900096	55558144
16412672	55558144
17080320	55558144
16990208	55558144
17035264	55558144
15904768	55558144
15724544	55558144
15724544	55558144
15724544	55558144
15724544	55558144
15724544	55558144
15724544	55558144
15855616	55558144
15855616	55558144
15810560	55558144
15810560	55558144
15810560	55558144
15810560	55558144
15810560	55558144
15810560	55558144
15810560	55558144
15810560	55558144
