65376256	114495488
66490368	114495488
67383296	114495488
67497984	114495488
67584000	114495488
67571712	114495488
68218880	114495488
68186112	114495488
68186112	114495488
68186112	114495488
68186112	114495488
68186112	114495488
68186112	114495488
68186112	114495488
68300800	114495488
68186112	114495488
68190208	114495488
68304896	114495488
68190208	114495488
68304896	114495488
68190208	114495488
68190208	114495488
68190208	114495488
68190208	114495488
68190208	114495488
68190208	114495488
68190208	114495488
68190208	114495488
68190208	114495488
68190208	114495488
68190208	114495488
68190208	114495488
68190208	114495488
68190208	114495488
68304896	114495488
68190208	114495488
68304896	114495488
68222976	114495488
68222976	114495488
68222976	114495488
68222976	114495488
68222976	114495488
68222976	114495488
68227072	114495488
68227072	114495488
68263936	114495488
68263936	114495488
68263936	114495488
68378624	114495488
68341760	114495488
68456448	114495488
68341760	114495488
68341760	114495488
68341760	114495488
68341760	114495488
68341760	114495488
68341760	114495488
68341760	114495488
68341760	114495488
68341760	114495488
68456448	114495488
68341760	114495488
68493312	114495488
68456448	114495488
68386816	114495488
68501504	114495488
68386816	114495488
68386816	114495488
68386816	114495488
68386816	114495488
68386816	114495488
68386816	114495488
68386816	114495488
68386816	114495488
68386816	114495488
68386816	114495488
68386816	114495488
68386816	114495488
68386816	114495488
68386816	114495488
68386816	114495488
68501504	114495488
68390912	114495488
68505600	114495488
68390912	114495488
68390912	114495488
68505600	114495488
68390912	114495488
68390912	114495488
68390912	114495488
68390912	114495488
68390912	114495488
68390912	114495488
68390912	114495488
68390912	114495488
68390912	114495488
68505600	114495488
68505600	114495488
68468736	114495488
68542464	114495488
68657152	114495488
68546560	114495488
68546560	114495488
68546560	114495488
68546560	114495488
68546560	114495488
68546560	114495488
68546560	114495488
68546560	114495488
68546560	114495488
68546560	114495488
68550656	114495488
68550656	114495488
68665344	114495488
68665344	114495488
68550656	114495488
68665344	114495488
68550656	114495488
68550656	114495488
68562944	114495488
68567040	114495488
68567040	114495488
68567040	114495488
68567040	114495488
68567040	114495488
68567040	114495488
68567040	114495488
68567040	114495488
68567040	114495488
68567040	114495488
68567040	114495488
68567040	114495488
68567040	114495488
68567040	114495488
68567040	114495488
68681728	114495488
68567040	114495488
68567040	114495488
68567040	114495488
68571136	114495488
