0.0	70000000.0
4526500.0	70000000.0
3398500.0	70000000.0
4897400.0	70000000.0
8020800.0	70000000.0
22081800.0	70000000.0
24116800.0	70000000.0
32675900.0	70000000.0
40521100.0	70000000.0
52086500.0	70000000.0
54383500.0	70000000.0
53164600.0	70000000.0
55567600.0	70000000.0
52642700.0	70000000.0
55556200.0	70000000.0
53688600.0	70000000.0
51004200.0	70000000.0
54775500.0	70000000.0
54065900.0	70000000.0
52670300.0	70000000.0
55289500.0	70000000.0
52202600.0	70000000.0
28677600.0	70000000.0
4954600.0	70000000.0
5012100.0	70000000.0
3241000.0	70000000.0
4719200.0	70000000.0
4806300.0	70000000.0
4817900.0	70000000.0
4648400.0	70000000.0
4744700.0	70000000.0
37441400.0	70000000.0
51983400.0	70000000.0
52102800.0	70000000.0
53707400.0	70000000.0
54981700.0	70000000.0
52386900.0	70000000.0
52986300.0	70000000.0
53416200.0	70000000.0
52693500.0	70000000.0
53165100.0	70000000.0
53586700.0	70000000.0
53018800.0	70000000.0
51830500.0	70000000.0
54333300.0	70000000.0
53482400.0	70000000.0
55500100.0	70000000.0
53583100.0	70000000.0
54875600.0	70000000.0
18945100.0	70000000.0
4719100.0	70000000.0
3043300.0	70000000.0
5021900.0	70000000.0
5014100.0	70000000.0
4969900.0	70000000.0
4702500.0	70000000.0
3161000.0	70000000.0
4594800.0	70000000.0
45133300.0	70000000.0
52784500.0	70000000.0
55062300.0	70000000.0
52247000.0	70000000.0
50752100.0	70000000.0
54609600.0	70000000.0
53201500.0	70000000.0
53600700.0	70000000.0
53552600.0	70000000.0
51862000.0	70000000.0
54106900.0	70000000.0
52273100.0	70000000.0
46276400.0	70000000.0
40995600.0	70000000.0
1381800.0	70000000.0
0.0	70000000.0
0.0	70000000.0
0.0	70000000.0
0.0	70000000.0
101100.0	70000000.0
0.0	70000000.0
0.0	70000000.0
198700.0	70000000.0
4885300.0	70000000.0
4460600.0	70000000.0
4481300.0	70000000.0
32526300.0	70000000.0
55765100.0	70000000.0
53425400.0	70000000.0
53092300.0	70000000.0
51575500.0	70000000.0
53136600.0	70000000.0
53402500.0	70000000.0
55909100.0	70000000.0
52324400.0	70000000.0
53889600.0	70000000.0
51467000.0	70000000.0
55296900.0	70000000.0
52325800.0	70000000.0
51580800.0	70000000.0
54303100.0	70000000.0
54766600.0	70000000.0
52800400.0	70000000.0
53999700.0	70000000.0
11953300.0	70000000.0
5021100.0	70000000.0
5550200.0	70000000.0
4944700.0	70000000.0
4729600.0	70000000.0
3407800.0	70000000.0
4375400.0	70000000.0
4391400.0	70000000.0
5497000.0	70000000.0
37123700.0	70000000.0
55126700.0	70000000.0
52980500.0	70000000.0
53400200.0	70000000.0
52398200.0	70000000.0
53310800.0	70000000.0
53501100.0	70000000.0
51706700.0	70000000.0
53333700.0	70000000.0
53904600.0	70000000.0
54326500.0	70000000.0
52398100.0	70000000.0
53210600.0	70000000.0
55423700.0	70000000.0
54079500.0	70000000.0
52625500.0	70000000.0
52203200.0	70000000.0
35049000.0	70000000.0
5204000.0	70000000.0
5382800.0	70000000.0
3086600.0	70000000.0
4873900.0	70000000.0
5034900.0	70000000.0
4756100.0	70000000.0
4622900.0	70000000.0
3378900.0	70000000.0
17756000.0	70000000.0
55071200.0	70000000.0
52752200.0	70000000.0
