0.0	112000000.0
4358100.0	112000000.0
3696300.0	112000000.0
3126900.0	112000000.0
8251900.0	112000000.0
14868000.0	112000000.0
18693200.0	112000000.0
26530600.0	112000000.0
36374100.0	112000000.0
42286600.0	112000000.0
39899700.0	112000000.0
42640000.0	112000000.0
44202600.0	112000000.0
40058200.0	112000000.0
41451900.0	112000000.0
41549400.0	112000000.0
39916700.0	112000000.0
41929100.0	112000000.0
38644600.0	112000000.0
41543200.0	112000000.0
39503900.0	112000000.0
36543400.0	112000000.0
3983900.0	112000000.0
4092300.0	112000000.0
2958200.0	112000000.0
4218700.0	112000000.0
5542300.0	112000000.0
4101600.0	112000000.0
4079700.0	112000000.0
4397000.0	112000000.0
17685500.0	112000000.0
40237100.0	112000000.0
41049900.0	112000000.0
42285200.0	112000000.0
39673200.0	112000000.0
42570000.0	112000000.0
37718200.0	112000000.0
43036000.0	112000000.0
39327500.0	112000000.0
40653000.0	112000000.0
38128800.0	112000000.0
42481600.0	112000000.0
39749500.0	112000000.0
42311300.0	112000000.0
43752800.0	112000000.0
41270900.0	112000000.0
40984700.0	112000000.0
43526300.0	112000000.0
11349800.0	112000000.0
4120300.0	112000000.0
4032400.0	112000000.0
4254900.0	112000000.0
4189800.0	112000000.0
4529300.0	112000000.0
4450600.0	112000000.0
3856400.0	112000000.0
7760100.0	112000000.0
40320800.0	112000000.0
43761700.0	112000000.0
43045800.0	112000000.0
37304700.0	112000000.0
41382200.0	112000000.0
40455200.0	112000000.0
41227700.0	112000000.0
41711500.0	112000000.0
39668400.0	112000000.0
37671500.0	112000000.0
43387300.0	112000000.0
41799500.0	112000000.0
22011700.0	112000000.0
2047500.0	112000000.0
509800.0	112000000.0
593100.0	112000000.0
512100.0	112000000.0
564700.0	112000000.0
519000.0	112000000.0
509400.0	112000000.0
818500.0	112000000.0
544800.0	112000000.0
2194500.0	112000000.0
2987300.0	112000000.0
4348900.0	112000000.0
4019700.0	112000000.0
12860400.0	112000000.0
40770700.0	112000000.0
44459600.0	112000000.0
41052100.0	112000000.0
38132100.0	112000000.0
41494300.0	112000000.0
40484500.0	112000000.0
40887700.0	112000000.0
43058600.0	112000000.0
39215500.0	112000000.0
38762500.0	112000000.0
43771200.0	112000000.0
41131000.0	112000000.0
41640900.0	112000000.0
42687200.0	112000000.0
42846200.0	112000000.0
42188900.0	112000000.0
41870000.0	112000000.0
28121900.0	112000000.0
4932300.0	112000000.0
4094300.0	112000000.0
2999800.0	112000000.0
4265100.0	112000000.0
4799500.0	112000000.0
4210300.0	112000000.0
4048700.0	112000000.0
4718000.0	112000000.0
13362500.0	112000000.0
36093200.0	112000000.0
41789800.0	112000000.0
43639100.0	112000000.0
41171500.0	112000000.0
41528900.0	112000000.0
40357900.0	112000000.0
42867500.0	112000000.0
42526000.0	112000000.0
40133100.0	112000000.0
39138100.0	112000000.0
43166200.0	112000000.0
42872100.0	112000000.0
41634900.0	112000000.0
41213800.0	112000000.0
45017600.0	112000000.0
42935100.0	112000000.0
42838600.0	112000000.0
11052700.0	112000000.0
4809700.0	112000000.0
4370900.0	112000000.0
4344800.0	112000000.0
4453700.0	112000000.0
4556000.0	112000000.0
3967900.0	112000000.0
4244000.0	112000000.0
4147900.0	112000000.0
39308900.0	112000000.0
42417700.0	112000000.0
36363000.0	112000000.0
