0.0	30000000.0
41900.0	30000000.0
20800.0	30000000.0
13000.0	30000000.0
21100.0	30000000.0
13300.0	30000000.0
22600.0	30000000.0
26000.0	30000000.0
12800.0	30000000.0
18100.0	30000000.0
23400.0	30000000.0
20200.0	30000000.0
31300.0	30000000.0
15900.0	30000000.0
16600.0	30000000.0
14200.0	30000000.0
20000.0	30000000.0
14500.0	30000000.0
19100.0	30000000.0
21700.0	30000000.0
23800.0	30000000.0
13900.0	30000000.0
14800.0	30000000.0
17200.0	30000000.0
15600.0	30000000.0
18200.0	30000000.0
25300.0	30000000.0
14500.0	30000000.0
13600.0	30000000.0
15100.0	30000000.0
14600.0	30000000.0
16500.0	30000000.0
15700.0	30000000.0
23000.0	30000000.0
27700.0	30000000.0
14700.0	30000000.0
16100.0	30000000.0
21500.0	30000000.0
16900.0	30000000.0
19800.0	30000000.0
27100.0	30000000.0
15700.0	30000000.0
15700.0	30000000.0
16400.0	30000000.0
18100.0	30000000.0
22700.0	30000000.0
26000.0	30000000.0
14800.0	30000000.0
17900.0	30000000.0
19500.0	30000000.0
14600.0	30000000.0
18700.0	30000000.0
16000.0	30000000.0
30000.0	30000000.0
14100.0	30000000.0
15700.0	30000000.0
15400.0	30000000.0
18200.0	30000000.0
14500.0	30000000.0
25400.0	30000000.0
29200.0	30000000.0
15400.0	30000000.0
15100.0	30000000.0
14500.0	30000000.0
14500.0	30000000.0
14100.0	30000000.0
23200.0	30000000.0
28600.0	30000000.0
13700.0	30000000.0
14900.0	30000000.0
14200.0	30000000.0
18200.0	30000000.0
18300.0	30000000.0
29600.0	30000000.0
14200.0	30000000.0
14000.0	30000000.0
15800.0	30000000.0
13400.0	30000000.0
14300.0	30000000.0
15000.0	30000000.0
14900.0	30000000.0
24600.0	30000000.0
24100.0	30000000.0
14600.0	30000000.0
18300.0	30000000.0
22200.0	30000000.0
15700.0	30000000.0
14100.0	30000000.0
22100.0	30000000.0
38800.0	30000000.0
14800.0	30000000.0
19700.0	30000000.0
15700.0	30000000.0
16000.0	30000000.0
15700.0	30000000.0
19700.0	30000000.0
19400.0	30000000.0
30900.0	30000000.0
19100.0	30000000.0
15400.0	30000000.0
16000.0	30000000.0
16200.0	30000000.0
20900.0	30000000.0
23100.0	30000000.0
25400.0	30000000.0
16900.0	30000000.0
14700.0	30000000.0
16300.0	30000000.0
14100.0	30000000.0
17300.0	30000000.0
21300.0	30000000.0
22900.0	30000000.0
14700.0	30000000.0
18200.0	30000000.0
13700.0	30000000.0
16300.0	30000000.0
15600.0	30000000.0
19200.0	30000000.0
32300.0	30000000.0
19000.0	30000000.0
24500.0	30000000.0
16400.0	30000000.0
13000.0	30000000.0
13100.0	30000000.0
17500.0	30000000.0
30700.0	30000000.0
16600.0	30000000.0
18700.0	30000000.0
16200.0	30000000.0
15100.0	30000000.0
14900.0	30000000.0
17600.0	30000000.0
17800.0	30000000.0
26900.0	30000000.0
12900.0	30000000.0
14000.0	30000000.0
13600.0	30000000.0
16400.0	30000000.0
21000.0	30000000.0
18400.0	30000000.0
