0.0	104500000.0
3233500.0	104500000.0
4014900.0	104500000.0
3618300.0	104500000.0
2664500.0	104500000.0
16629000.0	104500000.0
18245700.0	104500000.0
24404000.0	104500000.0
32716300.0	104500000.0
41896600.0	104500000.0
42691200.0	104500000.0
43422900.0	104500000.0
45390200.0	104500000.0
43373800.0	104500000.0
42223600.0	104500000.0
44067800.0	104500000.0
45029300.0	104500000.0
43089600.0	104500000.0
45479500.0	104500000.0
41647400.0	104500000.0
44980900.0	104500000.0
43957600.0	104500000.0
31679100.0	104500000.0
3860800.0	104500000.0
4013600.0	104500000.0
3751000.0	104500000.0
3696300.0	104500000.0
3758300.0	104500000.0
2428500.0	104500000.0
3769400.0	104500000.0
3670700.0	104500000.0
19037600.0	104500000.0
42322400.0	104500000.0
41551300.0	104500000.0
43012700.0	104500000.0
43411500.0	104500000.0
43050200.0	104500000.0
41738300.0	104500000.0
45414700.0	104500000.0
41556900.0	104500000.0
43632300.0	104500000.0
41124900.0	104500000.0
45996400.0	104500000.0
41060200.0	104500000.0
44635200.0	104500000.0
42838000.0	104500000.0
45020000.0	104500000.0
45139300.0	104500000.0
44534300.0	104500000.0
6774500.0	104500000.0
3865900.0	104500000.0
3801600.0	104500000.0
3505100.0	104500000.0
3637900.0	104500000.0
3759300.0	104500000.0
2429700.0	104500000.0
4015200.0	104500000.0
3971400.0	104500000.0
42421500.0	104500000.0
44334800.0	104500000.0
42511700.0	104500000.0
41575500.0	104500000.0
43711500.0	104500000.0
43153200.0	104500000.0
44638200.0	104500000.0
41703400.0	104500000.0
43138200.0	104500000.0
41329800.0	104500000.0
45530900.0	104500000.0
43782900.0	104500000.0
31683500.0	104500000.0
19465900.0	104500000.0
1094800.0	104500000.0
302800.0	104500000.0
197400.0	104500000.0
933500.0	104500000.0
241500.0	104500000.0
200300.0	104500000.0
159400.0	104500000.0
146900.0	104500000.0
259300.0	104500000.0
3759100.0	104500000.0
3603200.0	104500000.0
2732300.0	104500000.0
22114500.0	104500000.0
45853500.0	104500000.0
42058600.0	104500000.0
43924300.0	104500000.0
41717600.0	104500000.0
43616500.0	104500000.0
42250100.0	104500000.0
43226600.0	104500000.0
43895100.0	104500000.0
42535800.0	104500000.0
43308200.0	104500000.0
43796900.0	104500000.0
43377800.0	104500000.0
43866800.0	104500000.0
41248100.0	104500000.0
43986800.0	104500000.0
44469800.0	104500000.0
42866800.0	104500000.0
22254300.0	104500000.0
3911500.0	104500000.0
3833000.0	104500000.0
3545800.0	104500000.0
3793000.0	104500000.0
3502800.0	104500000.0
3676000.0	104500000.0
2620600.0	104500000.0
3864800.0	104500000.0
19039300.0	104500000.0
38862500.0	104500000.0
44684600.0	104500000.0
41618400.0	104500000.0
41922500.0	104500000.0
44164300.0	104500000.0
42465900.0	104500000.0
46078900.0	104500000.0
40531400.0	104500000.0
43975000.0	104500000.0
42848000.0	104500000.0
45054000.0	104500000.0
42781400.0	104500000.0
46166600.0	104500000.0
42675900.0	104500000.0
43346800.0	104500000.0
40367700.0	104500000.0
28374200.0	104500000.0
4074600.0	104500000.0
4249200.0	104500000.0
3826000.0	104500000.0
2445100.0	104500000.0
3770200.0	104500000.0
3464400.0	104500000.0
3653200.0	104500000.0
3818000.0	104500000.0
22134300.0	104500000.0
44459300.0	104500000.0
42145300.0	104500000.0
