0	50000
49915	50000
48264	50000
49882	50000
15324	50000
0	50000
0	50000
0	50000
0	50000
0	50000
0	50000
0	50000
0	50000
0	50000
0	50000
0	50000
0	50000
0	50000
0	50000
0	50000
0	50000
0	50000
0	50000
0	50000
0	50000
0	50000
0	50000
0	50000
0	50000
0	50000
0	50000
0	50000
0	50000
0	50000
0	50000
0	50000
0	50000
0	50000
0	50000
0	50000
0	50000
0	50000
0	50000
0	50000
14816	50000
48904	50000
9779	50000
49647	50000
50184	50000
49839	50000
48927	50000
49843	50000
27625	50000
0	50000
0	50000
0	50000
0	50000
0	50000
0	50000
32352	50000
49832	50000
22076	50000
49754	50000
49819	50000
48205	50000
48981	50000
5436	50000
0	50000
0	50000
0	50000
0	50000
0	50000
0	50000
0	50000
0	50000
0	50000
0	50000
0	50000
0	50000
0	50000
0	50000
0	50000
0	50000
0	50000
0	50000
0	50000
0	50000
0	50000
0	50000
0	50000
0	50000
0	50000
0	50000
0	50000
0	50000
0	50000
0	50000
0	50000
0	50000
0	50000
0	50000
0	50000
0	50000
0	50000
29538	50000
35714	50000
45676	50000
49767	50000
50239	50000
49436	50000
49229	50000
35155	50000
0	50000
0	50000
0	50000
0	50000
0	50000
0	50000
0	50000
0	50000
0	50000
0	50000
0	50000
0	50000
0	50000
0	50000
0	50000
0	50000
0	50000
0	50000
0	50000
0	50000
0	50000
0	50000
0	50000
0	50000
0	50000
0	50000
0	50000
0	50000
0	50000
0	50000
0	50000
0	50000
0	50000
0	50000
0	50000
0	50000
0	50000
0	50000
0	50000
0	50000
0	50000
0	50000
0	50000
0	50000
0	50000
0	50000
0	50000
0	50000
0	50000
0	50000
0	50000
0	50000
29197	50000
40186	50000
25741	50000
49837	50000
49737	50000
49732	50000
49811	50000
48728	50000
49781	50000
11013	50000
0	50000
0	50000
0	50000
42295	50000
48980	50000
50029	50000
50220	50000
49918	50000
50233	50000
49871	50000
47628	50000
50250	50000
49872	50000
19572	50000
0	50000
0	50000
0	50000
0	50000
0	50000
0	50000
0	50000
0	50000
0	50000
0	50000
0	50000
0	50000
0	50000
0	50000
0	50000
0	50000
0	50000
0	50000
0	50000
0	50000
0	50000
0	50000
0	50000
0	50000
0	50000
0	50000
0	50000
0	50000
0	50000
0	50000
0	50000
0	50000
0	50000
0	50000
0	50000
0	50000
33318	50000
45200	50000
49803	50000
49822	50000
49998	50000
49957	50000
50149	50000
49893	50000
49062	50000
49344	50000
50236	50000
49898	50000
7605	50000
0	50000
0	50000
0	50000
0	50000
0	50000
0	50000
0	50000
0	50000
0	50000
0	50000
0	50000
0	50000
0	50000
0	50000
0	50000
0	50000
0	50000
0	50000
0	50000
0	50000
0	50000
0	50000
0	50000
0	50000
0	50000
0	50000
0	50000
0	50000
0	50000
0	50000
0	50000
0	50000
0	50000
0	50000
0	50000
0	50000
0	50000
0	50000
0	50000
0	50000
0	50000
0	50000
0	50000
0	50000
0	50000
0	50000
0	50000
0	50000
0	50000
0	50000
0	50000
0	50000
0	50000
0	50000
0	50000
0	50000
0	50000
0	50000
0	50000
0	50000
0	50000
0	50000
0	50000
