3088384.0	55517184.0
5795840.0	55517184.0
5820416.0	55517184.0
5988352.0	55517184.0
6057984.0	55517184.0
5918720.0	55517184.0
5926912.0	55517184.0
6057984.0	55517184.0
6066176.0	55517184.0
6086656.0	55517184.0
6131712.0	55517184.0
6307840.0	55517184.0
6651904.0	55517184.0
8519680.0	55517184.0
8531968.0	55517184.0
8572928.0	55517184.0
8540160.0	55517184.0
8441856.0	55517184.0
8544256.0	55517184.0
8544256.0	55517184.0
8544256.0	55517184.0
8867840.0	55517184.0
8740864.0	55517184.0
8646656.0	55517184.0
8646656.0	55517184.0
8740864.0	55517184.0
8761344.0	55517184.0
8761344.0	55517184.0
8761344.0	55517184.0
8761344.0	55517184.0
8761344.0	55517184.0
8761344.0	55517184.0
8761344.0	55517184.0
8757248.0	55517184.0
8757248.0	55517184.0
8757248.0	55517184.0
8757248.0	55517184.0
8757248.0	55517184.0
8687616.0	55517184.0
8810496.0	55517184.0
8810496.0	55517184.0
8810496.0	55517184.0
8716288.0	55517184.0
8814592.0	55517184.0
8814592.0	55517184.0
8720384.0	55517184.0
8814592.0	55517184.0
8818688.0	55517184.0
8818688.0	55517184.0
8736768.0	55517184.0
8839168.0	55517184.0
8777728.0	55517184.0
8990720.0	55517184.0
8884224.0	55517184.0
8888320.0	55517184.0
8888320.0	55517184.0
8896512.0	55517184.0
8798208.0	55517184.0
8798208.0	55517184.0
8798208.0	55517184.0
8798208.0	55517184.0
8798208.0	55517184.0
8798208.0	55517184.0
8798208.0	55517184.0
8798208.0	55517184.0
8798208.0	55517184.0
8798208.0	55517184.0
8892416.0	55517184.0
9031680.0	55517184.0
8908800.0	55517184.0
8892416.0	55517184.0
8908800.0	55517184.0
8908800.0	55517184.0
8912896.0	55517184.0
8822784.0	55517184.0
8916992.0	55517184.0
8916992.0	55517184.0
8822784.0	55517184.0
8863744.0	55517184.0
8916992.0	55517184.0
8839168.0	55517184.0
8826880.0	55517184.0
8921088.0	55517184.0
8921088.0	55517184.0
8826880.0	55517184.0
8921088.0	55517184.0
8921088.0	55517184.0
8921088.0	55517184.0
8921088.0	55517184.0
8921088.0	55517184.0
8826880.0	55517184.0
8826880.0	55517184.0
8826880.0	55517184.0
8826880.0	55517184.0
8826880.0	55517184.0
8921088.0	55517184.0
8921088.0	55517184.0
8921088.0	55517184.0
8921088.0	55517184.0
8921088.0	55517184.0
8921088.0	55517184.0
8830976.0	55517184.0
8921088.0	55517184.0
8830976.0	55517184.0
8921088.0	55517184.0
8925184.0	55517184.0
8925184.0	55517184.0
8896512.0	55517184.0
8916992.0	55517184.0
8925184.0	55517184.0
8937472.0	55517184.0
8945664.0	55517184.0
8945664.0	55517184.0
8962048.0	55517184.0
8966144.0	55517184.0
8966144.0	55517184.0
8966144.0	55517184.0
8966144.0	55517184.0
8867840.0	55517184.0
8867840.0	55517184.0
8867840.0	55517184.0
8867840.0	55517184.0
8867840.0	55517184.0
8867840.0	55517184.0
8966144.0	55517184.0
8941568.0	55517184.0
9093120.0	55517184.0
8900608.0	55517184.0
8998912.0	55517184.0
9015296.0	55517184.0
8986624.0	55517184.0
9031680.0	55517184.0
9039872.0	55517184.0
9052160.0	55517184.0
9056256.0	55517184.0
9068544.0	55517184.0
9076736.0	55517184.0
8978432.0	55517184.0
8986624.0	55517184.0
9080832.0	55517184.0
