5423104.0	57331712.0
5525504.0	57331712.0
5656576.0	57331712.0
5705728.0	57331712.0
5967872.0	57331712.0
5890048.0	57331712.0
5939200.0	57331712.0
5816320.0	57331712.0
5820416.0	57331712.0
5820416.0	57331712.0
5951488.0	57331712.0
5992448.0	57331712.0
6406144.0	57331712.0
6782976.0	57331712.0
6938624.0	57331712.0
6787072.0	57331712.0
6844416.0	57331712.0
6934528.0	57331712.0
6938624.0	57331712.0
6811648.0	57331712.0
6803456.0	57331712.0
6934528.0	57331712.0
6725632.0	57331712.0
6856704.0	57331712.0
6729728.0	57331712.0
7364608.0	57331712.0
7368704.0	57331712.0
7372800.0	57331712.0
7294976.0	57331712.0
7274496.0	57331712.0
7274496.0	57331712.0
7405568.0	57331712.0
7405568.0	57331712.0
7278592.0	57331712.0
7278592.0	57331712.0
7278592.0	57331712.0
7278592.0	57331712.0
7278592.0	57331712.0
7540736.0	57331712.0
7647232.0	57331712.0
7397376.0	57331712.0
7389184.0	57331712.0
7389184.0	57331712.0
7393280.0	57331712.0
7393280.0	57331712.0
7524352.0	57331712.0
7397376.0	57331712.0
7397376.0	57331712.0
7516160.0	57331712.0
7520256.0	57331712.0
7393280.0	57331712.0
7393280.0	57331712.0
7393280.0	57331712.0
7393280.0	57331712.0
7524352.0	57331712.0
7524352.0	57331712.0
7397376.0	57331712.0
7397376.0	57331712.0
7397376.0	57331712.0
7397376.0	57331712.0
7397376.0	57331712.0
7397376.0	57331712.0
7397376.0	57331712.0
7397376.0	57331712.0
7397376.0	57331712.0
7397376.0	57331712.0
7397376.0	57331712.0
7499776.0	57331712.0
7499776.0	57331712.0
7524352.0	57331712.0
7524352.0	57331712.0
7528448.0	57331712.0
7401472.0	57331712.0
7401472.0	57331712.0
7401472.0	57331712.0
7401472.0	57331712.0
7532544.0	57331712.0
7663616.0	57331712.0
7663616.0	57331712.0
7536640.0	57331712.0
7409664.0	57331712.0
7409664.0	57331712.0
7774208.0	57331712.0
7737344.0	57331712.0
7700480.0	57331712.0
7700480.0	57331712.0
7700480.0	57331712.0
7700480.0	57331712.0
7700480.0	57331712.0
7700480.0	57331712.0
7700480.0	57331712.0
7700480.0	57331712.0
7700480.0	57331712.0
7700480.0	57331712.0
7700480.0	57331712.0
7700480.0	57331712.0
7786496.0	57331712.0
7675904.0	57331712.0
7675904.0	57331712.0
7675904.0	57331712.0
7806976.0	57331712.0
7680000.0	57331712.0
7680000.0	57331712.0
7811072.0	57331712.0
7688192.0	57331712.0
7688192.0	57331712.0
7688192.0	57331712.0
7688192.0	57331712.0
7688192.0	57331712.0
7688192.0	57331712.0
7688192.0	57331712.0
7688192.0	57331712.0
7819264.0	57331712.0
7819264.0	57331712.0
7819264.0	57331712.0
7671808.0	57331712.0
7671808.0	57331712.0
7671808.0	57331712.0
7671808.0	57331712.0
7671808.0	57331712.0
7671808.0	57331712.0
7671808.0	57331712.0
7675904.0	57331712.0
7675904.0	57331712.0
7806976.0	57331712.0
7921664.0	57331712.0
7675904.0	57331712.0
7675904.0	57331712.0
7675904.0	57331712.0
7675904.0	57331712.0
7675904.0	57331712.0
7806976.0	57331712.0
7680000.0	57331712.0
7684096.0	57331712.0
7684096.0	57331712.0
7684096.0	57331712.0
7684096.0	57331712.0
7741440.0	57331712.0
7741440.0	57331712.0
7741440.0	57331712.0
