4145152.0	55222272.0
6750208.0	55222272.0
6750208.0	55222272.0
6701056.0	55222272.0
6967296.0	55222272.0
7000064.0	55222272.0
7065600.0	55222272.0
6860800.0	55222272.0
6795264.0	55222272.0
6795264.0	55222272.0
7319552.0	55222272.0
8032256.0	55222272.0
9314304.0	55222272.0
9052160.0	55222272.0
8855552.0	55222272.0
9601024.0	55222272.0
9306112.0	55222272.0
9080832.0	55222272.0
9019392.0	55222272.0
8830976.0	55222272.0
8900608.0	55222272.0
8867840.0	55222272.0
8830976.0	55222272.0
8802304.0	55222272.0
8785920.0	55222272.0
8859648.0	55222272.0
8843264.0	55222272.0
8843264.0	55222272.0
8810496.0	55222272.0
8810496.0	55222272.0
8810496.0	55222272.0
8810496.0	55222272.0
8810496.0	55222272.0
8810496.0	55222272.0
8695808.0	55222272.0
8695808.0	55222272.0
8679424.0	55222272.0
8679424.0	55222272.0
8720384.0	55222272.0
8830976.0	55222272.0
8863744.0	55222272.0
8863744.0	55222272.0
9093120.0	55222272.0
8978432.0	55222272.0
8765440.0	55222272.0
8798208.0	55222272.0
8863744.0	55222272.0
8798208.0	55222272.0
8929280.0	55222272.0
8814592.0	55222272.0
8699904.0	55222272.0
8765440.0	55222272.0
8830976.0	55222272.0
8863744.0	55222272.0
8794112.0	55222272.0
8699904.0	55222272.0
8663040.0	55222272.0
8794112.0	55222272.0
8761344.0	55222272.0
8761344.0	55222272.0
8761344.0	55222272.0
8761344.0	55222272.0
8663040.0	55222272.0
8663040.0	55222272.0
8646656.0	55222272.0
8646656.0	55222272.0
8630272.0	55222272.0
8839168.0	55222272.0
8859648.0	55222272.0
8990720.0	55222272.0
8990720.0	55222272.0
8990720.0	55222272.0
8908800.0	55222272.0
9408512.0	55222272.0
9191424.0	55222272.0
9166848.0	55222272.0
9162752.0	55222272.0
9265152.0	55222272.0
9248768.0	55222272.0
9248768.0	55222272.0
9248768.0	55222272.0
9248768.0	55222272.0
9281536.0	55222272.0
9261056.0	55222272.0
9252864.0	55222272.0
9125888.0	55222272.0
9109504.0	55222272.0
9109504.0	55222272.0
9089024.0	55222272.0
9089024.0	55222272.0
9089024.0	55222272.0
9154560.0	55222272.0
9084928.0	55222272.0
9011200.0	55222272.0
8994816.0	55222272.0
9072640.0	55222272.0
9236480.0	55222272.0
9252864.0	55222272.0
9187328.0	55222272.0
9089024.0	55222272.0
9105408.0	55222272.0
9207808.0	55222272.0
9285632.0	55222272.0
9285632.0	55222272.0
9285632.0	55222272.0
9285632.0	55222272.0
9367552.0	55222272.0
9334784.0	55222272.0
9236480.0	55222272.0
9351168.0	55222272.0
9220096.0	55222272.0
9138176.0	55222272.0
9334784.0	55222272.0
9302016.0	55222272.0
9203712.0	55222272.0
9203712.0	55222272.0
9203712.0	55222272.0
9187328.0	55222272.0
9154560.0	55222272.0
9179136.0	55222272.0
9179136.0	55222272.0
9105408.0	55222272.0
9056256.0	55222272.0
9007104.0	55222272.0
9437184.0	55222272.0
9535488.0	55222272.0
9674752.0	55222272.0
9318400.0	55222272.0
9449472.0	55222272.0
9318400.0	55222272.0
9371648.0	55222272.0
9498624.0	55222272.0
9498624.0	55222272.0
9371648.0	55222272.0
9715712.0	55222272.0
9502720.0	55222272.0
9502720.0	55222272.0
9371648.0	55222272.0
9449472.0	55222272.0
9404416.0	55222272.0
