0	30000
62940	110400
8160	42000
13945	42000
53076	102000
96896	145000
2755	30000
585	30000
43727	102000
36135	39321
1254	30000
209	30000
235	30000
248	30000
2993	30000
58	30000
25	30000
338	30000
43	30000
3815	33600
26	30000
23	30000
27	30000
27	30000
51	30000
32	30000
24	30000
839	30000
45584	102000
96944	133000
44	85120
23	68096
12033	34864
61971	142864
32	91432
22	73145
25	58516
23	46812
57	30000
37	30000
23	30000
28	30000
27	30000
25	30000
26	30000
39	30000
28	30000
27	30000
38	30000
650	30000
2574	30000
32	30000
3731	30000
26	30000
46	30000
27	30000
27	30000
12114	42000
88698	109000
67809	86240
39643	47919
246	30000
222	30000
204	30000
102	30000
25	30000
23	30000
21	30000
30	30000
23	30000
27	30000
25	30000
21	30000
21	30000
3585	30000
1050	30000
22	30000
21	30000
36	30000
46	30000
24	30000
36	30000
24	30000
22	30000
28	30000
21	30000
1932	30000
26	30000
29	30000
21	30000
21	30000
249	30000
21	30000
21	30000
1513	30000
66014	114000
108043	109000
16804	92800
2248	47513
1306	30000
52740	102000
57007	103680
22	82944
21	66355
20	53084
44	33973
21	30000
21	30000
32	30000
24	30000
22	30000
26	30000
26	30000
21	30000
34	30000
0	30000
6105	30000
41720	90000
99936	139200
4775	49544
45602	90000
27829	88320
26	70656
21	56524
41	45219
22	36175
28	30000
26	30000
37	30000
27	30000
520	30000
43	30000
42	30000
40	30000
34	30000
65	30000
62	30000
31	30000
37	30000
31	30000
34	30000
31	30000
21	30000
21	30000
0	30000
2575	30000
33	30000
1933	30000
33	30000
22	30000
50	30000
7467	30000
80017	114000
108725	116000
6673	36700
445	30000
1178	30000
53276	102000
24155	88320
0	88320
0	88320
0	88320
25	70656
0	70656
0	70656
0	70656
364	45219
26	36175
31	30000
26	30000
1666	30000
43	30000
31	30000
26818	66000
96143	109000
28619	74240
43	47513
21	38010
31	30000
24	30000
244	30000
33117	78000
43726	110400
186	70656
21	56524
21	45219
62	36175
30	30000
33	30000
3643	30000
53683	114000
90462	116000
7011	30000
47260	90000
16023	72960
0	72960
0	72960
0	72960
16	58368
23	46694
232	37355
4299	30000
408	30000
1293	30000
55486	114000
84746	116000
31	74240
25	59392
33	38010
46	30408
11102	42000
68593	150000
30	96000
37	76800
0	76800
22	61440
1198	30000
1090	30000
653	30000
207	30000
274	30000
443	30000
10909	42000
86698	109000
41916	47513
330	30000
12379	42000
63167	110400
48	70656
29	56524
1197	45219
21	30000
168	30000
290	30000
28	30000
23004	66000
100757	109000
15111	47513
33168	78000
40853	88320
23	70656
21	56524
26	45219
49	30000
245	30000
28	30000
28	30000
28	30000
32	30000
51	30000
28	30000
26	30000
29	30000
27	30000
35	30000
27	30000
27	30000
1911	30000
30	30000
25	30000
30	30000
22	30000
33	30000
1452	30000
24	30000
21	30000
23	30000
52	30000
35	30000
27	30000
200	30000
7	30000
1251	30000
26	30000
34	30000
46	30000
26	30000
27	30000
1744	30000
56949	114000
85643	145000
1221	59392
26	47513
26	38010
53	30000
26	30000
0	30000
42647	90000
34288	88320
852	45219
2483	30000
23978	30000
68352	114000
49778	88320
32	56524
20	45219
40	36175
45	30000
50	30000
21	30000
44	30000
1205	30000
65928	114000
20233	96000
25	61440
24	49152
27	39321
43	31456
55	30000
20	30000
25	30000
26	30000
25	30000
25	30000
32	30000
25	30000
23	30000
0	30000
5	30000
0	30000
0	30000
5739	30000
74208	114000
72181	106400
12266	46864
57625	104691
203	53600
22	42880
30	30000
22	30000
20	30000
47	30000
21	30000
21	30000
21	30000
0	30000
1437	30000
33	30000
1719	30000
32	30000
25	30000
48	30000
21	30000
25	30000
26	30000
22	30000
7779	30000
81584	114000
53980	116000
21	92800
63787	119392
5717	73416
21	58732
24	46985
20	37588
21	30070
21	30000
32	30000
21	30000
21	30000
21	30000
21	30000
21	30000
531	30000
37	30000
29	30000
25	30000
41	30000
53	30000
39	30000
26	30000
22	30000
23	30000
24	30000
32	30000
26	30000
22	30000
10	30000
0	30000
1618	30000
29	30000
21	30000
36	30000
21	30000
49	30000
26	30000
24	30000
40	30000
23	30000
449	30000
53	30000
2377	30000
6754	30000
77682	114000
61867	85120
1128	43580
23	34864
30	30000
21	30000
6312	30000
83137	138000
4400	120000
27	96000
26	76800
25	61440
47	39321
0	31456
6	30000
0	30000
0	30000
0	30000
0	30000
0	30000
180	30000
736	30000
21	30000
21	30000
26	30000
39	30000
20	30000
20	30000
20	30000
954	30000
25070	66000
103027	109000
19261	74240
46431	107513
36619	79622
39	63697
24	50957
27	40765
26	32612
26	30000
27	30000
27	30000
44	30000
27	30000
32	30000
1579	30000
794	30000
21	30000
23	30000
22	30000
47	30000
10578	42000
85531	109000
47571	92800
991	30408
77899	138408
48	56691
20	45352
23	36281
21	30000
0	30000
0	30000
0	30000
0	30000
7	30000
0	30000
0	30000
801	30000
1953	30000
348	30000
341	30000
754	30000
48034	102000
98298	133000
461	74240
28	59392
38723	86010
41835	116808
27	93446
27	74756
25	59804
30	47843
51	38274
27	30619
38	30000
61	30000
28	30000
36	30000
26	30000
866	30000
27	30000
0	30000
644	30000
640	30000
316	30000
52007	114000
89574	145000
1116	59392
21	47513
21	38010
381	30000
21	30000
20	30000
20	30000
9137	42000
75898	88320
29	56524
21	45219
23	36175
54	30000
1315	30000
21	30000
409	30000
33	30000
33202	78000
106089	109000
12763	43580
26	30000
31	30000
41	30000
15712	54000
60527	110400
21	88320
28	70656
28	56524
52	45219
27	36175
27	30000
25	30000
27	30000
308	30000
560	30000
23	30000
28	30000
6	30000
17	30000
0	30000
0	30000
0	30000
0	30000
0	30000
470	30000
1431	30000
104	30000
161	30000
302	30000
569	30000
45	30000
297	30000
345	30000
151	30000
23223	66000
105068	109000
15627	92800
34	47513
0	47513
23	38010
0	38010
635	30408
57599	114408
33209	88580
547	56691
34	45352
33	36281
59	30000
27	30000
24	30000
26	30000
40	30000
27	30000
25	30000
1936	30000
22	30000
28	30000
28	30000
159	30000
2782	30000
841	30000
319	30000
406	30000
197	30000
5077	30000
71006	114000
64497	116000
2010	30000
24310	66000
53886	70656
25	56524
27	45219
25	36175
2192	30000
1592	30000
27	30000
738	30000
66365	114000
70124	116000
801	74240
22	59392
0	59392
0	59392
22	47513
0	47513
397	30408
23383	66000
80906	96000
44	61440
27	49152
28	39321
149	30000
5319	30000
75105	114000
58539	116000
37	74240
41	59392
60	38010
132	30408
65127	114000
7608	110400
25	88320
185	56524
45	45219
54	30000
9828	30000
77731	114000
56894	92800
23	74240
21	59392
55	38010
28	30408
21	30000
26	30000
407	30000
638	30000
10737	42000
70369	150000
38	96000
27	76800
22	61440
21	49152
1152	30000
398	30000
28	30000
26	30000
26	30000
2320	30000
36302	90000
103510	133000
24749	71513
45832	143513
42	91848
727	47025
446	30000
49	30000
21183	66000
107418	109000
16360	47513
808	30000
53791	102000
16640	70656
27	56524
3335	36175
1263	30000
14088	42000
87092	109000
40128	74240
965	30000
6307	30000
74936	150000
36	96000
165	61440
25	49152
50	39321
485	30000
26	30000
219	30000
158	30000
32	30000
39	30000
32	30000
29	30000
