0	123466
215	30000
21168	66000
98758	109000
37283	38010
304	30000
203	30000
209	30000
204	30000
206	30000
132	30000
28	30000
20	30000
20	30000
2100	30000
2270	30000
79213	126000
9113	76800
38	49152
23	39321
21	31456
49	30000
26	30000
24	30000
28	30000
22	30000
20	30000
4242	30000
39	30000
26	30000
27	30000
30	30000
53	30000
33	30000
36	30000
32	30000
32	30000
72	30000
32	30000
31	30000
50	30000
42	30000
41	30000
35	30000
47	30000
54	30000
45	30000
47	30000
51	30000
41	30000
40	30000
43	30000
37	30000
322	30000
44	30000
32	30000
26	30000
26	30000
36	30000
28	30000
29	30000
6	30000
8	30000
6	30000
6	30000
6	30000
8	30000
5	30000
9	30000
6	30000
7	30000
5	30000
5	30000
5	30000
6	30000
5	30000
33	30000
5	30000
10	30000
5	30000
5	30000
188	30000
12	30000
7	30000
745	30000
38	30000
34	30000
30	30000
40	30000
37	30000
33	30000
33	30000
33	30000
32	30000
31	30000
37	30000
32	30000
31	30000
12	30000
5	30000
6	30000
6	30000
6	30000
9	30000
6	30000
8	30000
5	30000
6	30000
10	30000
6	30000
6	30000
6	30000
6	30000
5	30000
5	30000
6	30000
6	30000
5	30000
12	30000
6	30000
6	30000
6	30000
5	30000
7	30000
6	30000
7	30000
6	30000
5	30000
20	30000
6	30000
129	30000
17	30000
210	30000
37	30000
30	30000
25	30000
32	30000
25	30000
33	30000
24	30000
26	30000
28	30000
30	30000
31	30000
27	30000
29	30000
240	30000
11	30000
10	30000
6	30000
8	30000
5	30000
4	30000
5	30000
6	30000
5	30000
6	30000
4	30000
12	30000
5	30000
5	30000
5	30000
6	30000
7	30000
6	30000
4	30000
7	30000
5	30000
10	30000
6	30000
163	30000
228	30000
38	30000
42	30000
31	30000
38	30000
32	30000
27	30000
43	30000
31	30000
33	30000
34	30000
32	30000
33	30000
5	30000
5	30000
5	30000
4	30000
11	30000
6	30000
7	30000
6	30000
5	30000
5	30000
5	30000
4	30000
6	30000
5	30000
10	30000
5	30000
5	30000
4	30000
5	30000
5	30000
6	30000
5	30000
6	30000
-1	-1
0	30000
0	30000
0	30000
0	30000
0	30000
0	30000
0	30000
0	30000
0	30000
0	30000
0	30000
0	30000
0	30000
0	30000
0	30000
0	30000
0	30000
0	30000
0	30000
0	30000
0	30000
0	30000
0	30000
0	30000
0	30000
0	30000
0	30000
0	30000
0	30000
0	30000
0	30000
0	30000
0	30000
0	30000
0	30000
0	30000
0	30000
0	30000
0	30000
0	30000
0	30000
