0	61440
370	30000
370	30000
54802	114000
103601	145000
44689	95513
40490	37620
369	30000
3729	30000
332	30000
291	30000
233	30000
391	30000
232	30000
39	30000
85	30000
42	30000
44	30000
54	30000
33	30000
47	30000
51	30000
41	30000
56	30000
57	30000
38	30000
35	30000
44	30000
53	30000
50	30000
43	30000
54	30000
52	30000
518	30000
45	30000
42	30000
55	30000
46	30000
44	30000
61	30000
27030	78000
111557	109000
21737	92800
3159	47513
30	38010
105	30000
44	30000
50	30000
66	30000
45	30000
50	30000
35	30000
1305	30000
55060	102000
31729	96000
51	76800
28	61440
1183	39321
70	30000
3383	30000
35	30000
31	30000
46	30000
52	30000
25	30000
7	30000
8	30000
9	30000
18	30000
64	30000
8	30000
9	30000
9	30000
7	30000
223	30000
5	30000
5	30000
6	30000
14	30000
8	30000
10	30000
1351	30000
44	30000
3662	30000
42	30000
43	30000
22	30000
35	30000
409	30000
9567	42000
79752	114000
77549	116000
1914	92800
9559	30000
74225	110400
56	70656
34	56524
35	45219
47	30000
96	30000
44	30000
41	30000
41	30000
38	30000
41	30000
43	30000
5272	33600
354	30000
19	30000
10	30000
11	30000
14	30000
6	30000
5	30000
12	30000
13	30000
39	30000
6	30000
13	30000
7	30000
6	30000
6	30000
5	30000
7	30000
8	30000
9	30000
4	30000
5	30000
19	30000
7	30000
8	30000
7	30000
7	30000
8	30000
10	30000
14	30000
9	30000
8	30000
12	30000
14	30000
9	30000
6	30000
10	30000
5	30000
9	30000
9	30000
9	30000
7	30000
15	30000
169	30000
8	30000
318	30000
53	30000
48	30000
98	30000
50	30000
52	30000
61	30000
48	30000
37	30000
43	30000
53	30000
47	30000
63	30000
51	30000
269	30000
7	30000
20	30000
5	30000
9	30000
8	30000
6	30000
5	30000
5	30000
7	30000
8	30000
6	30000
19	30000
10	30000
14	30000
9	30000
10	30000
7	30000
7	30000
8	30000
9	30000
6	30000
19	30000
183	30000
38	30000
414	30000
44	30000
32	30000
32	30000
43	30000
33	30000
35	30000
40	30000
37	30000
34	30000
34	30000
2555	42000
39	33600
42	30000
38	30000
45	30000
288	30000
42	30000
26	30000
49	30000
42	30000
68	30000
43	30000
57	30000
58	30000
5	30000
5	30000
15	30000
5	30000
6	30000
7	30000
6	30000
5	30000
6	30000
5	30000
9	30000
5	30000
13	30000
6	30000
7	30000
10	30000
457	30000
6	30000
10	30000
10	30000
6	30000
429	30000
66	30000
44	30000
57	30000
34	30000
64	30000
36	30000
53	30000
43	30000
50	30000
51	30000
50	30000
40	30000
57	30000
9	30000
5	30000
6	30000
9	30000
9	30000
7	30000
6	30000
21	30000
14	30000
5	30000
7	30000
11	30000
5	30000
9	30000
5	30000
1117	30000
316	30000
51	30000
44	30000
64	30000
52	30000
47	30000
58	30000
39	30000
47	30000
30	30000
64	30000
50	30000
68	30000
11	30000
4	30000
5	30000
5	30000
10	30000
9	30000
7	30000
7	30000
-1	-1
77867	78000
13421	121000
0	92800
0	74240
0	47513
0	38010
0	30408
0	30000
0	30000
0	30000
0	30000
0	30000
41469	30000
27757	138000
512	70656
446	56524
471	45219
322	36175
297	30000
450	30000
312	30000
323	30000
292	30000
698	30000
0	30000
0	30000
0	30000
0	30000
0	30000
0	30000
0	30000
0	30000
0	30000
104	30000
0	30000
0	30000
0	30000
0	30000
0	30000
0	30000
0	30000
0	30000
0	30000
97	30000
89597	78000
111406	109000
102613	86240
0	59899
0	47919
0	30668
0	30000
0	30000
0	30000
142	30000
0	30000
0	30000
0	30000
0	30000
0	30000
0	30000
0	30000
0	30000
0	30000
181	30000
0	30000
0	30000
0	30000
0	30000
0	30000
0	30000
0	30000
0	30000
0	30000
0	30000
0	30000
0	30000
0	30000
0	30000
0	30000
0	30000
0	30000
0	30000
0	30000
0	30000
0	30000
0	30000
0	30000
0	30000
0	30000
0	30000
0	30000
0	30000
0	30000
0	30000
0	30000
0	30000
0	30000
0	30000
0	30000
0	30000
0	30000
0	30000
0	30000
0	30000
0	30000
0	30000
0	30000
0	30000
0	30000
0	30000
0	30000
0	30000
0	30000
0	30000
0	30000
0	30000
0	30000
0	30000
0	30000
0	30000
0	30000
0	30000
0	30000
0	30000
0	30000
0	30000
0	30000
0	30000
0	30000
0	30000
0	30000
0	30000
851	30000
38967	42000
98347	109000
0	116000
48721	47513
66	114810
0	58782
0	47025
0	37620
0	30096
0	30000
0	30000
0	30000
9852	30000
0	30000
251	30000
336	30000
353	30000
516	30000
226	30000
214	30000
389	30000
426	30000
559	30000
178	30000
235	30000
166	30000
0	30000
0	30000
0	30000
0	30000
0	30000
0	30000
0	30000
0	30000
0	30000
0	30000
0	30000
0	30000
0	30000
0	30000
0	30000
0	30000
0	30000
43	30000
55	30000
35	30000
64	30000
51	30000
39	30000
55	30000
54	30000
41	30000
54	30000
60	30000
64	30000
54	30000
44	30000
36	30000
50	30000
59	30000
34	30000
65	30000
33	30000
94	30000
57	30000
57	30000
53	30000
93	30000
52	30000
47	30000
41	30000
55	30000
55	30000
50	30000
53	30000
56	30000
38	30000
59	30000
42	30000
76	30000
53	30000
47	30000
56	30000
57	30000
59	30000
52	30000
57	30000
88662	90000
98824	121000
0	116000
9231	74240
57891	54000
56	150000
0	61440
0	49152
0	39321
0	31456
0	30000
0	30000
0	30000
0	30000
0	30000
0	30000
8724	30000
262	30000
238	30000
236	30000
425	30000
464	30000
249	30000
500	30000
293	30000
247	30000
389	30000
303	30000
244	30000
259	30000
36	30000
118	30000
168	30000
160	30000
159	30000
178	30000
165	30000
273	30000
132	30000
110	30000
138	30000
172	30000
265	30000
128	30000
115	30000
110	30000
97	30000
2472	30000
154	30000
137	30000
237	30000
161	30000
97	30000
126	30000
0	30000
0	30000
0	30000
0	30000
0	30000
0	30000
0	30000
0	30000
0	30000
0	30000
0	30000
0	30000
0	30000
0	30000
0	30000
0	30000
0	30000
0	30000
0	30000
0	30000
0	30000
0	30000
0	30000
0	30000
0	30000
0	30000
0	30000
0	30000
0	30000
0	30000
0	30000
0	30000
0	30000
0	30000
0	30000
0	30000
0	30000
0	30000
0	30000
0	30000
0	30000
0	30000
0	30000
0	30000
0	30000
0	30000
0	30000
0	30000
0	30000
0	30000
0	30000
0	30000
0	30000
0	30000
0	30000
0	30000
0	30000
0	30000
0	30000
0	30000
0	30000
0	30000
0	30000
0	30000
0	30000
0	30000
0	30000
0	30000
0	30000
