0	1000000
163	1100000
192	11000
169	11000
165	11000
176	11000
204	11000
151	11000
175	11000
246	11000
161	11000
161	11000
221	11000
204	11000
166	11000
153	11000
183	11000
182	11000
226	11000
152	11000
185	11000
169	11000
204	11000
232	11000
161	11000
183	11000
156	11000
173	11000
223	11000
186	11000
255	11000
174	11000
159	11000
163	11000
192	11000
232	11000
212	11000
168	11000
199	11000
163	11000
169	11000
287	11000
144	11000
181	11000
182	11000
244	11000
173	11000
157	11000
159	11000
203	11000
340	11000
168	11000
195	11000
179	11000
255	11000
162	11000
184	11000
210	11000
188	11000
223	11000
211	11000
165	11000
209	11000
260	11000
149	11000
163	11000
175	11000
222	11000
186	11000
160	11000
191	11000
165	11000
247	11000
194	11000
157	11000
178	11000
218	11000
175	11000
174	11000
169	11000
250	11000
160	11000
179	11000
186	11000
181	11000
234	11000
180	11000
154	11000
248	11000
219	11000
166	11000
161	11000
181	11000
246	11000
161	11000
157	11000
217	11000
202	11000
182	11000
222	11000
175	11000
189	11000
246	11000
181	11000
179	11000
184	11000
185	11000
183	11000
192	11000
222	11000
275	11000
162	11000
161	11000
185	11000
194	11000
229	11000
167	11000
160	11000
188	11000
266	11000
