0.0	1000000
9399.4	1100000
24607.0	11000
10402.7	11000
1097.5	11000
1383.3	22000
1644.7	22000
3077.0	22000
3459.7	22000
3238.6	22000
4458.0	22000
6494.8	22000
6950.7	22000
7137.4	22000
7172.1	22000
9471.8	22000
15655.8	22000
15658.3	22000
14398.6	22000
12435.9	22000
14689.6	22000
14453.5	22000
16511.4	22000
15372.6	22000
14407.1	165000
15878.0	165000
15180.1	176000
16053.9	176000
32949.4	176000
28678.0	176000
24461.5	176000
24963.4	176000
24848.9	176000
24833.5	176000
24716.1	275000
24855.4	275000
24589.7	275000
24178.5	275000
24372.2	275000
24497.2	275000
24147.0	275000
24770.1	275000
24509.2	275000
24669.5	275000
24234.4	275000
24445.0	275000
25165.4	275000
24284.1	275000
24618.0	275000
24711.4	275000
23851.5	275000
24747.6	275000
24874.7	275000
24746.6	275000
24863.3	275000
24320.2	275000
24259.3	275000
24536.2	275000
24316.3	275000
24902.2	275000
24106.8	275000
24388.5	275000
24550.6	275000
24180.7	275000
24603.0	275000
24710.2	275000
24695.5	275000
24633.2	275000
24645.6	275000
24905.9	275000
25028.8	275000
24367.6	275000
24788.5	275000
25002.6	275000
24707.5	275000
24376.7	275000
23787.6	275000
24337.7	275000
0.0	275000
0.0	275000
87.4	275000
15.1	275000
18077.0	275000
37587.3	275000
24583.1	275000
24470.8	275000
24273.8	275000
24286.5	275000
24785.2	275000
24490.5	275000
23944.6	275000
24583.6	275000
24649.6	275000
24494.8	275000
24781.4	275000
24699.6	275000
24333.0	275000
24875.7	275000
24399.5	275000
24771.5	275000
24504.3	275000
24430.8	275000
24092.9	275000
24301.4	275000
24681.6	275000
24284.9	275000
24619.3	275000
24244.3	275000
24492.4	275000
24510.3	275000
24983.7	275000
24684.0	275000
24594.4	275000
24408.3	275000
24429.6	275000
25154.4	275000
23861.1	275000
25063.2	275000
25044.0	275000
24477.4	275000
