80039936	268435456
80039936	268435456
80039936	268435456
80039936	268435456
80039936	268435456
80039936	268435456
80039936	268435456
80039936	268435456
80039936	268435456
80039936	268435456
80039936	268435456
80039936	268435456
80039936	268435456
80039936	268435456
80039936	268435456
80039936	268435456
80039936	268435456
80039936	268435456
80039936	268435456
80039936	268435456
80039936	268435456
80039936	268435456
80039936	268435456
80039936	268435456
80039936	268435456
80039936	268435456
80039936	268435456
80039936	268435456
80039936	268435456
80039936	268435456
80039936	268435456
80039936	268435456
80039936	268435456
80039936	268435456
80039936	268435456
80039936	268435456
80039936	268435456
80039936	268435456
80039936	268435456
80039936	268435456
80039936	268435456
80039936	268435456
80039936	268435456
80039936	268435456
80039936	268435456
80039936	268435456
100106240	268435456
136216576	268435456
181063680	268435456
195039232	268435456
196390912	268435456
215248896	268435456
198828032	268435456
198746112	268435456
92536832	268435456
92471296	268435456
92434432	268435456
92434432	268435456
92434432	268435456
92434432	268435456
92434432	268435456
92434432	268435456
92434432	268435456
92434432	268435456
92434432	268435456
92434432	268435456
92434432	268435456
92434432	268435456
92434432	268435456
92434432	268435456
92434432	268435456
92434432	268435456
92434432	268435456
92434432	268435456
92434432	268435456
92434432	268435456
92434432	268435456
92434432	268435456
92434432	268435456
92434432	268435456
92434432	268435456
92434432	268435456
92434432	268435456
92434432	268435456
92434432	268435456
92434432	268435456
92434432	268435456
92434432	268435456
92434432	268435456
92434432	268435456
92434432	268435456
92434432	268435456
92434432	268435456
92434432	268435456
92434432	268435456
92434432	268435456
92434432	268435456
92434432	268435456
92434432	268435456
92434432	268435456
92434432	268435456
92434432	268435456
92434432	268435456
92434432	268435456
92434432	268435456
122822656	268435456
161763328	268435456
169308160	268435456
176521216	268435456
178094080	268435456
188694528	268435456
174305280	268435456
93040640	268435456
93036544	268435456
93036544	268435456
93036544	268435456
93036544	268435456
93036544	268435456
93036544	268435456
93036544	268435456
93036544	268435456
93036544	268435456
93036544	268435456
93036544	268435456
93036544	268435456
93036544	268435456
93036544	268435456
93036544	268435456
93036544	268435456
93036544	268435456
93036544	268435456
93036544	268435456
93036544	268435456
93036544	268435456
93036544	268435456
93036544	268435456
93036544	268435456
93036544	268435456
93036544	268435456
93036544	268435456
93036544	268435456
93036544	268435456
93036544	268435456
93036544	268435456
93036544	268435456
93036544	268435456
93036544	268435456
93036544	268435456
93036544	268435456
93036544	268435456
93036544	268435456
93036544	268435456
93036544	268435456
93036544	268435456
93036544	268435456
93036544	268435456
93036544	268435456
93036544	268435456
93036544	268435456
93036544	268435456
93036544	268435456
93036544	268435456
93036544	268435456
93036544	268435456
93036544	268435456
93036544	268435456
93036544	268435456
124530688	268435456
163753984	268435456
171290624	268435456
178929664	268435456
188485632	268435456
190058496	268435456
192942080	268435456
192905216	268435456
170348544	268435456
94482432	268435456
94236672	268435456
94236672	268435456
94236672	268435456
94236672	268435456
94236672	268435456
94236672	268435456
94236672	268435456
94236672	268435456
94236672	268435456
94236672	268435456
94236672	268435456
94236672	268435456
94236672	268435456
94236672	268435456
94236672	268435456
94236672	268435456
94236672	268435456
94236672	268435456
94236672	268435456
94236672	268435456
94236672	268435456
94236672	268435456
94236672	268435456
94236672	268435456
94236672	268435456
94236672	268435456
94236672	268435456
94236672	268435456
94236672	268435456
94236672	268435456
94236672	268435456
94236672	268435456
94236672	268435456
94236672	268435456
94236672	268435456
94236672	268435456
94236672	268435456
94236672	268435456
94236672	268435456
94236672	268435456
94236672	268435456
94236672	268435456
94236672	268435456
94236672	268435456
94236672	268435456
94236672	268435456
94236672	268435456
94236672	268435456
94236672	268435456
94236672	268435456
94236672	268435456
94236672	268435456
94236672	268435456
94236672	268435456
94236672	268435456
94236672	268435456
94236672	268435456
94236672	268435456
94236672	268435456
94236672	268435456
94236672	268435456
94236672	268435456
94236672	268435456
94236672	268435456
94236672	268435456
94236672	268435456
94236672	268435456
94236672	268435456
94236672	268435456
94236672	268435456
94236672	268435456
94236672	268435456
94236672	268435456
94236672	268435456
94236672	268435456
94236672	268435456
94236672	268435456
94236672	268435456
94236672	268435456
94236672	268435456
94236672	268435456
94236672	268435456
94236672	268435456
94236672	268435456
94236672	268435456
94236672	268435456
94236672	268435456
94236672	268435456
94236672	268435456
94236672	268435456
94236672	268435456
94236672	268435456
94236672	268435456
94236672	268435456
94236672	268435456
94236672	268435456
94236672	268435456
94236672	268435456
94236672	268435456
94236672	268435456
94236672	268435456
94236672	268435456
94236672	268435456
94236672	268435456
94236672	268435456
94236672	268435456
94236672	268435456
94236672	268435456
94236672	268435456
94236672	268435456
94236672	268435456
94236672	268435456
94236672	268435456
94236672	268435456
94236672	268435456
94236672	268435456
94236672	268435456
94236672	268435456
94236672	268435456
94236672	268435456
94236672	268435456
94236672	268435456
94236672	268435456
