0	55113
85167	91113
78826	74468
94746	93739
15788	47994
74403	95995
2060	30000
215	30000
3329	30000
2291	30000
40357	90000
94665	92200
81134	74468
1682	47659
0	47659
0	47659
0	47659
0	47659
0	47659
9874	54501
68754	91600
1888	37519
655	30000
421	30000
217	30000
1970	30000
1121	30000
870	30000
52651	114000
107511	133000
42138	59392
48778	105113
23244	47968
1743	30000
328	30000
329	30000
2658	30000
1636	30000
717	30000
20526	44877
58407	74468
74711	74468
76164	74468
73080	74468
75165	74468
33000	63574
0	63574
0	63574
0	63574
0	63574
0	63574
0	63574
0	63574
0	63574
0	63574
0	63574
0	63574
0	63574
0	63574
0	63574
0	63574
0	63574
0	63574
0	63574
0	63574
0	63574
0	63574
0	63574
0	63574
0	63574
0	63574
0	63574
0	63574
0	63574
0	63574
0	63574
0	63574
0	63574
0	63574
52773	84420
23834	55510
1560	30000
603	30000
418	30000
305	30000
572	30000
14	30000
218	30000
2033	30000
593	30000
1252	30000
57719	114000
100202	104000
99754	104000
102968	112000
93467	102000
45715	101280
42773	46399
1638	30000
2868	30000
928	30000
59473	114000
99905	109000
90578	75935
74681	74468
41680	47659
0	47659
0	47659
0	47659
0	47659
0	47659
0	47659
0	47659
0	47659
0	47659
0	47659
0	47659
0	47659
0	47659
0	47659
0	47659
0	47659
0	47659
0	47659
0	47659
0	47659
0	47659
0	47659
0	47659
0	47659
0	47659
0	47659
0	47659
0	47659
0	47659
0	47659
0	47659
0	47659
8663	38127
63470	75733
1810	31019
1458	30000
251	30000
68	30000
1701	30000
1152	30000
12652	42000
89241	109000
100115	104000
101541	104000
101827	102400
21004	52428
36537	87542
60498	66906
2404	30000
7	30000
1233	30000
2234	30000
1157	30000
731	30000
54470	114000
107508	133000
47034	116000
0	116000
0	116000
0	116000
0	116000
0	116000
0	116000
0	116000
0	116000
0	116000
0	116000
0	116000
0	116000
0	116000
0	116000
0	116000
0	116000
0	116000
0	116000
0	116000
0	116000
0	116000
0	116000
0	116000
0	116000
0	116000
0	116000
0	116000
0	116000
0	116000
0	116000
0	116000
0	116000
0	116000
0	116000
0	116000
33334	99457
37597	45980
1150	30000
756	30000
347	30000
1	30000
3148	30000
1870	30000
392	30000
626	30000
64497	114000
99460	109000
40760	66560
0	66560
25368	42598
48207	57649
20038	35615
629	30000
1791	30000
475	30000
6707	30000
80213	114000
99766	104000
100096	104000
105879	112000
100142	107000
12141	68480
0	68480
0	68480
0	68480
0	68480
0	68480
0	68480
0	68480
0	68480
0	68480
0	68480
0	68480
0	68480
0	68480
0	68480
0	68480
0	68480
0	68480
0	68480
0	68480
0	68480
0	68480
0	68480
0	68480
0	68480
0	68480
0	68480
0	68480
0	68480
0	68480
0	68480
0	68480
0	68480
0	68480
0	68480
72794	108666
5309	35606
736	30000
662	30000
703	30000
290	30000
1089	30000
1056	30000
1412	30000
24166	30000
58104	69453
71536	70469
72066	70469
72339	72558
74496	99600
43403	79680
0	79680
0	79680
0	79680
0	79680
0	79680
0	79680
0	79680
0	79680
0	79680
0	79680
0	79680
0	79680
0	79680
0	79680
0	79680
0	79680
0	79680
0	79680
0	79680
0	79680
0	79680
0	79680
0	79680
0	79680
0	79680
