0	114000
19295	31456
371	30000
322	30000
339	30000
322	30000
34330	78000
99145	109000
35933	38010
3265	30000
383	30000
610	30000
336	30000
369	30000
223	30000
24	30000
29	30000
6220	30000
79622	138000
15818	103680
31	82944
57	66355
62	53084
42	33973
43	30000
36	30000
50	30000
42	30000
51	30000
31	30000
21	30000
5768	33600
406	30000
365	30000
326	30000
245	30000
286	30000
53	30000
49	30000
60	30000
55	30000
92	30000
51	30000
45	30000
47	30000
52	30000
35	30000
42	30000
54	30000
39	30000
56	30000
32	30000
40	30000
54	30000
53	30000
71	30000
51	30000
350	30000
63	30000
48	30000
50	30000
33	30000
45	30000
36	30000
32	30000
31	30000
47	30000
39	30000
53	30000
33	30000
35	30000
49	30000
56	30000
49	30000
37	30000
31	30000
51	30000
39	30000
75	30000
62	30000
42	30000
54	30000
53	30000
39	30000
61	30000
471	30000
55	30000
10	30000
1121	30000
35	30000
52	30000
58	30000
62	30000
36	30000
50	30000
51	30000
37	30000
52	30000
62	30000
45	30000
53	30000
58	30000
10	30000
11	30000
28	30000
9	30000
15	30000
9	30000
24	30000
12	30000
8	30000
12	30000
7	30000
11	30000
12	30000
12	30000
10	30000
11	30000
19	30000
9	30000
8	30000
6	30000
5	30000
9	30000
8	30000
9	30000
7	30000
6	30000
15	30000
16	30000
5	30000
6	30000
6	30000
10	30000
205	30000
9	30000
256	30000
39	30000
55	30000
50	30000
51	30000
65	30000
37	30000
41	30000
38	30000
28	30000
48	30000
50	30000
55	30000
26	30000
355	30000
9	30000
5	30000
10	30000
12	30000
5	30000
6	30000
9	30000
16	30000
6	30000
8	30000
8	30000
14	30000
10	30000
6	30000
11	30000
8	30000
11	30000
20	30000
12	30000
14	30000
11	30000
10	30000
7	30000
192	30000
280	30000
46	30000
35	30000
61	30000
30	30000
48	30000
49	30000
48	30000
29	30000
49	30000
34	30000
34	30000
55	30000
18	30000
9	30000
14	30000
7	30000
8	30000
10	30000
9	30000
17	30000
8	30000
9	30000
14	30000
12	30000
11	30000
11	30000
11	30000
8	30000
12	30000
7	30000
9	30000
12	30000
15	30000
9	30000
9	30000
-1	-1
0	88320
0	70656
0	56524
0	45219
0	30000
0	30000
0	30000
0	30000
0	30000
0	30000
0	30000
0	30000
0	30000
0	30000
1753	30000
58	30000
42	30000
1148	30000
30	30000
1287	30000
39	30000
40	30000
0	30000
0	30000
0	30000
20951	30000
98750	114000
47	92800
0	59392
0	59392
0	47513
0	47513
0	38010
0	38010
0	38010
47630	62400
59	107520
0	86016
0	68812
0	55049
0	44039
0	35231
0	30000
0	30000
0	30000
0	30000
0	30000
0	30000
0	30000
0	30000
0	30000
46	30000
0	30000
0	30000
0	30000
0	30000
0	30000
0	30000
0	30000
0	30000
0	30000
54	30000
0	30000
0	30000
0	30000
0	30000
0	30000
0	30000
0	30000
0	30000
0	30000
998	30000
34	30000
38	30000
4587	30000
214	30000
332	30000
73594	78000
100850	121000
418	47513
2926	30000
252	30000
321	30000
371	30000
102904	126000
186	120000
169	96000
214	76800
0	61440
0	49152
0	49152
41	49152
0	39321
0	31456
0	30000
0	30000
0	30000
0	30000
0	30000
0	30000
0	30000
36	30000
0	30000
0	30000
36508	30000
99416	114000
3273	68096
0	68096
0	68096
0	68096
0	68096
55	43580
0	43580
0	43580
1732	30000
21558	34560
128643	118560
0	83558
0	66846
0	53476
0	34224
0	30000
0	30000
0	30000
0	30000
23674	30000
101093	114000
0	116000
0	74240
74648	66408
0	70864
0	45352
0	36281
0	30000
0	30000
0	30000
0	30000
0	30000
0	30000
130	30000
147	30000
178	30000
213	30000
0	30000
5607	30000
96818	114000
9051	145000
0	59392
0	47513
0	38010
0	30408
0	30000
0	30000
0	30000
0	30000
0	30000
4185	30000
120465	126000
0	96000
0	96000
0	96000
0	76800
0	61440
0	61440
0	61440
0	61440
0	61440
0	61440
0	49152
0	39321
0	31456
0	30000
0	30000
0	30000
0	30000
0	30000
0	30000
0	30000
0	30000
0	30000
0	30000
0	30000
0	30000
0	30000
0	30000
37	30000
0	30000
0	30000
0	30000
0	30000
0	30000
0	30000
0	30000
0	30000
0	30000
0	30000
0	30000
0	30000
0	30000
0	30000
0	30000
39629	54000
98495	109000
3288	74240
57875	54408
0	101126
0	80900
0	64720
0	51776
0	41420
0	33136
0	30000
0	30000
0	30000
0	30000
0	30000
0	30000
0	30000
0	30000
0	30000
0	30000
0	30000
0	30000
0	30000
0	30000
0	30000
0	30000
0	30000
0	30000
0	30000
0	30000
0	30000
0	30000
0	30000
0	30000
0	30000
0	30000
0	30000
0	30000
0	30000
0	30000
0	30000
1135	30000
88444	90000
59863	121000
0	74240
0	59392
0	47513
0	38010
0	30408
86291	90000
0	88320
0	70656
0	56524
0	45219
0	30000
0	30000
0	30000
0	30000
0	30000
0	30000
0	30000
0	30000
0	30000
0	30000
0	30000
0	30000
0	30000
3392	30000
180	30000
109	30000
145	30000
156	30000
280	30000
145	30000
140	30000
161	30000
140	30000
158	30000
144	30000
249	30000
147	30000
1059	30000
14112	30000
99595	114000
36	116000
0	59392
0	47513
134	38010
0	30000
0	30000
83885	78000
0	88320
0	56524
0	45219
0	36175
0	30000
0	30000
0	30000
0	30000
0	30000
0	30000
0	30000
0	30000
0	30000
40	30000
0	30000
0	30000
0	30000
0	30000
0	30000
4367	30000
0	30000
0	30000
0	30000
0	30000
0	30000
0	30000
0	30000
0	30000
21004	30000
101119	114000
163	116000
112	74240
104	59392
223	38010
103	30408
42608	42000
3260	150000
118	120000
134	96000
134	49152
100	30000
103	30000
0	30000
0	30000
0	30000
