516464640	568893440
516464640	568893440
516464640	568893440
516464640	568893440
516464640	568893440
516464640	568893440
516464640	568893440
516464640	568893440
516464640	568893440
516464640	568893440
516464640	568893440
516464640	568893440
516464640	568893440
516464640	568893440
516464640	568893440
516464640	568893440
516464640	568893440
516464640	568893440
516464640	568893440
516464640	568893440
516464640	568893440
516464640	568893440
516464640	568893440
516464640	568893440
516464640	568893440
516464640	568893440
516464640	568893440
516464640	568893440
516464640	568893440
516464640	568893440
516464640	568893440
516464640	568893440
516464640	568893440
516464640	568893440
516464640	568893440
516464640	568893440
516464640	568893440
516464640	568893440
516464640	568893440
516464640	568893440
516464640	568893440
516464640	568893440
516464640	568893440
516464640	568893440
516464640	568893440
516464640	568893440
516464640	568893440
516464640	568893440
516464640	568893440
516464640	568893440
516464640	568893440
516464640	568893440
516464640	568893440
516464640	568893440
516464640	568893440
516464640	568893440
516464640	568893440
516464640	568893440
516464640	568893440
516464640	568893440
516464640	568893440
516464640	568893440
516464640	568893440
516476928	568893440
535568384	568893440
570507264	589373440
572010496	589373440
572043264	589373440
572497920	589373440
572743680	589373440
572743680	589373440
572874752	589373440
589172736	589373440
619315200	630333440
623304704	630333440
612597760	630333440
614977536	630333440
630173696	630333440
655732736	691773440
549302272	691773440
549302272	691773440
549302272	691773440
549302272	601731072
549302272	601731072
549302272	601731072
549302272	601731072
549302272	601731072
549302272	601731072
549302272	601731072
549302272	601731072
549302272	601731072
549302272	601731072
549302272	601731072
549302272	601731072
549302272	601731072
549302272	601731072
549302272	601731072
549302272	601731072
549302272	601731072
549302272	601731072
549302272	601731072
549302272	601731072
549302272	601731072
549302272	601731072
549302272	601731072
549302272	601731072
549302272	601731072
549302272	601731072
549302272	601731072
549302272	601731072
549302272	601731072
549302272	601731072
549302272	601731072
549302272	601731072
549302272	601731072
549302272	601731072
549302272	601731072
549302272	601731072
549302272	601731072
549302272	601731072
549302272	601731072
549302272	601731072
549302272	601731072
549302272	601731072
549302272	601731072
549302272	601731072
549302272	601731072
549302272	601731072
549302272	601731072
549302272	601731072
549302272	601731072
549302272	601731072
549302272	601731072
549302272	601731072
549302272	601731072
549302272	601731072
549302272	601731072
549302272	601731072
549302272	601731072
549302272	601731072
549302272	601731072
549302272	601731072
549302272	601731072
549302272	601731072
549302272	601731072
549302272	601731072
549302272	601731072
549302272	601731072
549302272	601731072
549302272	601731072
549302272	601731072
549302272	601731072
549302272	601731072
549302272	601731072
549302272	601731072
549302272	601731072
549302272	601731072
549302272	601731072
549302272	601731072
549302272	601731072
549302272	601731072
549302272	601731072
549302272	601731072
549302272	601731072
549302272	601731072
549302272	601731072
549302272	601731072
549302272	601731072
549302272	601731072
549302272	601731072
549302272	601731072
549302272	601731072
549302272	601731072
549302272	601731072
549302272	601731072
549302272	601731072
549302272	601731072
549302272	601731072
549302272	601731072
549302272	601731072
549302272	601731072
549302272	601731072
549302272	601731072
549302272	601731072
549302272	601731072
549302272	601731072
549302272	601731072
549302272	601731072
549302272	601731072
549302272	601731072
549302272	601731072
549302272	601731072
549302272	601731072
549302272	601731072
549302272	601731072
549302272	601731072
549302272	601731072
549302272	601731072
549302272	601731072
549302272	601731072
549302272	601731072
549302272	601731072
549302272	601731072
549302272	601731072
549302272	601731072
549302272	601731072
549302272	601731072
549302272	601731072
549302272	601731072
549302272	601731072
549302272	601731072
549302272	601731072
549302272	601731072
549302272	601731072
549302272	601731072
549302272	601731072
549302272	601731072
549302272	601731072
549302272	601731072
549302272	601731072
549302272	601731072
549302272	601731072
549302272	601731072
549302272	601731072
549302272	601731072
549302272	601731072
549302272	601731072
549302272	601731072
549302272	601731072
549302272	601731072
549302272	601731072
549302272	601731072
549302272	601731072
549302272	601731072
549302272	601731072
549302272	601731072
549302272	601731072
549302272	601731072
549302272	601731072
549302272	601731072
549302272	601731072
549302272	601731072
549302272	601731072
549302272	601731072
549302272	601731072
549302272	601731072
549302272	601731072
549302272	601731072
549302272	601731072
549302272	601731072
549302272	601731072
549302272	601731072
549302272	601731072
549302272	601731072
549302272	601731072
549302272	601731072
549302272	601731072
549302272	601731072
549302272	601731072
549302272	601731072
549302272	601731072
549302272	601731072
549302272	601731072
549302272	601731072
549302272	601731072
549302272	601731072
549302272	601731072
549302272	601731072
549302272	601731072
549302272	601731072
549302272	601731072
549302272	601731072
549302272	601731072
549302272	601731072
549302272	601731072
549302272	601731072
549302272	601731072
549302272	601731072
549302272	601731072
549302272	601731072
549302272	601731072
549302272	601731072
549302272	601731072
549302272	601731072
549302272	601731072
549302272	601731072
549302272	601731072
549302272	601731072
549302272	601731072
549302272	601731072
