412667904	425676800
418238464	425676800
425590784	425676800
469397504	487116800
453074944	487116800
349589504	487116800
378814464	487116800
400674816	487116800
402432000	487116800
402665472	487116800
402796544	487116800
406323200	487116800
418926592	487116800
425242624	487116800
428318720	487116800
428318720	487116800
436097024	487116800
455065600	487116800
435994624	487116800
359088128	487116800
359088128	487116800
359088128	487116800
359088128	487116800
359088128	487116800
359088128	487116800
359088128	411516928
359088128	411516928
359088128	411516928
359088128	411516928
359088128	411516928
359088128	411516928
359088128	411516928
359088128	411516928
359088128	411516928
359088128	411516928
359088128	411516928
359088128	411516928
359088128	411516928
359088128	411516928
359088128	411516928
359088128	411516928
359088128	411516928
359088128	411516928
359088128	411516928
359088128	411516928
359088128	411516928
359088128	411516928
359088128	411516928
359088128	411516928
359088128	411516928
359088128	411516928
359088128	411516928
359088128	411516928
359088128	411516928
359088128	411516928
359088128	411516928
359088128	411516928
359088128	411516928
359088128	411516928
359088128	411516928
359088128	411516928
359088128	411516928
359088128	411516928
411381760	411516928
410271744	411516928
410271744	411516928
410402816	411516928
411283456	411516928
421761024	431996928
423202816	431996928
423796736	431996928
447877120	452476928
504274944	513916928
597839872	616316928
556466176	616316928
569397248	616316928
480829440	616316928
480829440	616316928
480829440	616316928
480829440	616316928
480829440	533258240
480829440	533258240
480829440	533258240
480829440	533258240
480829440	533258240
480829440	533258240
480829440	533258240
480829440	533258240
480829440	533258240
480829440	533258240
480829440	533258240
480829440	533258240
480829440	533258240
480829440	533258240
480829440	533258240
480829440	533258240
480829440	533258240
480829440	533258240
480829440	533258240
480829440	533258240
480829440	533258240
480829440	533258240
480829440	533258240
480829440	533258240
480829440	533258240
480829440	533258240
480829440	533258240
480829440	533258240
480829440	533258240
480829440	533258240
480829440	533258240
480829440	533258240
480829440	533258240
480829440	533258240
480829440	533258240
480829440	533258240
480829440	533258240
480829440	533258240
480829440	533258240
480829440	533258240
480829440	533258240
480829440	533258240
496099328	533258240
533200896	533258240
536223744	553738240
536719360	553738240
536915968	553738240
536956928	553738240
537059328	553738240
537182208	553738240
551911424	553738240
555839488	574218240
605593600	615178240
607571968	615178240
517398528	615178240
549634048	615178240
567353344	602193920
567570432	602193920
567701504	602193920
569454592	602193920
575512576	602193920
594755584	602193920
655175680	663633920
759582720	745553920
752709632	766033920
715915264	766033920
633569280	766033920
633569280	766033920
633569280	766033920
633569280	766033920
633569280	766033920
633569280	766033920
633569280	766033920
633569280	766033920
633569280	766033920
633569280	766033920
633569280	766033920
633569280	766033920
633569280	766033920
633569280	766033920
633569280	766033920
633569280	766033920
633569280	766033920
633569280	766033920
633569280	685998080
633569280	685998080
633569280	685998080
633569280	685998080
633569280	685998080
633569280	685998080
633569280	685998080
633569280	685998080
633569280	685998080
633569280	685998080
633569280	685998080
633569280	685998080
633569280	685998080
633569280	685998080
633569280	685998080
633569280	685998080
633569280	685998080
633569280	685998080
649150464	685998080
687271936	706478080
688640000	706478080
689041408	706478080
689078272	706478080
689254400	706478080
689397760	706478080
689487872	706478080
689618944	706478080
690585600	706478080
700874752	706478080
706506752	706478080
719749120	726958080
761954304	767918080
663977984	767918080
663977984	767918080
663977984	767918080
663977984	767918080
663977984	767918080
663977984	767918080
663977984	767918080
663977984	767918080
663977984	767918080
663977984	767918080
663977984	767918080
663977984	767918080
663977984	767918080
663977984	767918080
663977984	767918080
663977984	767918080
663977984	767918080
663977984	767918080
663977984	767918080
663977984	767918080
663977984	767918080
663977984	767918080
663977984	767918080
663977984	767918080
663977984	716406784
663977984	716406784
663977984	716406784
663977984	716406784
663977984	716406784
663977984	716406784
663977984	716406784
663977984	716406784
663977984	716406784
663977984	716406784
663977984	716406784
663977984	716406784
663977984	716406784
663977984	716406784
663977984	716406784
663977984	716406784
663977984	716406784
663977984	716406784
663977984	716406784
663977984	716406784
663977984	716406784
663977984	716406784
682528768	716406784
717545472	736886784
717770752	736886784
719085568	736886784
719843328	736886784
719933440	736886784
720064512	736886784
720805888	736886784
726929408	736886784
736866304	736886784
741228544	757366784
788500480	798326784
792416256	798326784
694288384	798326784
694288384	798326784
694288384	798326784
694288384	798326784
694288384	798326784
694288384	798326784
694288384	798326784
694288384	798326784
694288384	798326784
694288384	798326784
694288384	798326784
694288384	798326784
694288384	798326784
694288384	798326784
694288384	798326784
694288384	798326784
694288384	798326784
694288384	798326784
694288384	798326784
694288384	798326784
694288384	798326784
694288384	746717184
694288384	746717184
694288384	746717184
694288384	746717184
694288384	746717184
694288384	746717184
694288384	746717184
694288384	746717184
694288384	746717184
694288384	746717184
694288384	746717184
694288384	746717184
694288384	746717184
694288384	746717184
694288384	746717184
694288384	746717184
694288384	746717184
694288384	746717184
694288384	746717184
694288384	746717184
694288384	746717184
694288384	746717184
694288384	746717184
694288384	746717184
