43048960	268435456
139657216	268435456
41381888	192086016
148373504	192086016
40325120	192086016
40411136	192086016
40534016	192086016
40652800	192086016
40792064	192086016
40869888	192086016
40869888	192086016
40869888	192086016
40869888	192086016
40869888	192086016
40869888	192086016
40869888	192086016
40869888	192086016
40947712	192086016
40947712	192086016
41091072	192086016
41091072	192086016
41091072	192086016
41091072	192086016
41177088	93519872
41160704	93519872
41160704	93519872
41160704	93519872
41160704	93519872
41160704	93519872
41193472	93519872
41394176	93519872
41402368	93519872
41402368	93519872
41443328	93519872
41443328	93519872
41443328	93519872
41443328	93519872
39088128	93519872
86175744	93519872
139735040	154959872
41689088	154959872
39133184	154959872
39034880	154959872
39034880	154959872
39034880	154959872
39018496	154959872
39055360	154959872
39055360	154959872
39055360	154959872
39088128	154959872
39088128	154959872
39165952	154959872
39370752	154959872
39272448	154959872
39272448	154959872
42729472	154959872
40652800	154959872
40734720	154959872
76488704	154959872
42057728	154959872
42016768	154959872
42024960	154959872
42024960	96972800
42008576	96972800
42008576	96972800
42008576	96972800
42008576	96972800
42139648	96972800
42041344	96972800
42041344	96972800
42041344	96972800
42074112	96972800
42074112	96972800
42074112	96972800
42074112	96972800
42074112	96972800
42074112	96972800
42074112	96972800
42074112	96972800
42074112	96972800
42074112	96972800
136761344	137932800
138170368	158412800
152014848	158412800
43520000	158412800
43520000	158412800
43503616	158412800
43503616	158412800
43634688	158412800
43536384	158412800
43536384	158412800
43536384	158412800
43536384	158412800
43536384	158412800
43536384	158412800
43565056	158412800
43565056	158412800
43565056	158412800
43565056	158412800
43565056	95993856
43679744	95993856
43679744	95993856
43679744	95993856
43679744	95993856
43679744	95993856
43687936	95993856
43687936	95993856
43687936	95993856
43687936	95993856
43687936	95993856
43671552	95993856
43671552	95993856
43671552	95993856
41390080	95993856
41390080	95993856
41390080	95993856
41390080	93818880
41390080	93818880
139841536	155258880
60874752	155258880
43614208	155258880
44216320	155258880
47935488	155258880
45121536	155258880
45121536	155258880
45121536	155258880
45121536	155258880
45121536	155258880
47861760	155258880
45174784	155258880
45174784	155258880
45174784	155258880
45178880	155258880
45178880	97607680
45178880	97607680
45178880	97607680
45178880	97607680
45178880	97607680
45162496	97607680
45162496	97607680
45162496	97607680
45162496	97607680
45162496	97607680
45162496	97607680
45162496	97607680
45162496	97607680
45162496	97607680
45162496	97607680
45162496	97607680
45162496	97607680
45166592	97607680
45166592	97595392
45252608	97595392
45252608	97595392
45252608	97595392
45252608	97595392
45252608	97595392
45252608	97595392
45252608	97595392
45252608	97595392
45252608	97595392
45252608	97595392
45252608	97595392
45252608	97595392
45252608	97595392
45252608	97595392
45252608	97595392
45252608	97595392
45252608	97595392
45252608	97595392
45252608	97595392
45252608	97595392
45907968	97595392
42983424	97595392
42983424	97595392
42983424	97595392
42983424	97595392
42967040	97595392
42967040	97595392
141189120	159035392
141209600	159035392
77475840	159035392
46825472	159035392
46522368	159035392
46505984	159035392
46505984	159035392
46526464	159035392
46526464	159035392
46526464	159035392
46526464	98955264
46526464	98955264
46510080	98955264
46510080	98955264
46510080	98955264
46510080	98955264
46510080	98955264
46510080	98955264
46510080	98955264
49299456	98955264
46542848	98955264
46542848	98955264
46542848	98955264
46542848	98955264
46526464	98955264
46526464	98955264
46526464	98955264
46526464	98955264
46604288	98955264
46546944	98955264
46546944	98955264
46546944	98955264
46546944	98955264
46546944	98955264
46546944	98955264
46546944	98955264
46546944	98955264
46546944	98955264
46530560	98955264
46530560	98955264
46530560	98955264
46530560	98955264
46530560	98955264
46530560	98955264
46530560	98955264
46530560	98955264
46530560	98955264
46530560	98955264
46530560	98955264
46530560	98955264
46530560	98955264
46546944	98955264
46546944	98955264
46546944	98955264
46546944	98955264
46546944	98955264
46546944	98955264
46546944	98955264
46546944	98955264
