31866880.0	66060288.0
32706560.0	66060288.0
32559104.0	66060288.0
32194560.0	66060288.0
32104448.0	66060288.0
31879168.0	66060288.0
32571392.0	66060288.0
32673792.0	66060288.0
32808960.0	66060288.0
32518144.0	66060288.0
32583680.0	66060288.0
33103872.0	66060288.0
32616448.0	66060288.0
32452608.0	66060288.0
33067008.0	66060288.0
32989184.0	66060288.0
32301056.0	66060288.0
32423936.0	66060288.0
32264192.0	66060288.0
32608256.0	66060288.0
32854016.0	66060288.0
32223232.0	66060288.0
32321536.0	66060288.0
32288768.0	66060288.0
32436224.0	66060288.0
32645120.0	66060288.0
32448512.0	66060288.0
32735232.0	66060288.0
32481280.0	66060288.0
32575488.0	66060288.0
32092160.0	66060288.0
32358400.0	66060288.0
32309248.0	66060288.0
32452608.0	66060288.0
32632832.0	66060288.0
32550912.0	66060288.0
32661504.0	66060288.0
32473088.0	66060288.0
32362496.0	66060288.0
32100352.0	66060288.0
32616448.0	66060288.0
32362496.0	66060288.0
32616448.0	66060288.0
32788480.0	66060288.0
32854016.0	66060288.0
32366592.0	66060288.0
32550912.0	66060288.0
32649216.0	66060288.0
32301056.0	66060288.0
32460800.0	66060288.0
32288768.0	66060288.0
32579584.0	66060288.0
32616448.0	66060288.0
32620544.0	66060288.0
32780288.0	66060288.0
32567296.0	66060288.0
32505856.0	66060288.0
32157696.0	66060288.0
32485376.0	66060288.0
32641024.0	66060288.0
32669696.0	66060288.0
33157120.0	66060288.0
32657408.0	66060288.0
32391168.0	66060288.0
32493568.0	66060288.0
32223232.0	66060288.0
32276480.0	66060288.0
32665600.0	66060288.0
32763904.0	66060288.0
33087488.0	66060288.0
32559104.0	66060288.0
32673792.0	66060288.0
32301056.0	66060288.0
32604160.0	66060288.0
32509952.0	66060288.0
32415744.0	66060288.0
32260096.0	66060288.0
32391168.0	66060288.0
32804864.0	66060288.0
32796672.0	66060288.0
32702464.0	66060288.0
32890880.0	66060288.0
32616448.0	66060288.0
32157696.0	66060288.0
32862208.0	66060288.0
32657408.0	66060288.0
32710656.0	66060288.0
32952320.0	66060288.0
32854016.0	66060288.0
32370688.0	66060288.0
32772096.0	66060288.0
32743424.0	66060288.0
32542720.0	66060288.0
32948224.0	66060288.0
32808960.0	66060288.0
32522240.0	66060288.0
32583680.0	66060288.0
32694272.0	66060288.0
32555008.0	66060288.0
32411648.0	66060288.0
32559104.0	66060288.0
32411648.0	66060288.0
32681984.0	66060288.0
32559104.0	66060288.0
32858112.0	66060288.0
32768000.0	66060288.0
32575488.0	66060288.0
32722944.0	66060288.0
32415744.0	66060288.0
32309248.0	66060288.0
32567296.0	66060288.0
32366592.0	66060288.0
32342016.0	66060288.0
32604160.0	66060288.0
32821248.0	66060288.0
33034240.0	66060288.0
32366592.0	66060288.0
32382976.0	66060288.0
32292864.0	66060288.0
32886784.0	66060288.0
33009664.0	66060288.0
32722944.0	66060288.0
32641024.0	66060288.0
32616448.0	66060288.0
32391168.0	66060288.0
32595968.0	66060288.0
32342016.0	66060288.0
32337920.0	66060288.0
32968704.0	66060288.0
33062912.0	66060288.0
32825344.0	66060288.0
32493568.0	66060288.0
32497664.0	66060288.0
32731136.0	66060288.0
32743424.0	66060288.0
32894976.0	66060288.0
32792576.0	66060288.0
33058816.0	66060288.0
32563200.0	66060288.0
32817152.0	66060288.0
