5033984.0	26214400.0
5173248.0	26214400.0
5566464.0	26214400.0
5668864.0	26214400.0
6627328.0	26214400.0
6516736.0	26214400.0
6520832.0	26214400.0
6520832.0	26214400.0
6520832.0	26214400.0
6520832.0	26214400.0
6520832.0	26214400.0
6520832.0	26214400.0
6520832.0	26214400.0
6520832.0	26214400.0
6520832.0	26214400.0
6586368.0	26214400.0
6586368.0	26214400.0
6586368.0	26214400.0
6586368.0	26214400.0
6586368.0	26214400.0
6586368.0	26214400.0
6586368.0	26214400.0
6586368.0	26214400.0
6586368.0	26214400.0
6586368.0	26214400.0
6586368.0	26214400.0
6586368.0	26214400.0
6586368.0	26214400.0
6586368.0	26214400.0
6586368.0	26214400.0
6586368.0	26214400.0
6586368.0	26214400.0
6586368.0	26214400.0
6586368.0	26214400.0
6586368.0	26214400.0
6586368.0	26214400.0
6586368.0	26214400.0
6729728.0	26214400.0
6647808.0	26214400.0
6647808.0	26214400.0
6647808.0	26214400.0
6647808.0	26214400.0
6647808.0	26214400.0
6647808.0	26214400.0
6647808.0	26214400.0
6647808.0	26214400.0
6647808.0	26214400.0
6647808.0	26214400.0
6647808.0	26214400.0
6647808.0	26214400.0
6647808.0	26214400.0
6647808.0	26214400.0
6647808.0	26214400.0
6647808.0	26214400.0
6647808.0	26214400.0
6647808.0	26214400.0
6647808.0	26214400.0
6647808.0	26214400.0
6647808.0	26214400.0
6647808.0	26214400.0
6647808.0	26214400.0
6647808.0	26214400.0
6647808.0	26214400.0
6647808.0	26214400.0
6647808.0	26214400.0
6647808.0	26214400.0
6647808.0	26214400.0
6647808.0	26214400.0
6647808.0	26214400.0
6647808.0	26214400.0
6647808.0	26214400.0
6647808.0	26214400.0
6647808.0	26214400.0
6647808.0	26214400.0
6647808.0	26214400.0
6647808.0	26214400.0
6647808.0	26214400.0
6647808.0	26214400.0
6647808.0	26214400.0
6647808.0	26214400.0
6647808.0	26214400.0
6647808.0	26214400.0
6647808.0	26214400.0
6647808.0	26214400.0
6647808.0	26214400.0
6647808.0	26214400.0
6647808.0	26214400.0
6647808.0	26214400.0
6647808.0	26214400.0
6647808.0	26214400.0
6647808.0	26214400.0
6647808.0	26214400.0
6647808.0	26214400.0
6647808.0	26214400.0
6647808.0	26214400.0
6647808.0	26214400.0
6647808.0	26214400.0
6647808.0	26214400.0
6647808.0	26214400.0
6647808.0	26214400.0
6647808.0	26214400.0
6647808.0	26214400.0
6647808.0	26214400.0
6647808.0	26214400.0
6647808.0	26214400.0
6647808.0	26214400.0
6647808.0	26214400.0
6647808.0	26214400.0
6647808.0	26214400.0
6647808.0	26214400.0
6647808.0	26214400.0
6647808.0	26214400.0
6647808.0	26214400.0
6647808.0	26214400.0
6647808.0	26214400.0
6647808.0	26214400.0
6647808.0	26214400.0
6647808.0	26214400.0
6647808.0	26214400.0
6647808.0	26214400.0
6647808.0	26214400.0
6647808.0	26214400.0
6647808.0	26214400.0
6647808.0	26214400.0
6647808.0	26214400.0
6647808.0	26214400.0
6647808.0	26214400.0
6647808.0	26214400.0
6647808.0	26214400.0
6647808.0	26214400.0
6647808.0	26214400.0
6647808.0	26214400.0
6647808.0	26214400.0
6647808.0	26214400.0
6647808.0	26214400.0
6647808.0	26214400.0
6647808.0	26214400.0
6647808.0	26214400.0
6647808.0	26214400.0
6647808.0	26214400.0
