40247296	268435456
139063296	268435456
136658944	268435456
128188416	268435456
40652800	268435456
40611840	268435456
40361984	268435456
40562688	268435456
40546304	268435456
40632320	268435456
40763392	268435456
40570880	268435456
40554496	268435456
40554496	268435456
40554496	268435456
40554496	268435456
40554496	268435456
40730624	268435456
40615936	268435456
40599552	268435456
40599552	268435456
40873984	268435456
40681472	268435456
40681472	268435456
40611840	268435456
40611840	268435456
40611840	268435456
40595456	268435456
40595456	268435456
40595456	268435456
40595456	268435456
40595456	268435456
40595456	268435456
40595456	268435456
40595456	268435456
40595456	268435456
40595456	268435456
40595456	268435456
40595456	268435456
40595456	268435456
40595456	268435456
40595456	268435456
40595456	268435456
40595456	268435456
40595456	268435456
40595456	268435456
43085824	268435456
40734720	268435456
40611840	268435456
40611840	268435456
40611840	268435456
40611840	268435456
40611840	268435456
40611840	268435456
40611840	268435456
40611840	268435456
40611840	268435456
40611840	268435456
40611840	268435456
40611840	268435456
40611840	268435456
40611840	268435456
40611840	268435456
40611840	268435456
40595456	268435456
40595456	268435456
40595456	268435456
40595456	268435456
40595456	268435456
40595456	268435456
40595456	268435456
40595456	268435456
40595456	268435456
40595456	268435456
41119744	268435456
40783872	268435456
40656896	268435456
43147264	268435456
40665088	268435456
40665088	268435456
40665088	268435456
40665088	268435456
40665088	268435456
40665088	268435456
40665088	268435456
40665088	268435456
40665088	268435456
40665088	268435456
40665088	268435456
40665088	268435456
40665088	268435456
40665088	268435456
40665088	268435456
40665088	268435456
40665088	268435456
40665088	268435456
40665088	268435456
40665088	268435456
40665088	268435456
40665088	268435456
40665088	268435456
40665088	268435456
40665088	268435456
40665088	268435456
40665088	268435456
40665088	268435456
40665088	268435456
40665088	268435456
40665088	268435456
40665088	268435456
40665088	268435456
40665088	268435456
40665088	268435456
40665088	268435456
40665088	268435456
40665088	268435456
40665088	268435456
40665088	268435456
40665088	268435456
40665088	268435456
40665088	268435456
40665088	268435456
40665088	268435456
40927232	268435456
40755200	268435456
42983424	268435456
40665088	268435456
40665088	268435456
40665088	268435456
40665088	268435456
40665088	268435456
40665088	268435456
40665088	268435456
40665088	268435456
40665088	268435456
40665088	268435456
40665088	268435456
40665088	268435456
40665088	268435456
43155456	268435456
40714240	268435456
40714240	268435456
40714240	268435456
40714240	268435456
40714240	268435456
40714240	268435456
40714240	268435456
40714240	268435456
40714240	268435456
40714240	268435456
40714240	268435456
40714240	268435456
40714240	268435456
40714240	268435456
40714240	268435456
40714240	268435456
40714240	268435456
40714240	268435456
40714240	268435456
40714240	268435456
40714240	268435456
40714240	268435456
40714240	268435456
40882176	268435456
43089920	268435456
40730624	268435456
40730624	268435456
40730624	268435456
40730624	268435456
40730624	268435456
40730624	268435456
40730624	268435456
40730624	268435456
40730624	268435456
40730624	268435456
40730624	268435456
40730624	268435456
40730624	268435456
40730624	268435456
40730624	268435456
40730624	268435456
40730624	268435456
40730624	268435456
40730624	268435456
40730624	268435456
40730624	268435456
40730624	268435456
40730624	268435456
40730624	268435456
40730624	268435456
40730624	268435456
40730624	268435456
40730624	268435456
40730624	268435456
80941056	268435456
139112448	268435456
42618880	268435456
40026112	268435456
40357888	268435456
40656896	268435456
61923328	268435456
42729472	268435456
42643456	268435456
42643456	268435456
42643456	268435456
42627072	268435456
42627072	268435456
42627072	268435456
42627072	268435456
42627072	268435456
42627072	268435456
42627072	268435456
42627072	268435456
42627072	268435456
42627072	268435456
42627072	268435456
42655744	268435456
42655744	268435456
42655744	268435456
42676224	268435456
42680320	268435456
42680320	268435456
42680320	268435456
42680320	268435456
42680320	268435456
42680320	268435456
42663936	268435456
42663936	268435456
42663936	268435456
42663936	268435456
42663936	268435456
42663936	268435456
42663936	268435456
42663936	268435456
42663936	268435456
42663936	268435456
42663936	268435456
42663936	268435456
42663936	268435456
42663936	268435456
42663936	268435456
42663936	268435456
42663936	268435456
42663936	268435456
42663936	268435456
42663936	268435456
42663936	268435456
42663936	268435456
42663936	268435456
42663936	268435456
42663936	268435456
42663936	268435456
42663936	268435456
42663936	268435456
42663936	268435456
42663936	268435456
42663936	268435456
42663936	268435456
42663936	268435456
42663936	268435456
42663936	268435456
42647552	268435456
42692608	268435456
42672128	268435456
42672128	268435456
42672128	268435456
42672128	268435456
42672128	268435456
42672128	268435456
42672128	268435456
42672128	268435456
42672128	268435456
42672128	268435456
42672128	268435456
42672128	268435456
42672128	268435456
42672128	268435456
42672128	268435456
42672128	268435456
42672128	268435456
42680320	268435456
42676224	268435456
42676224	268435456
42676224	268435456
42676224	268435456
42676224	268435456
42676224	268435456
42676224	268435456
42676224	268435456
42676224	268435456
42676224	268435456
42676224	268435456
42676224	268435456
42676224	268435456
42676224	268435456
42676224	268435456
42676224	268435456
42676224	268435456
42749952	268435456
42717184	268435456
42717184	268435456
42717184	268435456
42717184	268435456
42725376	268435456
42725376	268435456
42725376	268435456
42725376	268435456
42725376	268435456
42725376	268435456
42725376	268435456
42725376	268435456
42725376	268435456
42725376	268435456
42725376	268435456
42725376	268435456
42725376	268435456
42725376	268435456
42725376	268435456
42725376	268435456
42725376	268435456
42725376	268435456
42725376	268435456
42725376	268435456
42725376	268435456
42725376	268435456
42725376	268435456
42725376	268435456
42725376	268435456
42725376	268435456
42725376	268435456
42725376	268435456
42725376	268435456
42725376	268435456
42725376	268435456
42725376	268435456
42725376	268435456
42725376	268435456
42725376	268435456
42725376	268435456
42725376	268435456
42725376	268435456
42725376	268435456
42725376	268435456
42725376	268435456
42725376	268435456
42725376	268435456
42725376	268435456
42729472	268435456
42729472	268435456
42729472	268435456
42729472	268435456
42729472	268435456
42729472	268435456
42729472	268435456
42729472	268435456
42729472	268435456
42729472	268435456
42729472	268435456
42729472	268435456
42729472	268435456
42729472	268435456
42729472	268435456
42729472	268435456
42774528	268435456
42774528	268435456
42774528	268435456
42774528	268435456
42774528	268435456
42774528	268435456
42774528	268435456
42774528	268435456
42774528	268435456
42774528	268435456
42774528	268435456
42774528	268435456
42774528	268435456
42774528	268435456
42774528	268435456
42774528	268435456
42774528	268435456
42774528	268435456
42774528	268435456
42774528	268435456
42774528	268435456
42774528	268435456
42774528	268435456
42774528	268435456
42774528	268435456
42774528	268435456
42774528	268435456
42774528	268435456
42774528	268435456
42774528	268435456
42774528	268435456
42774528	268435456
42774528	268435456
42774528	268435456
42774528	268435456
42774528	268435456
42774528	268435456
-1	-1
43569152	268435456
43569152	268435456
43569152	268435456
43569152	268435456
43569152	268435456
43569152	268435456
43569152	268435456
43569152	268435456
43569152	268435456
43569152	268435456
43569152	268435456
44421120	268435456
144814080	268435456
44036096	268435456
41607168	268435456
41607168	268435456
41590784	268435456
41590784	268435456
41590784	268435456
82055168	268435456
44519424	268435456
44380160	268435456
44240896	268435456
44240896	268435456
44224512	268435456
44224512	268435456
44355584	268435456
44240896	268435456
44240896	268435456
44240896	268435456
44240896	268435456
44240896	268435456
44240896	268435456
44240896	268435456
44240896	268435456
44240896	268435456
44224512	268435456
44224512	268435456
44224512	268435456
44224512	268435456
44224512	268435456
44224512	268435456
44224512	268435456
44224512	268435456
44224512	268435456
44224512	268435456
44224512	268435456
42897408	268435456
41881600	268435456
41881600	268435456
145211392	268435456
42135552	268435456
41992192	268435456
41992192	268435456
153284608	268435456
44548096	268435456
44503040	268435456
44503040	268435456
44503040	268435456
44486656	268435456
44486656	268435456
44359680	268435456
44359680	268435456
44359680	268435456
44408832	268435456
44376064	268435456
44376064	268435456
44376064	268435456
44376064	268435456
44376064	268435456
44376064	268435456
44376064	268435456
44376064	268435456
44376064	268435456
44359680	268435456
44359680	268435456
44359680	268435456
44359680	268435456
44359680	268435456
44359680	268435456
44359680	268435456
44359680	268435456
44359680	268435456
44359680	268435456
44359680	268435456
44359680	268435456
44359680	268435456
44359680	268435456
44359680	268435456
44359680	268435456
44359680	268435456
44359680	268435456
44359680	268435456
44359680	268435456
44359680	268435456
44359680	268435456
44359680	268435456
44359680	268435456
44359680	268435456
44359680	268435456
44359680	268435456
44445696	268435456
44359680	268435456
44359680	268435456
44359680	268435456
44359680	268435456
44359680	268435456
44359680	268435456
44359680	268435456
44359680	268435456
44359680	268435456
44359680	268435456
44359680	268435456
44359680	268435456
44359680	268435456
44343296	268435456
44343296	268435456
44343296	268435456
44343296	268435456
44343296	268435456
44343296	268435456
44343296	268435456
44343296	268435456
44343296	268435456
44343296	268435456
44343296	268435456
44343296	268435456
44343296	268435456
44343296	268435456
44343296	268435456
44343296	268435456
44343296	268435456
44343296	268435456
44343296	268435456
44343296	268435456
44343296	268435456
44343296	268435456
44343296	268435456
44343296	268435456
44343296	268435456
44343296	268435456
44343296	268435456
44343296	268435456
44343296	268435456
44343296	268435456
44343296	268435456
44343296	268435456
44343296	268435456
44343296	268435456
44343296	268435456
44343296	268435456
44343296	268435456
44343296	268435456
44343296	268435456
44343296	268435456
44343296	268435456
44343296	268435456
44343296	268435456
44343296	268435456
44343296	268435456
44343296	268435456
44343296	268435456
44343296	268435456
44343296	268435456
44343296	268435456
44343296	268435456
44343296	268435456
44343296	268435456
44343296	268435456
44343296	268435456
44343296	268435456
44343296	268435456
44343296	268435456
44343296	268435456
44343296	268435456
44343296	268435456
44343296	268435456
44343296	268435456
44343296	268435456
44343296	268435456
44343296	268435456
44343296	268435456
44343296	268435456
44343296	268435456
44453888	268435456
44453888	268435456
44347392	268435456
44347392	268435456
44347392	268435456
44347392	268435456
44347392	268435456
44347392	268435456
44347392	268435456
44347392	268435456
44347392	268435456
44347392	268435456
44347392	268435456
44347392	268435456
44347392	268435456
44347392	268435456
44347392	268435456
44347392	268435456
44466176	268435456
44355584	268435456
44355584	268435456
44355584	268435456
44355584	268435456
44355584	268435456
44355584	268435456
44355584	268435456
44355584	268435456
44355584	268435456
44355584	268435456
44355584	268435456
44355584	268435456
44355584	268435456
