23834624	268435456
136380416	268435456
41488384	268435456
36761600	268435456
36761600	268435456
36802560	268435456
37036032	89231360
37036032	89231360
37068800	89231360
37101568	89231360
37101568	89231360
37101568	89231360
37789696	89231360
128811008	130191360
37416960	150671360
37416960	150671360
37416960	150671360
37437440	150671360
37421056	150671360
37421056	150671360
37421056	89849856
37421056	89849856
37421056	89849856
37421056	89849856
37421056	89849856
37421056	89849856
37421056	89849856
37421056	89849856
37421056	89849856
37421056	89849856
37421056	89849856
37421056	89849856
37421056	89849856
37470208	89849856
37470208	89849856
37470208	89849856
37470208	89849856
37470208	89849856
37470208	89849856
37453824	89849856
37453824	89849856
37453824	89849856
37453824	89849856
37437440	89849856
37437440	89849856
37437440	89849856
37437440	89849856
37548032	89849856
37679104	89849856
39829504	89849856
90886144	110329856
139169792	151289856
38699008	151289856
39161856	151289856
40767488	151289856
149958656	151289856
41684992	151289856
41684992	151289856
41684992	151289856
41684992	151289856
41668608	151289856
41668608	151289856
41668608	151289856
41668608	151289856
41668608	151289856
41668608	151289856
41734144	151289856
44101632	151289856
41779200	151289856
41779200	151289856
41779200	151289856
41762816	151289856
41762816	151289856
41795584	151289856
41795584	151289856
41816064	151289856
41816064	151289856
41816064	151289856
41816064	151289856
41820160	151289856
41820160	151289856
41820160	151289856
41820160	151289856
41820160	151289856
41820160	151289856
41803776	151289856
41803776	151289856
41803776	151289856
41803776	151289856
41803776	151289856
41803776	151289856
41803776	151289856
41852928	151289856
41852928	151289856
41852928	151289856
41852928	151289856
41852928	151289856
41885696	151289856
41885696	151289856
41885696	151289856
41885696	151289856
41885696	151289856
41885696	151289856
41885696	151289856
41885696	151289856
95330304	151289856
143314944	151289856
42557440	151289856
150130688	151289856
41828352	151289856
41811968	151289856
41811968	151289856
41811968	151289856
41811968	151289856
41811968	151289856
41811968	151289856
41811968	151289856
41811968	151289856
41951232	151289856
41951232	151289856
41951232	151289856
41951232	151289856
41951232	151289856
41934848	151289856
41934848	151289856
41934848	151289856
41934848	151289856
41955328	151289856
41955328	151289856
41955328	151289856
43175936	151289856
40824832	151289856
40816640	151289856
66248704	151289856
144330752	151289856
42131456	151289856
150274048	151289856
41988096	151289856
41934848	151289856
41934848	151289856
41934848	151289856
41934848	151289856
41934848	151289856
41934848	151289856
41963520	151289856
41963520	151289856
41963520	151289856
41963520	151289856
41963520	151289856
41963520	151289856
41963520	151289856
41963520	151289856
41963520	151289856
42139648	151289856
42000384	151289856
42000384	151289856
42000384	151289856
42000384	151289856
42000384	151289856
42000384	151289856
42000384	151289856
42000384	151289856
42000384	151289856
42000384	151289856
42000384	151289856
42000384	151289856
42000384	151289856
42000384	151289856
42000384	151289856
42000384	151289856
42000384	151289856
42000384	151289856
42000384	151289856
42000384	151289856
42045440	151289856
42045440	151289856
42045440	151289856
42045440	151289856
42045440	151289856
42045440	151289856
42045440	151289856
42045440	151289856
42045440	151289856
42119168	151289856
42119168	151289856
42119168	151289856
42119168	151289856
42119168	151289856
42119168	151289856
42119168	151289856
42119168	151289856
42119168	151289856
42119168	151289856
42119168	151289856
42119168	151289856
42119168	151289856
42119168	151289856
42102784	151289856
42102784	151289856
42102784	151289856
42102784	151289856
42102784	151289856
42102784	151289856
42102784	151289856
42102784	151289856
42102784	151289856
42102784	151289856
42102784	151289856
42102784	151289856
42102784	151289856
42102784	151289856
42106880	151289856
42106880	151289856
42106880	151289856
42106880	151289856
42106880	151289856
42106880	151289856
42106880	151289856
42106880	151289856
42106880	151289856
42106880	151289856
42106880	151289856
42106880	151289856
42106880	151289856
43257856	151289856
142348288	151289856
47288320	151289856
45019136	151289856
96964608	151289856
43225088	171769856
43225088	171769856
43225088	171769856
43225088	171769856
43225088	171769856
43208704	171769856
43208704	171769856
43241472	171769856
43241472	171769856
43253760	171769856
43253760	171769856
43253760	171769856
43237376	171769856
35962880	171769856
35889152	171769856
35889152	171769856
35889152	171769856
35889152	171769856
35889152	88317952
35889152	88317952
35889152	88317952
35889152	88317952
35889152	88317952
35872768	88317952
35872768	88317952
35872768	88317952
35872768	88317952
35872768	88317952
35872768	88317952
35872768	88317952
35872768	88317952
35872768	88317952
35872768	88317952
35901440	88317952
35901440	88317952
35901440	88317952
35901440	88317952
35901440	88317952
35885056	88317952
35885056	88317952
36147200	88317952
108433408	129277952
137285632	149757952
38895616	149757952
36433920	149757952
36433920	149757952
36417536	149757952
36417536	149757952
36417536	149757952
63176704	149757952
41582592	149757952
39301120	149757952
39301120	149757952
39301120	149757952
39284736	91729920
39284736	91729920
39284736	91729920
39284736	91729920
39284736	91729920
39284736	91729920
39309312	91729920
39309312	91729920
39309312	91729920
39309312	91729920
41537536	91729920
39309312	91729920
39280640	91729920
36945920	91729920
36945920	91729920
36945920	91729920
37167104	91729920
37040128	91729920
36933632	89358336
36933632	89358336
36933632	89358336
65945600	89358336
139030528	150798336
40517632	150798336
38150144	150798336
38150144	150798336
38133760	150798336
57622528	150798336
42975232	150798336
40747008	150798336
40747008	150798336
40747008	150798336
40730624	150798336
40730624	150798336
40730624	150798336
40730624	93159424
40730624	93159424
40730624	93159424
40783872	93159424
40747008	93159424
40747008	93159424
40747008	93159424
40747008	93159424
40747008	93159424
40747008	93159424
40747008	93159424
40747008	93159424
40747008	93159424
40730624	93159424
40730624	93159424
40730624	93159424
40730624	93159424
40730624	93159424
40730624	93159424
38899712	93159424
39006208	93159424
136380416	154599424
41398272	154599424
39026688	154599424
39010304	154599424
39010304	154599424
39010304	154599424
39010304	154599424
39010304	154599424
135503872	154599424
42024960	154599424
41955328	154599424
41926656	154599424
41926656	94453760
41910272	94453760
41910272	94453760
41910272	94453760
41910272	94453760
41910272	94453760
41910272	94453760
41910272	94453760
41910272	94453760
41910272	94453760
41926656	94453760
41926656	94453760
41926656	94453760
41926656	94453760
41926656	94453760
41910272	94453760
44273664	94453760
41943040	94339072
41943040	94339072
41943040	94339072
41943040	94339072
41926656	94339072
41926656	94339072
41926656	94339072
41943040	94339072
41943040	94339072
41943040	94339072
41943040	94339072
41943040	94339072
41943040	94339072
41943040	94339072
41943040	94339072
41943040	94339072
41943040	94339072
41926656	94339072
41926656	94339072
41926656	94339072
41926656	94339072
39690240	94339072
39575552	94339072
39575552	94339072
39575552	94339072
39575552	94339072
39559168	94339072
39559168	94339072
39559168	94339072
58908672	94339072
140881920	155779072
42422272	155779072
40148992	155779072
40148992	92577792
40132608	92577792
40132608	92577792
50688000	92577792
149200896	154017792
40947712	154017792
40947712	154017792
40947712	154017792
40931328	154017792
40931328	154017792
40931328	154017792
40931328	154017792
40931328	154017792
40931328	154017792
40931328	154017792
40931328	154017792
40931328	154017792
40931328	93360128
40931328	93360128
40931328	93360128
40931328	93360128
40988672	93360128
40988672	93360128
40988672	93360128
40988672	93360128
40988672	93360128
40972288	93360128
40972288	93360128
40988672	93360128
40988672	93360128
40988672	93360128
40988672	93360128
41021440	93360128
41005056	93360128
41037824	93360128
41037824	93360128
41037824	93360128
41037824	93360128
41037824	93360128
41037824	93360128
41037824	93360128
41037824	93360128
41037824	93360128
41037824	93360128
41037824	93360128
41037824	93360128
41037824	93360128
41037824	93360128
41037824	93360128
41037824	93360128
41037824	93360128
41037824	93360128
41037824	93360128
41037824	93360128
41037824	93360128
43286528	93360128
43311104	93360128
41046016	93360128
41078784	93360128
41078784	93360128
41078784	93360128
41078784	93360128
41078784	93360128
41078784	93360128
43278336	93360128
41025536	93360128
41025536	93360128
41025536	93360128
41025536	93360128
41009152	93360128
41009152	93360128
41181184	93360128
71274496	93360128
142610432	154800128
41840640	154800128
55115776	154800128
44199936	154800128
44183552	154800128
44183552	154800128
44183552	154800128
44208128	154800128
44208128	154800128
44208128	154800128
44208128	154800128
44208128	154800128
44191744	154800128
44191744	154800128
44191744	154800128
44220416	96620544
44220416	96620544
44220416	96620544
44220416	96620544
44220416	96620544
44204032	96620544
44220416	96620544
44220416	96620544
44220416	96620544
44220416	96620544
44220416	96620544
44220416	96620544
44220416	96620544
44220416	96620544
44220416	96620544
139972608	158060544
44855296	158060544
43810816	158060544
132714496	158060544
45137920	158060544
45170688	158060544
45187072	158060544
45187072	158060544
45219840	158060544
45219840	158060544
45219840	158060544
45219840	158060544
45219840	158060544
45219840	158060544
45219840	158060544
45219840	158060544
45219840	158060544
45219840	158060544
45219840	158060544
47603712	158060544
45244416	158060544
45244416	158060544
45244416	97673216
45244416	97673216
45244416	97673216
45244416	97673216
45244416	97673216
45244416	97673216
45244416	97673216
45228032	97673216
45228032	97673216
45228032	97673216
45228032	97673216
45228032	97673216
45228032	97673216
45228032	97673216
45228032	97673216
45228032	97673216
45228032	97673216
45228032	97673216
45228032	97673216
45228032	97656832
45228032	97656832
45228032	97656832
45228032	97656832
45228032	97656832
45228032	97656832
45228032	97656832
45228032	97656832
45228032	97656832
45228032	97656832
49033216	97656832
144154624	159096832
45608960	159096832
43180032	159096832
43180032	159096832
43163648	159096832
43163648	159096832
43163648	159096832
43163648	95592448
43163648	95592448
43163648	95592448
43163648	95592448
152449024	157032448
44036096	157032448
44036096	157032448
44036096	157032448
44036096	157032448
44019712	157032448
44019712	157032448
44019712	157032448
44019712	157032448
44019712	157032448
46436352	157032448
44044288	157032448
44044288	157032448
44044288	157032448
44044288	157032448
44027904	96473088
44048384	96473088
44048384	96473088
44048384	96473088
44048384	96473088
44048384	96473088
44048384	96473088
44048384	96473088
44048384	96473088
44048384	96473088
44048384	96473088
44032000	96473088
44032000	96473088
46391296	96473088
43921408	96473088
104816640	116953088
145723392	157913088
68640768	157913088
47222784	157913088
47190016	99618816
47190016	99618816
47190016	99618816
47190016	99618816
47190016	99618816
47190016	99618816
47190016	99618816
47190016	99618816
47206400	99618816
47206400	99618816
47206400	99618816
47206400	99618816
47206400	99618816
47190016	99618816
47214592	99618816
47214592	99618816
47214592	99618816
47214592	99618816
47214592	99618816
47214592	99618816
47214592	99618816
47214592	99618816
47214592	99618816
47214592	99618816
47198208	99618816
47198208	99618816
