36130816	75939840
35438592	75939840
35532800	75939840
40955904	75939840
136851456	157859840
36438016	157859840
36532224	157859840
36806656	157859840
36737024	157859840
36876288	157859840
44941312	157859840
41836544	157859840
40280064	157859840
40280064	92708864
40366080	92708864
40398848	92708864
40398848	92708864
40398848	92708864
40398848	92708864
40505344	92708864
40505344	92708864
40505344	92708864
44306432	92708864
40599552	92708864
38297600	92708864
38297600	92708864
38297600	92708864
38297600	92708864
38297600	92708864
38297600	92708864
38297600	92708864
38338560	92708864
38338560	90726400
38338560	90726400
89554944	90726400
140546048	152166400
40079360	152166400
39845888	152166400
39845888	152166400
39829504	152166400
39829504	152166400
41283584	152166400
151126016	152166400
42897408	152166400
42897408	152166400
42897408	152166400
42897408	152166400
42881024	152166400
42917888	152166400
42917888	152166400
42917888	152166400
42917888	152166400
42917888	152166400
42901504	152166400
42901504	95330304
42901504	95330304
42901504	95330304
43040768	95330304
42983424	95330304
42983424	95330304
40693760	95330304
40693760	95330304
40677376	95330304
40677376	95330304
84819968	95330304
142131200	156770304
41836544	156770304
41291776	156770304
41369600	156770304
41353216	156770304
41353216	156770304
41353216	156770304
41353216	156770304
41353216	156770304
41353216	156770304
42618880	156770304
106119168	156770304
45666304	156770304
44503040	98308096
44503040	98308096
44503040	98308096
44486656	98308096
44486656	98308096
44486656	98308096
44486656	98308096
44486656	98308096
50810880	98308096
44675072	98308096
44707840	98308096
42336256	98308096
42336256	98308096
42319872	98308096
42319872	94748672
42319872	94748672
42319872	94748672
42319872	94748672
42319872	94748672
42319872	94748672
42319872	94748672
42319872	94748672
42319872	94748672
42450944	94748672
42668032	94748672
140697600	156188672
43720704	156188672
43261952	156188672
43261952	156188672
43261952	156188672
43245568	156188672
43245568	156188672
43245568	156188672
43245568	156188672
43245568	156188672
43433984	156188672
91037696	156188672
49811456	156188672
46161920	156188672
46161920	156188672
46161920	156188672
46145536	156188672
46145536	156188672
46145536	156188672
46145536	156188672
46145536	98574336
46145536	98574336
46145536	98574336
46145536	98574336
46145536	98574336
46145536	98574336
46145536	98574336
46145536	98574336
49504256	98574336
46166016	98574336
46174208	98574336
46174208	98574336
46174208	98574336
46157824	98574336
46157824	98574336
46157824	98574336
46157824	98574336
46157824	98574336
46157824	98574336
46157824	98574336
46157824	98574336
46157824	98574336
46157824	98574336
46157824	98574336
46194688	98574336
46194688	98574336
46194688	98574336
46194688	98574336
46194688	98574336
43847680	98574336
141926400	160014336
131530752	160014336
44482560	160014336
44515328	160014336
44498944	160014336
44544000	160014336
44576768	160014336
44576768	160014336
44576768	160014336
44576768	160014336
44576768	160014336
44576768	160014336
44576768	97005568
44576768	97005568
153767936	158445568
45363200	158445568
45363200	158445568
45363200	158445568
45363200	158445568
45379584	158445568
45379584	158445568
45379584	158445568
45412352	158445568
45412352	158445568
45412352	158445568
45412352	158445568
45445120	158445568
45445120	158445568
45445120	158445568
45445120	97873920
45469696	97873920
45469696	97873920
45469696	97873920
45469696	97873920
45469696	97873920
45453312	97873920
45453312	97873920
45453312	97873920
45453312	97873920
45453312	97873920
45453312	97873920
45453312	97873920
45453312	97873920
45453312	97873920
45453312	97873920
45518848	97873920
45518848	97873920
45518848	97873920
45518848	97873920
45518848	97873920
45502464	97873920
45502464	97873920
45502464	97873920
45502464	97873920
45502464	97873920
45502464	97873920
45502464	97873920
45502464	97873920
45502464	97873920
45502464	97873920
45502464	97873920
-1	-1
41578496	165376000
41578496	165376000
43937792	165376000
41615360	165376000
41615360	165376000
41615360	165376000
41615360	165376000
41598976	165376000
41598976	165376000
41598976	165376000
41598976	94027776
41598976	94027776
41598976	94027776
41598976	94027776
41619456	94027776
41619456	94027776
41619456	94027776
41619456	94027776
41619456	94027776
41619456	94027776
41619456	94027776
41619456	94027776
41619456	94027776
41619456	94027776
41603072	94027776
41713664	94027776
41713664	94027776
41713664	94027776
41713664	94027776
41713664	94027776
41697280	94027776
41697280	94027776
41701376	94027776
41766912	94027776
143278080	155467776
44683264	155467776
42369024	155467776
42369024	155467776
42369024	155467776
42352640	155467776
42352640	155467776
42352640	155467776
42352640	155467776
42352640	155467776
42352640	94781440
44048384	94781440
151212032	156221440
42991616	156221440
42991616	156221440
42991616	156221440
42991616	156221440
42975232	156221440
42975232	156221440
45297664	156221440
42995712	156221440
42995712	156221440
42995712	156221440
42995712	156221440
42979328	156221440
42979328	156221440
42979328	156221440
42979328	156221440
42979328	95408128
42979328	95408128
42979328	95408128
42979328	95408128
42979328	95408128
42979328	95408128
42979328	95408128
42979328	95408128
42979328	95408128
43008000	95408128
43008000	95408128
43008000	95408128
43008000	95408128
43008000	95408128
42991616	95408128
42991616	95408128
42991616	95408128
42991616	95408128
42991616	95408128
42991616	95408128
45350912	95408128
43012096	95408128
45191168	95408128
43012096	95408128
43012096	95408128
43012096	95408128
43012096	95408128
43012096	95408128
43012096	95408128
43012096	95408128
42995712	95408128
42995712	95408128
42995712	95408128
42995712	95408128
42995712	95408128
42995712	95408128
45174784	95408128
42995712	95408128
42995712	95408128
42995712	95408128
42995712	95408128
42995712	95408128
42995712	95408128
42995712	95408128
45203456	95408128
42876928	95408128
42876928	95408128
42876928	95408128
42876928	95408128
42860544	95408128
42860544	95408128
42860544	95408128
43778048	95408128
56188928	95408128
144658432	156848128
46239744	156848128
44437504	156848128
139280384	156848128
46374912	156848128
46358528	156848128
46358528	156848128
46358528	156848128
46358528	156848128
46358528	156848128
46358528	156848128
46358528	156848128
46358528	156848128
46383104	156848128
46379008	156848128
46379008	156848128
46379008	156848128
46379008	156848128
46362624	156848128
46362624	98807808
46362624	98807808
46362624	98807808
46362624	98807808
46362624	98807808
46362624	98807808
46362624	98807808
46362624	98807808
46362624	98807808
46362624	98807808
46362624	98807808
46362624	98807808
46362624	98807808
46456832	98807808
46456832	98807808
46456832	98807808
46460928	98807808
46460928	98807808
46460928	98807808
46460928	98807808
46460928	98807808
46460928	98807808
46460928	98807808
46444544	98807808
44097536	98807808
44097536	98807808
44097536	98807808
44097536	98807808
44097536	98807808
44081152	98807808
44081152	98807808
44081152	98807808
44081152	98807808
44081152	98807808
44081152	98807808
44081152	98807808
44081152	98807808
45350912	98807808
135835648	139767808
145571840	160247808
47063040	160247808
45060096	160247808
45314048	160247808
62148608	160247808
49983488	160247808
47562752	160247808
47562752	160247808
47562752	160247808
47546368	160247808
47546368	160247808
47546368	160247808
47546368	160247808
47546368	160247808
47546368	160247808
47546368	160247808
49745920	160247808
47562752	160247808
47562752	160247808
47562752	160247808
47562752	160247808
47546368	160247808
47546368	99991552
47546368	99991552
47546368	99991552
47546368	99991552
47546368	99991552
47546368	99991552
47546368	99991552
47546368	99991552
47546368	99991552
49922048	99991552
120393728	120471552
146751488	161431552
48463872	161431552
156893184	161431552
48476160	161431552
48476160	161431552
48476160	161431552
48476160	161431552
48476160	161431552
48476160	161431552
48476160	100904960
48476160	100904960
48476160	100904960
48476160	100904960
48476160	100904960
48476160	100904960
48476160	100904960
48476160	100904960
48476160	100904960
48492544	100904960
48492544	100904960
48492544	100904960
48492544	100904960
48492544	100904960
48476160	100904960
48496640	100904960
48500736	100904960
48500736	100904960
48500736	100904960
48500736	100904960
48500736	100904960
48500736	100904960
50581504	100904960
46145536	100904960
46145536	100904960
46129152	100904960
46129152	100904960
46129152	100904960
46129152	100904960
46129152	100904960
46129152	100904960
46280704	100904960
46280704	100904960
46280704	100904960
46280704	100904960
46280704	100904960
46280704	100904960
46280704	100904960
46280704	100904960
46280704	100904960
46280704	100904960
46264320	98709504
46264320	98709504
46264320	98709504
46264320	98709504
46264320	98709504
46264320	98709504
46264320	98709504
46264320	98709504
46264320	98709504
46264320	98709504
46264320	98709504
46264320	98709504
46264320	98709504
46264320	98709504
46264320	98709504
46264320	98709504
46264320	98709504
46264320	98709504
46264320	98709504
46264320	98709504
46264320	98693120
46264320	98693120
46264320	98693120
46264320	98693120
46264320	98693120
46264320	98693120
46264320	98693120
46264320	98693120
46264320	98693120
46264320	98693120
46264320	98693120
46264320	98693120
46264320	98693120
46264320	98693120
46264320	98693120
46264320	98693120
46264320	98693120
46264320	98693120
46264320	98693120
46264320	98693120
46264320	98693120
46264320	98693120
46264320	98693120
46264320	98693120
46264320	98693120
46264320	98693120
46264320	98693120
46264320	98693120
46264320	98693120
46264320	98693120
46247936	98693120
46247936	98693120
46247936	98693120
46247936	98693120
46247936	98693120
46247936	98693120
46260224	98693120
46268416	98693120
46268416	98689024
46268416	98689024
46268416	98689024
46268416	98689024
46268416	98689024
46268416	98689024
46268416	98689024
48623616	98689024
46358528	98689024
46358528	98689024
52682752	98689024
147935232	160129024
49143808	160129024
49606656	160129024
53948416	160129024
49467392	160129024
49467392	160129024
49467392	160129024
49451008	101896192
49451008	101896192
49451008	101896192
49451008	101896192
49451008	101896192
49451008	101896192
49451008	101896192
49479680	101896192
49479680	101896192
49479680	101896192
49479680	101896192
49479680	101896192
49463296	101896192
49463296	101896192
49479680	101896192
49479680	101896192
49479680	101896192
49479680	101896192
49479680	101896192
49479680	101896192
49479680	101896192
47116288	101896192
47116288	101896192
144986112	163336192
144814080	163336192
47443968	163336192
47443968	163336192
47443968	163336192
47443968	163336192
48115712	163336192
158367744	163336192
49975296	163336192
49975296	163336192
49975296	163336192
49975296	102404096
49958912	102404096
49958912	102404096
49958912	102404096
49958912	102404096
49958912	102404096
49958912	102404096
49958912	102404096
49958912	102404096
52408320	102404096
50028544	102404096
50028544	102404096
50028544	102404096
50028544	102404096
50028544	102404096
50028544	102404096
50028544	102404096
50028544	102404096
50028544	102404096
50012160	102404096
50012160	102404096
50012160	102404096
50012160	102404096
50012160	102404096
50012160	102404096
50012160	102404096
50012160	102404096
50012160	102404096
50012160	102404096
50012160	102404096
50012160	102404096
50012160	102404096
50012160	102404096
50012160	102404096
50012160	102404096
50012160	102404096
50012160	102404096
50012160	102404096
50012160	102404096
50012160	102404096
50012160	102404096
50012160	102404096
47652864	102404096
47652864	102404096
47652864	102404096
47652864	102404096
47652864	102404096
47636480	102404096
47636480	102404096
47636480	102404096
47636480	102404096
47636480	102404096
47636480	102404096
92422144	100065280
148934656	161505280
50032640	161505280
47808512	161505280
47808512	161505280
47792128	161505280
47792128	161505280
47792128	161505280
47792128	161505280
47792128	161505280
47792128	161505280
47792128	161505280
47792128	161505280
48005120	161505280
63447040	161505280
158535680	161505280
50245632	161505280
50245632	161505280
50245632	161505280
52457472	102674432
50229248	102674432
50229248	102674432
50229248	102674432
50229248	102674432
50229248	102674432
50229248	102674432
50229248	102674432
50229248	102674432
50229248	102674432
50229248	102674432
50245632	102674432
50245632	102674432
50245632	102674432
50245632	102674432
50245632	102674432
50229248	102674432
50229248	102674432
50229248	102658048
50229248	102658048
50262016	102658048
50262016	102658048
50262016	102658048
50262016	102658048
50262016	102658048
50262016	102658048
50262016	102658048
50262016	102658048
50262016	102658048
50262016	102658048
50245632	102658048
50245632	102658048
