27332608	268435456
35340288	268435456
35368960	82120704
79065088	82120704
137224192	143560704
37130240	143560704
75776000	143560704
38088704	164040704
38092800	164040704
38146048	164040704
38047744	164040704
38031360	164040704
38117376	90476544
38117376	90476544
38117376	90476544
38117376	90476544
38117376	90476544
38117376	90476544
38162432	90476544
38162432	90476544
38191104	90476544
38182912	90476544
38182912	90476544
38166528	90476544
38166528	90476544
38244352	90476544
38244352	90476544
38244352	90476544
38244352	90476544
38367232	90476544
38367232	90476544
38600704	90476544
38526976	90476544
38526976	90476544
38510592	90476544
38510592	90476544
38510592	90476544
38510592	90476544
39989248	90476544
89804800	90476544
137084928	151916544
42414080	151916544
39825408	151916544
39825408	151916544
49557504	151916544
44863488	151916544
42504192	151916544
42504192	151916544
42504192	151916544
42487808	94932992
42487808	94932992
42487808	94932992
42508288	94932992
45129728	94932992
42594304	94932992
42594304	94932992
42594304	94932992
42577920	94932992
42577920	94932992
42577920	94932992
42577920	94932992
42577920	94932992
42577920	94932992
42577920	94932992
42577920	94932992
42598400	94932992
42598400	94932992
42598400	94932992
42598400	94932992
42598400	94932992
42598400	94932992
42672128	94932992
142327808	156372992
41570304	156372992
41570304	156372992
152834048	156372992
44445696	156372992
44445696	96874496
44445696	96874496
44445696	96874496
44433408	96874496
44433408	96874496
44433408	96874496
44433408	96874496
44433408	96874496
44433408	96874496
44539904	96874496
44539904	96874496
44539904	96874496
44539904	96874496
44539904	96874496
44605440	96874496
44605440	96874496
44605440	96874496
44605440	96874496
44605440	96874496
44605440	96874496
44605440	96874496
44605440	96874496
44605440	96874496
44605440	96874496
44589056	96874496
44589056	96874496
44589056	96874496
44634112	96874496
140783616	158314496
45993984	158314496
43438080	158314496
43438080	158314496
43421696	158314496
43421696	158314496
43421696	158314496
43421696	158314496
43421696	158314496
43798528	158314496
43802624	158314496
44048384	158314496
44179456	158314496
68534272	96460800
46686208	157900800
44150784	157900800
44150784	157900800
44208128	157900800
44171264	157900800
44171264	157900800
44171264	157900800
44171264	157900800
44171264	157900800
44154880	157900800
44154880	157900800
44154880	157900800
46661632	157900800
44085248	157900800
44085248	157900800
44085248	157900800
44085248	96514048
44068864	96514048
44068864	96514048
44068864	96514048
44068864	96514048
44068864	96514048
44068864	96514048
44068864	96514048
44068864	96514048
44068864	96514048
44068864	96514048
116940800	116994048
142405632	157954048
142503936	157954048
45105152	157954048
45105152	157954048
44994560	157954048
44994560	157954048
44994560	157954048
44994560	97423360
44994560	97423360
44994560	97423360
44994560	97423360
46505984	97423360
154034176	158863360
45662208	158863360
45617152	158863360
45617152	158863360
45617152	158863360
45600768	158863360
45600768	158863360
45600768	158863360
45600768	158863360
45686784	158863360
45719552	158863360
45719552	158863360
45719552	158863360
45719552	158863360
45719552	98148352
45719552	98148352
45719552	98148352
45719552	98148352
45719552	98148352
45719552	98148352
45740032	98148352
45756416	98148352
45756416	98148352
45756416	98148352
45756416	98148352
45740032	98148352
45740032	98148352
45817856	98148352
45817856	98148352
45817856	98148352
45817856	98148352
45817856	98148352
45817856	98148352
-1	-1
41619456	94027776
41619456	94027776
41619456	94027776
41619456	94027776
41619456	94027776
41619456	94027776
41619456	94027776
41619456	94027776
41619456	94027776
41603072	94027776
41713664	94027776
41713664	94027776
41713664	94027776
41713664	94027776
41713664	94027776
41697280	94027776
41697280	94027776
41701376	94027776
41971712	94027776
139870208	155467776
44683264	155467776
42369024	155467776
42369024	155467776
42369024	155467776
42352640	155467776
42352640	155467776
42352640	155467776
42352640	155467776
42352640	155467776
42352640	94781440
43544576	94781440
151326720	156221440
42991616	156221440
42991616	156221440
42991616	156221440
42991616	156221440
42975232	156221440
42975232	156221440
45334528	156221440
42995712	156221440
42995712	156221440
42995712	156221440
42995712	156221440
42979328	156221440
42979328	156221440
42979328	156221440
42979328	156221440
42979328	95408128
42979328	95408128
42979328	95408128
42979328	95408128
42979328	95408128
42979328	95408128
42979328	95408128
42979328	95408128
42979328	95408128
43008000	95408128
43008000	95408128
43008000	95408128
43008000	95408128
43008000	95408128
42991616	95408128
42991616	95408128
42991616	95408128
42991616	95408128
42991616	95408128
42991616	95408128
45350912	95408128
43012096	95408128
45240320	95408128
43012096	95408128
43012096	95408128
43012096	95408128
43012096	95408128
43012096	95408128
43012096	95408128
43012096	95408128
42995712	95408128
42995712	95408128
42995712	95408128
42995712	95408128
42995712	95408128
42995712	95408128
45174784	95408128
42995712	95408128
42995712	95408128
42995712	95408128
42995712	95408128
42995712	95408128
42995712	95408128
42995712	95408128
45223936	95408128
42876928	95408128
42876928	95408128
42876928	95408128
42876928	95408128
42860544	95408128
42860544	95408128
42860544	95408128
43646976	95408128
51994624	95408128
144658432	156848128
46239744	156848128
44388352	156848128
131678208	156848128
46374912	156848128
46358528	156848128
46358528	156848128
46358528	156848128
46358528	156848128
46358528	156848128
46358528	156848128
46358528	156848128
46358528	156848128
46383104	156848128
46379008	156848128
46379008	156848128
46379008	156848128
46379008	156848128
46362624	156848128
46362624	98807808
46362624	98807808
46362624	98807808
46362624	98807808
46362624	98807808
46362624	98807808
46362624	98807808
46362624	98807808
46362624	98807808
46362624	98807808
46362624	98807808
46362624	98807808
46362624	98807808
46456832	98807808
46456832	98807808
46456832	98807808
46460928	98807808
46460928	98807808
46460928	98807808
46460928	98807808
46460928	98807808
46460928	98807808
46460928	98807808
46444544	98807808
44097536	98807808
44097536	98807808
44097536	98807808
44097536	98807808
44097536	98807808
44081152	98807808
44081152	98807808
44081152	98807808
44081152	98807808
44081152	98807808
44081152	98807808
44081152	98807808
44081152	98807808
45211648	98807808
134656000	139767808
145571840	160247808
47063040	160247808
45060096	160247808
45314048	160247808
54153216	160247808
49983488	160247808
47562752	160247808
47562752	160247808
47562752	160247808
47546368	160247808
47546368	160247808
47546368	160247808
47546368	160247808
47546368	160247808
47546368	160247808
47546368	160247808
49745920	160247808
47562752	160247808
47562752	160247808
47562752	160247808
47562752	160247808
47546368	160247808
47546368	99991552
47546368	99991552
47546368	99991552
47546368	99991552
47546368	99991552
47546368	99991552
47546368	99991552
47546368	99991552
47546368	99991552
49905664	99991552
113582080	120471552
146751488	161431552
48332800	161431552
149676032	161431552
48476160	161431552
48476160	161431552
48476160	161431552
48476160	161431552
48476160	161431552
48476160	161431552
48476160	100904960
48476160	100904960
48476160	100904960
48476160	100904960
48476160	100904960
48476160	100904960
48476160	100904960
48476160	100904960
48476160	100904960
48492544	100904960
48492544	100904960
48492544	100904960
48492544	100904960
48492544	100904960
48476160	100904960
48496640	100904960
48500736	100904960
48500736	100904960
48500736	100904960
48500736	100904960
48500736	100904960
48500736	100904960
48353280	100904960
46145536	100904960
46145536	100904960
46129152	100904960
46129152	100904960
46129152	100904960
46129152	100904960
46129152	100904960
46129152	100904960
46280704	100904960
46280704	100904960
46280704	100904960
46280704	100904960
46280704	100904960
46280704	100904960
46280704	100904960
46280704	100904960
46280704	100904960
46280704	100904960
46264320	98709504
46264320	98709504
46264320	98709504
46264320	98709504
46264320	98709504
46264320	98709504
46264320	98709504
46264320	98709504
46264320	98709504
46264320	98709504
46264320	98709504
46264320	98709504
46264320	98709504
46264320	98709504
46264320	98709504
46264320	98709504
46264320	98709504
46264320	98709504
46264320	98709504
46264320	98709504
46264320	98693120
46264320	98693120
46264320	98693120
46264320	98693120
46264320	98693120
46264320	98693120
46264320	98693120
46264320	98693120
46264320	98693120
46264320	98693120
46264320	98693120
46264320	98693120
46264320	98693120
46264320	98693120
46264320	98693120
46264320	98693120
46264320	98693120
46264320	98693120
46264320	98693120
46264320	98693120
46264320	98693120
46264320	98693120
46264320	98693120
46264320	98693120
46264320	98693120
46264320	98693120
46264320	98693120
46264320	98693120
46264320	98693120
46264320	98693120
46247936	98693120
46247936	98693120
46247936	98693120
46247936	98693120
46247936	98693120
46247936	98693120
46260224	98693120
46268416	98693120
46268416	98689024
46268416	98689024
46268416	98689024
46268416	98689024
46268416	98689024
46268416	98689024
46268416	98689024
46268416	98689024
46358528	98689024
46358528	98689024
49020928	98689024
147935232	160129024
49160192	160129024
49344512	160129024
54001664	160129024
49467392	160129024
49467392	160129024
49467392	160129024
49467392	101896192
49451008	101896192
49451008	101896192
49451008	101896192
49451008	101896192
49451008	101896192
49451008	101896192
49479680	101896192
49479680	101896192
49479680	101896192
49479680	101896192
49479680	101896192
49463296	101896192
49463296	101896192
49479680	101896192
49479680	101896192
49479680	101896192
49479680	101896192
49479680	101896192
49479680	101896192
49479680	101896192
47116288	101896192
47116288	101896192
142884864	142856192
144814080	163336192
47443968	163336192
47443968	163336192
47443968	163336192
47443968	163336192
47853568	163336192
158367744	163336192
49975296	163336192
49975296	163336192
49975296	163336192
49975296	102404096
49958912	102404096
49958912	102404096
49958912	102404096
49958912	102404096
49958912	102404096
49958912	102404096
49958912	102404096
49958912	102404096
52277248	102404096
50028544	102404096
50028544	102404096
50028544	102404096
50028544	102404096
50028544	102404096
50028544	102404096
50028544	102404096
50028544	102404096
50028544	102404096
50012160	102404096
50012160	102404096
50012160	102404096
50012160	102404096
50012160	102404096
50012160	102404096
50012160	102404096
50012160	102404096
50012160	102404096
50012160	102404096
50012160	102404096
50012160	102404096
50012160	102404096
50012160	102404096
50012160	102404096
50012160	102404096
50012160	102404096
50012160	102404096
50012160	102404096
50012160	102404096
50012160	102404096
50012160	102404096
50012160	102404096
47652864	102404096
47652864	102404096
47652864	102404096
47652864	102404096
47652864	102404096
47636480	102404096
47636480	102404096
47636480	102404096
47636480	102404096
47636480	102404096
47636480	102404096
68042752	100065280
148934656	161505280
50032640	161505280
47808512	161505280
47808512	161505280
47792128	161505280
47792128	161505280
47792128	161505280
47792128	161505280
47792128	161505280
47792128	161505280
47792128	161505280
47792128	161505280
47857664	161505280
60825600	161505280
158535680	161505280
50245632	161505280
50245632	161505280
50245632	161505280
52457472	102674432
50229248	102674432
50229248	102674432
50229248	102674432
50229248	102674432
50229248	102674432
50229248	102674432
50229248	102674432
50229248	102674432
50229248	102674432
50229248	102674432
50245632	102674432
50245632	102674432
50245632	102674432
50245632	102674432
50245632	102674432
50229248	102674432
50229248	102674432
50229248	102658048
50229248	102658048
52576256	102658048
50262016	102658048
50262016	102658048
50262016	102658048
50262016	102658048
50262016	102658048
50262016	102658048
50262016	102658048
50262016	102658048
50262016	102658048
50245632	102658048
50245632	102658048
50245632	102658048
