20570112	74448896
38268928	74448896
34902016	74448896
35164160	74448896
35749888	74448896
101376000	115408896
136699904	156368896
37171200	156368896
36896768	156368896
38068224	156368896
37691392	156368896
38940672	156368896
38359040	156368896
40239104	156368896
38973440	156368896
38645760	156368896
38649856	156368896
38682624	156368896
38866944	156368896
38936576	156368896
38903808	91246592
42967040	91246592
140918784	152686592
40484864	152686592
40210432	152686592
40243200	152686592
40259584	152686592
52342784	152686592
46592000	152686592
43368448	152686592
43433984	152686592
43433984	152686592
43417600	152686592
43417600	152686592
43417600	152686592
43462656	152686592
43462656	152686592
43462656	152686592
43855872	152686592
43466752	96047104
43466752	96047104
43466752	96047104
43466752	96047104
43466752	96047104
43466752	96047104
41230336	96047104
136589312	137007104
139456512	157487104
41943040	157487104
41943040	157487104
41926656	157487104
41926656	157487104
41926656	157487104
41926656	157487104
41926656	157487104
41926656	157487104
41926656	157487104
41926656	157487104
41926656	94355456
43053056	94355456
151285760	155795456
43094016	155795456
43094016	155795456
43094016	155795456
43094016	155795456
43077632	155795456
43077632	155795456
43077632	155795456
43077632	155795456
43077632	155795456
43077632	155795456
46395392	155795456
43106304	155795456
43106304	155795456
43106304	155795456
43106304	155795456
43089920	95535104
43089920	95535104
43220992	95535104
43028480	95535104
43028480	95535104
43028480	95535104
43028480	95535104
43012096	95535104
43012096	95535104
43012096	95535104
43012096	95535104
43012096	95535104
43012096	95535104
43012096	95535104
44576768	95535104
141336576	156975104
141426688	156975104
47398912	156975104
78610432	156975104
49721344	156975104
46727168	156975104
46727168	156975104
46727168	156975104
46727168	156975104
46727168	156975104
46727168	156975104
46727168	156975104
46727168	156975104
46727168	156975104
46727168	156975104
46727168	156975104
49909760	156975104
82927616	156975104
143474688	156975104
47226880	156975104
48259072	99655680
44851200	99655680
44851200	99655680
44851200	99655680
44851200	99655680
44883968	99655680
44883968	99655680
44883968	99655680
44883968	99655680
44883968	99655680
45395968	99655680
153780224	161095680
45559808	161095680
45559808	161095680
45559808	161095680
45559808	161095680
45543424	161095680
45543424	161095680
45543424	97972224
45543424	97972224
45543424	97972224
45543424	97972224
45543424	97972224
45543424	97972224
45543424	97972224
45543424	97972224
45568000	97972224
45580288	97972224
45580288	97972224
45580288	97972224
45580288	97972224
45563904	97972224
45563904	97972224
45563904	97972224
45563904	97972224
45563904	97972224
45563904	97972224
45563904	97972224
45563904	97972224
45563904	97972224
45563904	97972224
45588480	97972224
45625344	97972224
45522944	97972224
143683584	159412224
47374336	159412224
46292992	159412224
46292992	159412224
46292992	159412224
46292992	159412224
46292992	159412224
46276608	159412224
46276608	159412224
46276608	98705408
48861184	98705408
140353536	160145408
50130944	160145408
47009792	160145408
47009792	160145408
47009792	160145408
46993408	160145408
46993408	160145408
46993408	160145408
46993408	160145408
46993408	160145408
46993408	160145408
46993408	160145408
46993408	160145408
46993408	160145408
46993408	160145408
49934336	160145408
47050752	99422208
47050752	99422208
47050752	99422208
47050752	99422208
47034368	99422208
47034368	99422208
47034368	99422208
47034368	99422208
47820800	99422208
47128576	99422208
47128576	99422208
47128576	99422208
47128576	99422208
47128576	99422208
47128576	99422208
47128576	99422208
47128576	99422208
47128576	99422208
47112192	99422208
47112192	99422208
47112192	99422208
