0.0	1000000.0
170182.0	1100000.0
131150.0	11000.0
90835.0	11000.0
68444.0	11000.0
48214.0	11000.0
37745.0	11000.0
37407.0	44000.0
109800.0	44000.0
159880.0	44000.0
173880.0	44000.0
186916.0	44000.0
169559.0	44000.0
211661.0	44000.0
153559.0	44000.0
296923.0	44000.0
341717.0	44000.0
331333.0	44000.0
228144.0	44000.0
320179.0	44000.0
317248.0	44000.0
335485.0	44000.0
316916.0	44000.0
321681.0	44000.0
334578.0	374000.0
379470.0	374000.0
401513.0	374000.0
411869.0	374000.0
146659.0	374000.0
126188.0	374000.0
143089.0	374000.0
126833.0	374000.0
679490.0	374000.0
959283.0	374000.0
912608.0	374000.0
933411.0	374000.0
855198.0	374000.0
954619.0	374000.0
904106.0	374000.0
920381.0	374000.0
928326.0	374000.0
619211.0	374000.0
142517.0	374000.0
131691.0	374000.0
143704.0	165000.0
125414.0	165000.0
754440.0	165000.0
891453.0	165000.0
899129.0	165000.0
901370.0	165000.0
876736.0	165000.0
905627.0	165000.0
947479.0	165000.0
867511.0	165000.0
933884.0	165000.0
453147.0	165000.0
137060.0	165000.0
119644.0	165000.0
137320.0	165000.0
247674.0	165000.0
840465.0	165000.0
973210.0	165000.0
877669.0	165000.0
909869.0	165000.0
969356.0	165000.0
887619.0	165000.0
962524.0	165000.0
978066.0	165000.0
756322.0	165000.0
133826.0	154000.0
125313.0	154000.0
127032.0	154000.0
166530.0	154000.0
537039.0	154000.0
1008356.0	154000.0
923862.0	154000.0
923204.0	154000.0
893039.0	154000.0
971562.0	154000.0
896244.0	154000.0
968695.0	154000.0
940667.0	154000.0
630697.0	154000.0
149455.0	154000.0
140606.0	165000.0
143140.0	165000.0
151489.0	165000.0
809873.0	165000.0
966708.0	165000.0
922463.0	165000.0
927401.0	165000.0
900950.0	165000.0
921117.0	165000.0
924713.0	1023000.0
1005039.0	1023000.0
869568.0	1023000.0
221099.0	1023000.0
159060.0	1023000.0
143189.0	1023000.0
132588.0	1023000.0
507959.0	1023000.0
955261.0	1023000.0
955809.0	1023000.0
950097.0	1023000.0
870464.0	1023000.0
955396.0	1023000.0
910849.0	1023000.0
998235.0	1023000.0
897324.0	1023000.0
541555.0	1023000.0
118762.0	1023000.0
145537.0	165000.0
127522.0	165000.0
137663.0	165000.0
959218.0	165000.0
980949.0	165000.0
908422.0	165000.0
920006.0	165000.0
879256.0	165000.0
937270.0	165000.0
