1989435392	2006638592
1990549504	2006638592
2030092288	2047598592
2029154304	2047598592
2029162496	2047598592
2046390272	2047598592
2105970688	2109038592
2214391808	2231918592
2216357888	2231918592
2070478848	2231918592
2070425600	2231918592
2089623552	2231918592
2119270400	2231918592
2151694336	2231918592
2156228608	2231918592
2166972416	2231918592
2179280896	2231918592
2200539136	2231918592
2172792832	2231918592
2082230272	2231918592
2082230272	2231918592
2082230272	2231918592
2082230272	2231918592
2082230272	2134659072
2099855360	2134659072
2119577600	2134659072
2146070528	2155139072
2153181184	2155139072
2173878272	2175619072
2184933376	2196099072
2187460608	2196099072
2279510016	2298499072
2281205760	2298499072
2245017600	2298499072
2161377280	2298499072
2161274880	2298499072
2161274880	2298499072
2161274880	2298499072
2161274880	2298499072
2161274880	2298499072
2161274880	2298499072
2161274880	2298499072
2161274880	2298499072
2161274880	2298499072
2161274880	2298499072
2161274880	2298499072
2161274880	2298499072
2161274880	2298499072
2161274880	2298499072
2161274880	2298499072
2161274880	2298499072
2171101184	2298499072
2194669568	2213703680
2216841216	2234183680
2234212352	2234183680
2243506176	2254663680
2286120960	2295623680
2288177152	2295623680
2191265792	2295623680
2191020032	2295623680
2191020032	2295623680
2191020032	2295623680
2191020032	2295623680
2191020032	2295623680
2191020032	2295623680
2191020032	2295623680
2191020032	2295623680
2191011840	2295623680
2191011840	2295623680
2191011840	2295623680
2191011840	2295623680
2191011840	2295623680
2218508288	2295623680
2244882432	2295623680
2246909952	2295623680
2247012352	2295623680
2247168000	2295623680
2252836864	2295623680
2263384064	2295623680
2271154176	2295623680
2282000384	2295623680
2307117056	2316103680
2401853440	2418503680
2372337664	2418503680
2283454464	2418503680
2283454464	2418503680
2283454464	2418503680
2283454464	2418503680
2283454464	2418503680
2316722176	2418503680
2341072896	2418503680
2371891200	2418503680
2379907072	2418503680
2390650880	2418503680
2369818624	2418503680
2319736832	2418503680
2350776320	2418503680
2379157504	2418503680
2394214400	2418503680
2318843904	2418503680
2350886912	2418503680
2351042560	2418503680
2379890688	2418503680
2394198016	2418503680
2295943168	2418503680
2295943168	2418503680
2295943168	2418503680
2295943168	2348371968
2295943168	2348371968
2295943168	2348371968
2295943168	2348371968
2295943168	2348371968
2295943168	2348371968
2295943168	2348371968
2295943168	2348371968
2295943168	2348371968
2295943168	2348371968
2295943168	2348371968
2295943168	2348371968
2295943168	2348371968
2295943168	2348371968
2295943168	2348371968
2295943168	2348371968
2295943168	2348371968
2295943168	2348371968
2295943168	2348371968
2295943168	2348371968
2295943168	2348371968
2295943168	2348371968
2295943168	2348371968
2295943168	2348371968
2295943168	2348371968
2348285952	2348371968
2347290624	2348371968
2347925504	2348371968
2348285952	2348371968
2352185344	2368851968
2364108800	2368851968
2423713792	2430291968
2518552576	2532691968
2521042944	2532691968
2486546432	2532691968
2420277248	2532691968
2451693568	2532691968
2457280512	2532691968
2458349568	2532691968
2465947648	2532691968
2485301248	2532691968
2497564672	2532691968
2508533760	2532691968
2512322560	2532691968
2424963072	2532691968
2446123008	2532691968
2469306368	2532691968
2489655296	2532691968
2498031616	2532691968
2508779520	2532691968
2510725120	2532691968
2494013440	2532691968
2414579712	2532691968
2414579712	2532691968
2414579712	2532691968
2414579712	2532691968
2414579712	2532691968
2414579712	2532691968
2414579712	2467008512
2414579712	2467008512
2414579712	2467008512
2414579712	2467008512
2414579712	2467008512
2414579712	2467008512
2414579712	2467008512
2414579712	2467008512
2414579712	2467008512
2414579712	2467008512
2414579712	2467008512
2414579712	2467008512
2414579712	2467008512
2414579712	2467008512
2414579712	2467008512
2414579712	2467008512
2414579712	2467008512
2414579712	2467008512
2414579712	2467008512
2414579712	2467008512
2414579712	2467008512
2414579712	2467008512
2414579712	2467008512
2414579712	2467008512
2414579712	2467008512
2414579712	2467008512
2418061312	2467008512
2446729216	2467008512
2465779712	2467008512
2466979840	2467008512
2466914304	2467008512
2474233856	2487488512
2483326976	2487488512
2557911040	2569408512
2540081152	2569408512
2464854016	2569408512
2476707840	2569408512
2493575168	2569408512
2515419136	2569408512
2517434368	2569408512
2537172992	2569408512
2549084160	2569408512
2578141184	2589888512
2581262336	2589888512
2497519616	2589888512
2517164032	2589888512
2540744704	2589888512
2542268416	2589888512
2568118272	2589888512
2580328448	2589888512
2616852480	2630848512
2618613760	2630848512
2697195520	2733248512
2700136448	2733248512
2657345536	2733248512
2671894528	2733248512
2581835776	2733248512
2581835776	2634264576
2581835776	2634264576
2581835776	2634264576
2581835776	2634264576
2581835776	2634264576
2581835776	2634264576
2581835776	2634264576
2581835776	2634264576
2581835776	2634264576
2581835776	2634264576
2581835776	2634264576
2581835776	2634264576
2581835776	2634264576
2581835776	2634264576
2581835776	2634264576
2581835776	2634264576
2581835776	2634264576
2581835776	2634264576
2581835776	2634264576
2581835776	2634264576
2581835776	2634264576
2581835776	2634264576
2581835776	2634264576
2581835776	2634264576
2581835776	2634264576
2581835776	2634264576
2581835776	2634264576
2581835776	2634264576
2581835776	2634264576
2589437952	2634264576
2613653504	2634264576
2636673024	2654744576
2637742080	2654744576
2637905920	2654744576
2638974976	2654744576
2646736896	2654744576
2654650368	2654744576
2664329216	2675224576
2711203840	2716184576
2612113408	2716184576
2611892224	2716184576
2611892224	2716184576
2636103680	2716184576
2649804800	2716184576
2692435968	2716184576
2699210752	2716184576
2706681856	2716184576
2724151296	2736664576
2726100992	2736664576
2804174848	2839064576
2806038528	2839064576
2808139776	2839064576
2777915392	2839064576
2718674944	2839064576
2745192448	2839064576
2745352192	2839064576
2745511936	2839064576
2759487488	2839064576
2777792512	2798071808
2786078720	2798071808
2802647040	2818551808
2803941376	2818551808
2805383168	2818551808
2881888256	2900471808
2883600384	2900471808
2885447680	2900471808
2848616448	2900471808
2766692352	2900471808
2766692352	2900471808
2766692352	2900471808
2766692352	2900471808
2766692352	2900471808
2766692352	2900471808
2766692352	2900471808
2766692352	2900471808
2766692352	2900471808
2766692352	2900471808
2766692352	2900471808
