396464128	411787264
445726720	452747264
445722624	452747264
445722624	452747264
445853696	452747264
434999296	452747264
443285504	452747264
451690496	452747264
493031424	493707264
493031424	493707264
547586048	534667264
597917696	616587264
597970944	616587264
564363264	616587264
483401728	616587264
517087232	616587264
519626752	616587264
520122368	616587264
520290304	572596224
520396800	572596224
541995008	572596224
545718272	572596224
553103360	572596224
565829632	593076224
568303616	593076224
616517632	634036224
618876928	634036224
581931008	634036224
500436992	634036224
500314112	634036224
500305920	634036224
500305920	634036224
500305920	634036224
500305920	634036224
500305920	634036224
500305920	634036224
500305920	634036224
500305920	634036224
500305920	634036224
500305920	634036224
500305920	634036224
500305920	634036224
500305920	634036224
500305920	634036224
500305920	634036224
500305920	634036224
500305920	634036224
500305920	552734720
500305920	552734720
500305920	552734720
500305920	552734720
500305920	552734720
500305920	552734720
500305920	552734720
500305920	552734720
500305920	552734720
500305920	552734720
500305920	552734720
500305920	552734720
500305920	552734720
500305920	552734720
500305920	552734720
500305920	552734720
500305920	552734720
500305920	552734720
500305920	552734720
500305920	552734720
500305920	552734720
500305920	552734720
500305920	552734720
500305920	552734720
500305920	552734720
500305920	552734720
500305920	552734720
519290880	552734720
554172416	573214720
554373120	573214720
555573248	573214720
555933696	573214720
556285952	573214720
556556288	573214720
556392448	573214720
562692096	573214720
573169664	573214720
573128704	573214720
577998848	593694720
586428416	593694720
626135040	634654720
629415936	634654720
531107840	634654720
530964480	634654720
530964480	634654720
530964480	634654720
530964480	634654720
530964480	634654720
530964480	634654720
530964480	634654720
530964480	634654720
548978688	634654720
585670656	634654720
587485184	634654720
587649024	634654720
587771904	634654720
608403456	634654720
620388352	634654720
629641216	634654720
647536640	655134720
729350144	716574720
742273024	757534720
745852928	757534720
706588672	757534720
624431104	757534720
624431104	757534720
624431104	757534720
624431104	757534720
624431104	757534720
624431104	757534720
624431104	757534720
624431104	757534720
624431104	757534720
624431104	757534720
624431104	757534720
624431104	757534720
624431104	757534720
624431104	757534720
624431104	757534720
624431104	757534720
624431104	757534720
624431104	757534720
624431104	757534720
624431104	757534720
624431104	676859904
624431104	676859904
639537152	676859904
662282240	676859904
679792640	697339904
679911424	697339904
680460288	697339904
680583168	697339904
680689664	697339904
680792064	697339904
680914944	697339904
694239232	697339904
697294848	697339904
707465216	717819904
749912064	758779904
751349760	758779904
731680768	758779904
655175680	758779904
655175680	758779904
655175680	758779904
655175680	758779904
655175680	758779904
660893696	758779904
684408832	758779904
708681728	758779904
714551296	758779904
737816576	758779904
741888000	758779904
749338624	758779904
753401856	758779904
770445312	779259904
750780416	779259904
674500608	779259904
674451456	779259904
674451456	779259904
674451456	779259904
674451456	779259904
674451456	779259904
674451456	779259904
674451456	779259904
674451456	779259904
674451456	779259904
674451456	779259904
674451456	779259904
674451456	779259904
674451456	779259904
674451456	779259904
674451456	779259904
674451456	779259904
674451456	779259904
674451456	779259904
674451456	779259904
674451456	779259904
674451456	779259904
674451456	779259904
674451456	779259904
674451456	779259904
674451456	726880256
674451456	726880256
674451456	726880256
674451456	726880256
674451456	726880256
677457920	726880256
712581120	726880256
729526272	747360256
730054656	747360256
730271744	747360256
730546176	747360256
730525696	747360256
730648576	747360256
731594752	747360256
743632896	747360256
747323392	747360256
752328704	767840256
798670848	808800256
801243136	808800256
893227008	911200256
894832640	911200256
896532480	911200256
898973696	911200256
898973696	911200256
855740416	911200256
868454400	911200256
778350592	911200256
796332032	911200256
828317696	911200256
834736128	866078720
860512256	866078720
865984512	866078720
921554944	907038720
937836544	947998720
1030053888	1050398720
1032777728	1050398720
1036161024	1050398720
998002688	1050398720
915443712	1050398720
915398656	1050398720
915398656	1050398720
915398656	1050398720
915398656	1050398720
915398656	1050398720
915398656	1050398720
915390464	1050398720
915390464	1050398720
915390464	1050398720
915390464	1050398720
915390464	1050398720
915390464	1050398720
915390464	1050398720
915390464	1050398720
915390464	1050398720
915390464	1050398720
915390464	1050398720
915390464	1050398720
915390464	1050398720
915390464	967819264
915390464	967819264
915390464	967819264
915390464	967819264
915390464	967819264
915390464	967819264
915390464	967819264
915521536	967819264
942018560	967819264
969494528	988299264
971247616	988299264
971411456	988299264
971513856	988299264
971522048	988299264
971636736	988299264
977772544	988299264
988246016	988299264
992747520	1008779264
1001975808	1008779264
1042501632	1049739264
1135972352	1152139264
1140822016	1152139264
1101688832	1152139264
1019310080	1152139264
1019297792	1152139264
1019297792	1152139264
1019297792	1152139264
1019297792	1152139264
1019297792	1152139264
1019297792	1071726592
1019297792	1071726592
1019297792	1071726592
1019297792	1071726592
1019297792	1071726592
1019297792	1071726592
1019297792	1071726592
1019297792	1071726592
1019297792	1071726592
1019297792	1071726592
1019297792	1071726592
1019297792	1071726592
1019297792	1071726592
1019297792	1071726592
1019297792	1071726592
1019297792	1071726592
1019297792	1071726592
1019297792	1071726592
1019297792	1071726592
1019297792	1071726592
1019297792	1071726592
1019297792	1071726592
1019297792	1071726592
1019297792	1071726592
1019297792	1071726592
