702992384	755421184
702992384	755421184
702992384	755421184
702992384	755421184
702992384	755421184
702992384	755421184
702992384	755421184
702992384	755421184
732033024	755421184
755847168	775901184
798470144	816861184
803790848	816861184
816844800	816861184
859295744	878301184
861806592	869171200
954040320	971571200
956641280	971571200
956825600	971571200
811307008	971571200
811184128	971571200
811184128	971571200
811184128	971571200
811184128	971571200
811184128	971571200
811184128	971571200
811184128	971571200
811184128	971571200
811184128	971571200
811175936	971571200
811175936	971571200
811175936	971571200
811175936	971571200
811175936	971571200
811175936	971571200
811175936	971571200
811175936	971571200
811175936	971571200
811175936	971571200
811175936	971571200
811175936	971571200
811175936	971571200
811175936	971571200
811175936	971571200
811175936	863604736
811175936	863604736
811175936	863604736
811175936	863604736
811175936	863604736
811175936	863604736
811175936	863604736
811175936	863604736
811175936	863604736
811175936	863604736
811175936	863604736
811175936	863604736
811175936	863604736
811175936	863604736
811175936	863604736
811175936	863604736
811175936	863604736
811175936	863604736
811175936	863604736
811175936	863604736
811175936	863604736
811175936	863604736
811175936	863604736
811175936	863604736
811175936	863604736
811175936	863604736
811175936	863604736
811175936	863604736
811175936	863604736
811175936	863604736
811175936	863604736
811175936	863604736
830255104	863604736
866246656	884084736
866873344	884084736
866959360	884084736
867254272	884084736
867336192	884084736
867909632	884084736
883810304	884084736
888758272	904564736
896221184	904564736
936435712	945524736
939319296	945524736
1031483392	1047924736
1033449472	1047924736
996954112	1047924736
915087360	1047924736
915046400	1047924736
915046400	1047924736
915046400	1047924736
915046400	1047924736
915046400	1047924736
915046400	1047924736
915046400	967475200
915046400	967475200
915046400	967475200
915046400	967475200
915046400	967475200
915046400	967475200
915046400	967475200
915046400	967475200
915046400	967475200
915046400	967475200
915046400	967475200
915046400	967475200
915046400	967475200
915046400	967475200
915046400	967475200
915046400	967475200
915046400	967475200
915046400	967475200
915046400	967475200
915046400	967475200
915046400	967475200
915046400	967475200
915046400	967475200
915046400	967475200
915046400	967475200
915046400	967475200
915046400	967475200
915046400	967475200
915046400	967475200
915046400	967475200
915046400	967475200
915046400	967475200
915046400	967475200
915046400	967475200
915046400	967475200
915046400	967475200
915046400	967475200
915046400	967475200
915046400	967475200
915046400	967475200
915046400	967475200
915046400	967475200
915046400	967475200
915046400	967475200
915046400	967475200
915046400	967475200
915046400	967475200
915046400	967475200
915046400	967475200
915046400	967475200
915046400	967475200
915046400	967475200
915046400	967475200
915046400	967475200
915046400	967475200
915046400	967475200
915046400	967475200
915046400	967475200
915046400	967475200
915046400	967475200
915046400	967475200
915046400	967475200
915046400	967475200
915046400	967475200
915046400	967475200
915046400	967475200
915046400	967475200
915046400	967475200
915046400	967475200
915046400	967475200
915046400	967475200
915046400	967475200
915046400	967475200
915046400	967475200
915046400	967475200
915046400	967475200
915046400	967475200
915046400	967475200
915046400	967475200
915046400	967475200
915046400	967475200
915046400	967475200
915046400	967475200
915046400	967475200
915046400	967475200
915046400	967475200
915046400	967475200
915046400	967475200
915046400	967475200
915046400	967475200
915046400	967475200
915046400	967475200
915046400	967475200
915046400	967475200
915046400	967475200
915046400	967475200
915046400	967475200
918130688	967475200
933408768	967475200
968794112	987955200
970047488	987955200
970268672	987955200
970584064	987955200
970854400	987955200
971001856	987955200
987938816	987955200
992194560	1008435200
1001615360	1008435200
1041354752	1049395200
1043824640	1049395200
1137508352	1151795200
1140416512	1151795200
1140334592	1151795200
1101447168	1151795200
1018839040	1151795200
1018834944	1151795200
1018834944	1151795200
1018834944	1151795200
1018834944	1151795200
1018834944	1151795200
1018834944	1151795200
1018834944	1151795200
1018834944	1151795200
1018834944	1151795200
1018834944	1151795200
1018834944	1151795200
1018834944	1151795200
1018834944	1151795200
1018834944	1151795200
1018834944	1151795200
1018834944	1151795200
1018834944	1151795200
1018834944	1151795200
1018834944	1151795200
1018834944	1151795200
1018834944	1151795200
1018834944	1151795200
1018834944	1151795200
1018834944	1151795200
1018834944	1151795200
1018834944	1151795200
1018834944	1151795200
1018834944	1151795200
1018834944	1071263744
1018834944	1071263744
1018834944	1071263744
1018834944	1071263744
1018834944	1071263744
1018834944	1071263744
1018834944	1071263744
1018834944	1071263744
1018834944	1071263744
1018834944	1071263744
1018834944	1071263744
1018834944	1071263744
1018834944	1071263744
1018834944	1071263744
1018834944	1071263744
1018839040	1071263744
1037398016	1071263744
1072607232	1091743744
1073893376	1091743744
1074053120	1091743744
1074999296	1091743744
1074888704	1091743744
1075011584	1091743744
1078517760	1091743744
1090502656	1091743744
1091555328	1091743744
1091727360	1091743744
1097170944	1112223744
1106448384	1112223744
1145348096	1153183744
1147842560	1153183744
1254584320	1276063744
1256701952	1276063744
1259466752	1276063744
1216446464	1276063744
1229099008	1276063744
1137430528	1276063744
1137430528	1276063744
1137430528	1276063744
1137430528	1276063744
1137430528	1276063744
1137430528	1276063744
1137430528	1276063744
1137430528	1276063744
1137430528	1276063744
1137430528	1276063744
1137430528	1276063744
1137430528	1276063744
1137430528	1276063744
1137430528	1276063744
1137430528	1276063744
1137430528	1276063744
1137430528	1276063744
1137430528	1276063744
1137430528	1276063744
1137430528	1276063744
1137430528	1276063744
1137430528	1276063744
1137430528	1189859328
1137430528	1189859328
