0	76800
1302	30000
44532	102000
114575	133000
50977	95392
35278	37588
303	30000
319	30000
382	30000
160	30000
42	30000
37	30000
51	30000
46	30000
36	30000
36	30000
49	30000
43	30000
60	30000
43	30000
29	30000
48	30000
29	30000
28	30000
43	30000
38	30000
2209	30000
4008	42000
66	30000
57	30000
40	30000
64	30000
41	30000
33	30000
3507	42000
36	30000
79	30000
47	30000
51	30000
30	30000
42	30000
23	30000
46	30000
49	30000
41	30000
43	30000
1456	30000
71574	114000
85633	145000
2758	30000
379	30000
386	30000
425	30000
346	30000
59	30000
41	30000
29	30000
36	30000
45	30000
26	30000
36	30000
900	30000
2743	30000
73054	126000
7743	96000
43	76800
30	61440
34	49152
62	31456
22	30000
43	30000
47	30000
48	30000
23	30000
29	30000
43	30000
48	30000
50	30000
53	30000
45	30000
1236	30000
38	30000
31	30000
35	30000
41	30000
54	30000
48	30000
43	30000
55	30000
34	30000
3732	30000
370	30000
31	30000
28	30000
175	30000
48	30000
3877	33600
36	30000
187	30000
47117	102000
102464	145000
2089	74240
36	59392
42	47513
28	38010
21	30408
0	30408
0	30408
10	30000
0	30000
0	30000
0	30000
209	30000
122	30000
0	30000
541	30000
1940	30000
34987	44160
57841	112128
38	89702
30	71761
31	57408
77	36740
44	30000
41	30000
25	30000
37	30000
33	30000
1233	30000
45	30000
23	30000
0	30000
0	30000
26	30000
0	30000
0	30000
0	30000
0	30000
9	30000
0	30000
0	30000
0	30000
0	30000
0	30000
0	30000
2664	30000
1691	33600
20	30000
34	30000
38	30000
77	30000
42	30000
20	30000
21	30000
37	30000
2684	30000
44	30000
42	30000
43	30000
11	30000
23	30000
8	30000
10	30000
11	30000
272	30000
62	30000
10	30000
13	30000
9	30000
10	30000
9	30000
7	30000
10	30000
2707	33600
42	30000
43	30000
55	30000
56	30000
48771	102000
108185	133000
52949	107392
33517	124313
44	99450
55	79560
47	63648
68	50918
29	40734
2855	40734
236	30000
241	30000
44	30000
35	30000
61	30000
49	30000
50	30000
52	30000
48	30000
78	30000
41	30000
55	30000
36	30000
10	30000
9	30000
6	30000
10	30000
6	30000
6	30000
15	30000
1258	30000
54	30000
63	30000
38	30000
39	30000
40	30000
39	30000
49	30000
38	30000
52	30000
36	30000
32	30000
33	30000
40	30000
10	30000
11	30000
530	30000
35	30000
53	30000
59	30000
3223	30000
528	30000
487	30000
31085	78000
104118	109000
26795	116000
6464	38010
78532	126408
2465	120326
2599	77008
48	61606
87	39427
30	31541
711	30000
3568	30000
60	30000
57	30000
43	30000
54	30000
67	30000
40	30000
118	30000
48	30000
9	30000
9	30000
16	30000
11	30000
10	30000
7	30000
18	30000
9	30000
9	30000
7	30000
8	30000
9	30000
7	30000
8	30000
185	30000
11	30000
284	30000
33	30000
40	30000
56	30000
37	30000
28	30000
56	30000
32	30000
51	30000
52	30000
49	30000
35	30000
37	30000
61	30000
214	30000
14	30000
10	30000
11	30000
6	30000
9	30000
26	30000
9	30000
11	30000
8	30000
13	30000
9	30000
11	30000
10	30000
56	30000
9	30000
20	30000
