0	54000
66752	96000
4011	30000
53454	114000
102849	145000
17082	54408
79545	96260
1496	30000
337	30000
282	30000
289	30000
364	30000
57	30000
34	30000
4893	33600
38	30000
46	30000
60	30000
35	30000
65	30000
49	30000
59	30000
53	30000
57	30000
107	30000
37	30000
61	30000
62	30000
55	30000
51	30000
45	30000
59	30000
2710	30000
5821	30000
75950	114000
73337	74240
377	30000
396	30000
403	30000
3920	30000
70056	114000
4839	70656
44	56524
2301	30000
31	30000
75	30000
394	30000
37	30000
51	30000
49	30000
108	30000
48	30000
57	30000
268	30000
43	30000
35	30000
38	30000
54	30000
53	30000
61	30000
61	30000
64	30000
39	30000
38	30000
38	30000
48	30000
39	30000
57	30000
54	30000
404	30000
33	30000
55	30000
38	30000
34	30000
37	30000
41	30000
56	30000
862	30000
38	30000
38	30000
29	30000
43	30000
48	30000
56	30000
286	30000
49	30000
39	30000
46	30000
38	30000
39	30000
34	30000
5	30000
9	30000
9	30000
9559	42000
89992	109000
66561	92800
1904	38010
35875	78000
42936	88320
52	70656
52	56524
30	45219
1036	30000
44	30000
40	30000
38	30000
58	30000
34	30000
4165	30000
1447	34560
30	30000
52	30000
47	30000
92	30000
3350	30000
28413	78000
116194	121000
28180	51445
78936	147445
89	75491
29	60392
31	48313
0	38650
0	38650
3020	30920
52	30000
297	30000
40	30000
272	30000
83	30000
40	30000
69	30000
49578	102000
103789	133000
9224	30000
74241	138000
79	88320
44	70656
0	70656
44	56524
0	56524
352	45219
40	30000
44	30000
26	30000
27	30000
72	30000
41	30000
48	30000
44	30000
53	30000
3714	42000
57	30000
37	30000
55	30000
12	30000
34	30000
12	30000
9	30000
9	30000
11	30000
48	30000
6	30000
7	30000
12	30000
15	30000
283	30000
25	30000
349	30000
62	30000
61	30000
74	30000
40	30000
42	30000
57	30000
39	30000
75	30000
56	30000
53	30000
49	30000
42	30000
9949	30000
81176	114000
66149	92800
4052	47513
40	38010
304	30000
55403	102000
28083	120000
41	96000
303	61440
47	49152
74	31456
86	30000
2446	30000
0	30000
19	30000
0	30000
749	30000
66	30000
681	30000
72	30000
62	30000
46	30000
1508	30000
1923	30000
70516	114000
86872	92800
1561	30000
19026	66000
72525	96000
71	61440
0	61440
0	61440
0	61440
0	61440
2071	31456
268	30000
64	30000
3524	42000
55	30000
71	30000
30	30000
15446	54000
91273	109000
43254	92800
528	38010
30	30408
55	30000
32611	78000
70678	96000
62	76800
51	61440
31	49152
52	31456
29	30000
49	30000
2219	30000
47	30000
55	30000
2174	30000
59	30000
85	30000
0	30000
0	30000
0	30000
18340	54000
92466	109000
64396	92800
32	74240
40696	86010
43193	74756
43	59804
45	47843
34	38274
40	30619
1127	30000
32	30000
46	30000
42	30000
5	30000
304	30000
37	30000
41	30000
52	30000
54	30000
112	30000
52	30000
43	30000
43	30000
33	30000
64	30000
29	30000
55	30000
49	30000
7	30000
15	30000
5	30000
8	30000
9	30000
8	30000
9	30000
10	30000
9	30000
6	30000
7	30000
23	30000
5	30000
5	30000
9	30000
5	30000
8	30000
2127	30000
57	30000
35	30000
51	30000
76	30000
96	30000
42	30000
25930	66000
98235	109000
32045	74240
35	59392
46	47513
67	30408
1313	30000
43859	90000
37029	120000
49	96000
31	76800
1647	49152
83	30000
29	30000
11771	30000
85543	109000
58910	74240
59	59392
23	47513
76	30408
36	30000
0	30000
8782	30000
70423	110400
39	70656
1465	56524
223	30000
66	30000
57	30000
49	30000
39	30000
41	30000
82	30000
33	30000
38	30000
49	30000
10	30000
16	30000
9	30000
10	30000
6	30000
6	30000
6	30000
2606	30000
16501	54000
90838	109000
42841	43580
68519	114000
12320	88320
46	70656
40	56524
51	45219
29	36175
68	30000
43	30000
27	30000
48	30000
49	30000
53	30000
42	30000
29	30000
53	30000
0	30000
0	30000
0	30000
1070	30000
40	30000
40	30000
31	30000
22	30000
535	30000
42	30000
55	30000
42	30000
41	30000
107	30000
53	30000
65	30000
36	30000
8	30000
12	30000
9	30000
8	30000
9	30000
11	30000
8	30000
2411	33600
51	30000
30628	78000
116663	121000
6376	116000
79	92800
3590	47513
7892	30000
78899	150000
52	96000
42	76800
81	49152
43	39321
43	31456
0	31456
0	31456
0	31456
0	31456
613	30000
26	30000
34	30000
71	30000
27	30000
337	30000
35	30000
42	30000
47	30000
44	30000
41	30000
34	30000
32	30000
36	30000
0	30000
0	30000
0	30000
0	30000
0	30000
0	30000
0	30000
0	30000
0	30000
2323	30000
47	30000
1667	30000
1722	30000
1104	30000
36522	90000
110519	121000
3879	59392
37	47513
24231	66408
56845	110726
48	88580
30	70864
57	56691
22	45352
37	36281
43	30000
49	30000
43	30000
0	30000
13	30000
0	30000
0	30000
166	30000
22	30000
29	30000
43	30000
43	30000
66	30000
28	30000
35	30000
32	30000
42	30000
38	30000
21	30000
43	30000
23	30000
0	30000
2385	30000
65	30000
41	30000
42	30000
49	30000
66	30000
53	30000
44	30000
2482	30000
42	30000
77	30000
35	30000
50	30000
41	30000
0	30000
0	30000
0	30000
0	30000
0	30000
8083	30000
78513	114000
81561	116000
748	30000
7103	30000
69897	138000
52	88320
46	70656
30	56524
55	45219
43	36175
35	30000
26	30000
32	30000
0	30000
0	30000
0	30000
0	30000
0	30000
0	30000
0	30000
0	30000
6	30000
231	30000
27	30000
27	30000
42	30000
40	30000
60	30000
52	30000
28	30000
22	30000
46	30000
40	30000
35	30000
43	30000
32	30000
1097	30000
51	30000
47	30000
33	30000
61	30000
61	30000
1914	30000
42	30000
57	30000
30	30000
54	30000
32	30000
45	30000
45	30000
53	30000
25806	66000
102006	109000
22578	74240
29	59392
38	47513
68	38010
37	30408
34	30000
45	30000
38	30000
39	30000
28	30000
30	30000
407	30000
35511	78000
65507	96000
33	76800
36	61440
46	49152
699	31456
60	30000
29	30000
38	30000
32	30000
61	30000
30	30000
39	30000
45	30000
0	30000
1060	30000
57	30000
50	30000
35	30000
30	30000
54	30000
28	30000
47	30000
50	30000
55	30000
72	30000
72	30000
76	30000
60	30000
8	30000
8	30000
5	30000
11	30000
5	30000
5	30000
7	30000
15	30000
8	30000
13	30000
8	30000
6	30000
6	30000
8	30000
10	30000
5	30000
7	30000
17	30000
7	30000
4	30000
8	30000
4	30000
4	30000
7	30000
5	30000
9	30000
9	30000
12	30000
4	30000
4	30000
4	30000
6	30000
31	30000
12	30000
7	30000
4	30000
4	30000
15	30000
5	30000
5	30000
7	30000
6	30000
6	30000
6	30000
7	30000
6	30000
7	30000
18	30000
4	30000
5	30000
6	30000
7	30000
6	30000
4	30000
8	30000
8	30000
7	30000
16	30000
10	30000
7	30000
5	30000
6	30000
8	30000
8	30000
6	30000
5	30000
7	30000
13	30000
7	30000
7	30000
5	30000
7	30000
7	30000
8	30000
7	30000
8	30000
5	30000
18	30000
11	30000
8	30000
11	30000
8	30000
10	30000
5	30000
7	30000
9	30000
204	30000
17	30000
6	30000
5	30000
13	30000
8	30000
6	30000
6	30000
4	30000
5	30000
6	30000
11	30000
11	30000
47	30000
6	30000
8	30000
5	30000
4	30000
6	30000
6	30000
5	30000
18	30000
12	30000
8	30000
5	30000
7	30000
11	30000
8	30000
8	30000
7	30000
7	30000
18	30000
5	30000
4	30000
10	30000
7	30000
7	30000
