1S LIMIT AGG (ns), 1S USAGE AGG (ns)
15000000.0,4453965.5
15000000.0,573554.0
15000000.0,534949.5
15000000.0,1120551.5
15000000.0,2256512.0
15000000.0,1636376.5
15000000.0,1116359.0
15000000.0,1637637.0
15000000.0,1099758.0
15000000.0,1097883.5
15000000.0,1116706.5
15000000.0,1631958.0
15000000.0,2467159.0
15000000.0,2234858.0
15000000.0,2783914.0
15000000.0,1664443.5
15000000.0,2812597.0
15000000.0,2228580.0
15000000.0,3416185.0
15000000.0,2806799.5
15000000.0,2720765.0
15000000.0,4367251.0
15000000.0,2778003.0
15000000.0,5025751.0
15000000.0,6056621.0
15000000.0,4318048.0
15000000.0,4855899.5
15000000.0,6035392.0
15000000.0,5366179.0
15000000.0,6008809.5
15000000.0,6410041.0
15000000.0,4930231.0
15000000.0,3316468.5
15000000.0,4512369.0
15000000.0,5425149.5
15000000.0,5829235.5
15000000.0,7022240.5
15000000.0,6982861.0
15000000.0,4320349.0
15000000.0,9141549.0
15000000.0,8061021.5
15000000.0,7032669.5
15000000.0,8581877.5
15000000.0,6488966.0
15000000.0,8620753.0
15000000.0,9099433.0
15000000.0,7548635.0
15000000.0,9559111.0
15000000.0,7088982.0
15000000.0,8517800.5
15000000.0,8651670.5
15000000.0,9480195.0
15000000.0,7550680.0
15000000.0,10729106.5
15000000.0,8058162.5
15000000.0,6334923.5
15000000.0,7393200.0
15000000.0,8002715.5
15000000.0,6342391.0
15000000.0,9512692.0
15000000.0,9081598.0
15000000.0,9515641.5
15000000.0,7556597.5
15000000.0,6327866.0
15000000.0,6522437.5
15000000.0,5421240.0
15000000.0,5399686.0
15000000.0,5382434.5
15000000.0,4861787.0
15000000.0,7578144.5
15000000.0,5884105.5
15000000.0,7534098.0
15000000.0,6862929.0
15000000.0,8484509.5
15000000.0,4263092.0
15000000.0,8032444.5
15000000.0,8557591.5
15000000.0,8152244.0
15000000.0,10160384.0
15000000.0,7988666.0
15000000.0,8546176.0
15000000.0,11189439.5
15000000.0,8144741.5
15000000.0,9501286.5
15000000.0,7922373.5
15000000.0,7963926.0
15000000.0,9108689.5
15000000.0,8140254.5
15000000.0,9156640.5
15000000.0,6863245.5
15000000.0,10208704.5
15000000.0,8006598.0
15000000.0,8627261.0
15000000.0,10228225.5
15000000.0,9107989.5
15000000.0,9891002.5
15000000.0,7415743.0
15000000.0,9661491.0
15000000.0,6929301.5
15000000.0,7609283.0
15000000.0,9176358.0
15000000.0,8060975.5
15000000.0,10111626.0
15000000.0,7481966.0
15000000.0,10581772.5
15000000.0,7999414.5
15000000.0,8039349.0
15000000.0,8840420.5
15000000.0,10247606.0
15000000.0,8628425.0
15000000.0,8558744.5
15000000.0,7501420.5
15000000.0,7897509.5
15000000.0,9160800.5
15000000.0,9282334.0
15000000.0,10177167.5
15000000.0,8099119.5
15000000.0,7486559.0
15000000.0,5918095.5
15000000.0,7017291.5
15000000.0,7959166.0
15000000.0,7945348.5
15000000.0,9238516.0
15000000.0,9134093.0
15000000.0,6378154.0
15000000.0,7492098.5
15000000.0,5904104.0
15000000.0,8594739.0
15000000.0,5970178.0
15000000.0,6046603.0
15000000.0,7704207.5
15000000.0,7514682.0
15000000.0,4685834.0
15000000.0,4288321.5
15000000.0,6581728.0
15000000.0,7611857.5
15000000.0,7047043.5
15000000.0,9180718.0
15000000.0,8548250.5
15000000.0,7648104.0
15000000.0,7569227.0
15000000.0,8060977.5
15000000.0,4889518.5
15000000.0,6475918.5
15000000.0,6486576.5
15000000.0,5913467.5
15000000.0,6396112.0
15000000.0,4894515.0
15000000.0,8169105.0
15000000.0,5988311.5
15000000.0,6388697.0
15000000.0,9244883.0
15000000.0,4886417.5
15000000.0,6409864.5
15000000.0,7587024.5
15000000.0,6434569.5
15000000.0,10790946.5
15000000.0,8163706.5
15000000.0,4854013.5
15000000.0,7407320.0
15000000.0,9121624.0
15000000.0,6481070.5
15000000.0,10337653.5
15000000.0,8634599.0
15000000.0,9066031.5
15000000.0,6367450.5
15000000.0,9089478.5
15000000.0,8631281.5
15000000.0,6469975.0
15000000.0,8959311.0
15000000.0,8643786.5
15000000.0,9084404.5
15000000.0,10069384.5
15000000.0,8553208.0
15000000.0,9654533.5
15000000.0,7852477.0
15000000.0,8992649.0
15000000.0,8621421.0
15000000.0,8591151.5
15000000.0,6340061.5
15000000.0,6885594.5
15000000.0,6401118.5
15000000.0,7410186.5
15000000.0,6368538.0
15000000.0,7126783.5
15000000.0,7982085.0
15000000.0,8465822.5
15000000.0,7069783.0
15000000.0,7509767.5
15000000.0,8652367.5
15000000.0,7103400.5
15000000.0,7456436.5
15000000.0,8026856.0
15000000.0,7575825.5
15000000.0,7963845.5
15000000.0,6931462.5
15000000.0,6823235.0
15000000.0,5360959.0
15000000.0,9709392.5
15000000.0,9099918.5
15000000.0,9035836.5
15000000.0,6909811.5
15000000.0,8089074.0
15000000.0,9979627.0
15000000.0,6542655.5
15000000.0,6699690.5
15000000.0,8638492.0
15000000.0,8034162.0
15000000.0,6050800.5
15000000.0,5996205.5
15000000.0,7539932.0
15000000.0,7126849.5
15000000.0,9666402.0
15000000.0,8964251.5
15000000.0,7421364.5
15000000.0,9138765.5
15000000.0,7984477.5
15000000.0,6569906.0
15000000.0,11758197.5
15000000.0,8548457.0
15000000.0,6463820.0
15000000.0,8134445.5
15000000.0,7054731.0
15000000.0,7993805.0
15000000.0,6469710.5
15000000.0,7978451.0
15000000.0,7502946.5
15000000.0,7049185.0
15000000.0,8465316.0
15000000.0,7011376.5
15000000.0,6547133.5
15000000.0,6371777.5
15000000.0,5426799.5
15000000.0,5885289.5
15000000.0,9027795.5
15000000.0,7009658.0
15000000.0,6861052.5
15000000.0,6946819.5
15000000.0,8145777.5
15000000.0,6380631.0
15000000.0,7478647.0
15000000.0,8483139.5
15000000.0,8516239.5
15000000.0,6837407.5
15000000.0,8553590.0
15000000.0,7306286.0
15000000.0,6874283.5
15000000.0,7416084.0
15000000.0,5841919.0
15000000.0,6355162.5
15000000.0,6871192.5
15000000.0,5806038.0
15000000.0,5808863.0
15000000.0,6858193.0
15000000.0,6407673.5
15000000.0,4157969.0
15000000.0,4451041.0
15000000.0,6360246.0
15000000.0,5891708.5
15000000.0,6511695.0
15000000.0,8030075.5
15000000.0,6385347.5
15000000.0,6924697.0
15000000.0,7538265.0
15000000.0,6960154.0
15000000.0,8095656.5
15000000.0,7674612.0
15000000.0,7021743.5
15000000.0,8835707.0
15000000.0,8603752.0
15000000.0,9153449.0
15000000.0,8623271.0
15000000.0,6578546.5
15000000.0,8516893.5
15000000.0,8676728.0
15000000.0,7447473.5
15000000.0,6346558.5
15000000.0,8598598.0
15000000.0,6425779.5
15000000.0,7472689.0
15000000.0,6968775.5
15000000.0,8064766.5
15000000.0,7366488.0
15000000.0,8606584.5
15000000.0,7956574.5
15000000.0,9188633.5
15000000.0,8579530.5
15000000.0,9581972.0
15000000.0,5221506.5
15000000.0,6376840.0
15000000.0,7504622.5
15000000.0,7907600.5
15000000.0,9242876.0
15000000.0,7573015.5
15000000.0,8759030.0
15000000.0,8994559.0
15000000.0,8999207.0
15000000.0,9114230.0
15000000.0,9639442.0
15000000.0,7971008.5
15000000.0,5915205.5
15000000.0,7952946.5
15000000.0,6978333.0
15000000.0,8020156.5
15000000.0,6551403.5
15000000.0,9346948.0
15000000.0,8111234.0
15000000.0,7483978.0
15000000.0,7426558.5
15000000.0,8019092.5
15000000.0,4795097.5
15000000.0,10086112.0
15000000.0,8556142.0
15000000.0,7480746.5
15000000.0,7933718.5
15000000.0,7561818.0
15000000.0,6376455.5
15000000.0,7979487.5
15000000.0,8598157.0
15000000.0,9627755.5
15000000.0,7631900.0
15000000.0,8124329.5
15000000.0,7569284.5
15000000.0,6434417.5
15000000.0,9078560.5
15000000.0,6870019.5
15000000.0,7928480.0
15000000.0,8007864.0
15000000.0,7927686.0
15000000.0,8041713.5
15000000.0,6895056.5
15000000.0,8009528.0
15000000.0,7415042.0
15000000.0,5966379.5
15000000.0,8022491.5
15000000.0,8015216.0
15000000.0,7967547.0
15000000.0,8653517.5
15000000.0,8618399.0
15000000.0,6873969.0
15000000.0,8504588.0
15000000.0,5862730.5
15000000.0,6439489.0
15000000.0,6427517.0
15000000.0,7540008.5
15000000.0,8773263.0
15000000.0,8121158.5
15000000.0,8097726.0
15000000.0,8541353.5
15000000.0,10681008.5
15000000.0,7412338.5
15000000.0,9609324.0
15000000.0,5262984.5
15000000.0,7925827.5
15000000.0,8601814.0
15000000.0,8062039.5
15000000.0,6442836.5
15000000.0,7508730.5
15000000.0,8989628.0
15000000.0,6390017.0
15000000.0,7064261.0
15000000.0,9151841.5
15000000.0,8070062.5
15000000.0,7978260.5
15000000.0,6875753.0
15000000.0,4878301.0
15000000.0,8485824.5
15000000.0,8610479.0
15000000.0,6559564.0
15000000.0,7964763.0
15000000.0,6429810.0
15000000.0,3814564.0
15000000.0,8011831.5
15000000.0,6023888.5
15000000.0,7490167.0
15000000.0,9105749.0
15000000.0,5295898.5
15000000.0,7954645.0
15000000.0,4234274.5
15000000.0,10427434.5
15000000.0,6018737.0
15000000.0,7443954.0
15000000.0,8561609.0
15000000.0,7121769.0
15000000.0,8098384.5
15000000.0,5817128.0
15000000.0,5888427.5
15000000.0,7025209.5
15000000.0,6948843.0
15000000.0,8110295.5
15000000.0,7056878.5
15000000.0,10286018.5
15000000.0,7506560.5
15000000.0,6425441.5
15000000.0,9654633.5
15000000.0,8018985.0
15000000.0,6816493.0
15000000.0,5805477.0
15000000.0,5849821.0
15000000.0,7515884.5
15000000.0,7004451.5
15000000.0,8540263.0
15000000.0,8517704.5
15000000.0,8565969.0
15000000.0,9666268.5
15000000.0,7016282.5
15000000.0,9116246.0
15000000.0,6997849.5
15000000.0,8068791.0
15000000.0,9809943.5
15000000.0,7094335.5
15000000.0,6482982.0
15000000.0,7003589.5
15000000.0,9153893.5
15000000.0,6479611.0
15000000.0,5430071.0
15000000.0,6552701.5
15000000.0,6417955.5
15000000.0,6514652.5
15000000.0,9755579.0
15000000.0,7097892.5
15000000.0,8663458.5
15000000.0,6992268.0
15000000.0,7024451.0
15000000.0,8539441.5
15000000.0,8136074.5
15000000.0,8783057.0
15000000.0,11211606.0
15000000.0,6847265.0
15000000.0,7979216.5
15000000.0,7543800.0
15000000.0,8640762.0
15000000.0,9864736.0
15000000.0,8699800.0
15000000.0,9822184.0
15000000.0,8550180.5
15000000.0,11177883.0
15000000.0,10029963.0
15000000.0,9663856.0
15000000.0,9073752.0
15000000.0,7015275.5
15000000.0,6907274.0
15000000.0,6384680.5
15000000.0,9153922.5
15000000.0,6390373.0
15000000.0,7439583.0
15000000.0,6454243.5
15000000.0,7949349.0
15000000.0,7430851.5
15000000.0,9029405.5
15000000.0,6984415.0
15000000.0,8535494.0
15000000.0,6527775.0
15000000.0,4860108.0
15000000.0,9596240.0
15000000.0,7596695.5
15000000.0,7487270.5
15000000.0,7655140.0
15000000.0,9764444.5
15000000.0,6325288.5
15000000.0,6970387.0
15000000.0,7481873.5
15000000.0,5893897.5
15000000.0,10637296.5
15000000.0,9746524.0
15000000.0,9868347.5
15000000.0,10217801.5
15000000.0,6272721.5
15000000.0,8633731.0
15000000.0,9659113.5
15000000.0,9051382.5
15000000.0,10247968.0
15000000.0,9283112.5
15000000.0,9072394.5
15000000.0,9103945.5
15000000.0,11755200.5
15000000.0,6963491.0
15000000.0,7460779.5
15000000.0,8025123.0
15000000.0,7388772.0
15000000.0,7459564.5
15000000.0,9651731.0
15000000.0,3163398.5
15000000.0,9653489.0
15000000.0,6518752.5
15000000.0,8570243.5
15000000.0,6374466.5
15000000.0,3250332.5
15000000.0,5304470.5
15000000.0,7053209.0
15000000.0,6378096.5
15000000.0,6335166.0
15000000.0,8066743.5
15000000.0,8001771.5
15000000.0,7514612.0
15000000.0,8711734.0
15000000.0,6391264.0
15000000.0,6932414.5
15000000.0,8024490.0
15000000.0,8645040.5
15000000.0,9694468.0
15000000.0,8576019.0
15000000.0,8008332.5
15000000.0,10191260.5
15000000.0,8608719.0
15000000.0,7503783.0
15000000.0,9103315.0
15000000.0,6938531.5
15000000.0,7428522.5
15000000.0,4316494.5
15000000.0,8471863.5
15000000.0,6371048.0
15000000.0,6342120.5
15000000.0,8051244.5
15000000.0,7470806.0
15000000.0,8164371.5
15000000.0,9683764.0
15000000.0,7461559.5
15000000.0,9126624.0
15000000.0,8055127.0
15000000.0,7459013.5
15000000.0,9518072.5
15000000.0,7452860.0
15000000.0,6456540.5
15000000.0,8507023.5
15000000.0,9053791.0
15000000.0,8204079.5
15000000.0,11386754.0
15000000.0,6356832.0
15000000.0,5391788.5
15000000.0,5954356.0
15000000.0,9098186.5
15000000.0,6845078.5
15000000.0,8021338.0
15000000.0,7461759.0
15000000.0,8583338.5
15000000.0,7408915.0
15000000.0,6408268.5
15000000.0,8635165.0
15000000.0,5881828.0
15000000.0,5292531.5
15000000.0,6805534.5
15000000.0,7983215.0
15000000.0,6513655.0
15000000.0,8017082.0
15000000.0,9614960.5
15000000.0,6282070.5
15000000.0,4835855.5
15000000.0,6569553.0
15000000.0,9898179.5
15000000.0,8440363.5
15000000.0,9664029.5
15000000.0,9205120.0
15000000.0,7749875.5
15000000.0,7543966.0
15000000.0,7609932.0
15000000.0,9004882.0
15000000.0,8605132.0
15000000.0,7524208.5
15000000.0,6230264.5
15000000.0,8956162.0
15000000.0,9959944.5
15000000.0,8076438.5
15000000.0,6977359.0
15000000.0,7398647.0
15000000.0,7293232.0
15000000.0,8051982.0
15000000.0,7054182.0
15000000.0,5232414.5
15000000.0,7371856.0
15000000.0,4817165.0
15000000.0,10208731.5
15000000.0,8580807.5
15000000.0,7439205.5
15000000.0,7093994.0
15000000.0,8583231.5
15000000.0,6955472.5
15000000.0,8993671.5
15000000.0,11808411.5
15000000.0,8636295.5
15000000.0,6456258.0
15000000.0,7313907.0
15000000.0,8086161.5
15000000.0,8008346.0
15000000.0,7557224.5
15000000.0,9309266.0
15000000.0,9645769.0
15000000.0,6979870.0
15000000.0,9169406.0
15000000.0,8574971.5
15000000.0,7612337.0
15000000.0,7482475.0
15000000.0,9945635.0
15000000.0,8100581.5
15000000.0,6979893.0
15000000.0,8601248.5
15000000.0,7046814.5
15000000.0,8019850.5
15000000.0,8516118.0
15000000.0,6924844.5
15000000.0,4113727.5
15000000.0,10764290.5
15000000.0,9106482.0
15000000.0,8586192.0
15000000.0,8150608.5
15000000.0,11068713.5
15000000.0,9641667.5
15000000.0,5893059.0
15000000.0,9716596.5
15000000.0,7504260.0
15000000.0,9682852.5
15000000.0,6873261.0
15000000.0,7494458.5
15000000.0,7997388.5
15000000.0,6388735.5
15000000.0,6971807.0
15000000.0,7569032.0
15000000.0,5986151.0
15000000.0,6813320.5
15000000.0,9630304.5
15000000.0,8600897.5
15000000.0,8627979.0
15000000.0,8550242.0
15000000.0,9105347.0
15000000.0,6434042.5
15000000.0,7501425.0
15000000.0,8077517.5
15000000.0,7381493.0
15000000.0,8648196.0
15000000.0,7972015.0
15000000.0,6483430.0
15000000.0,8065179.0
15000000.0,8542426.5
15000000.0,6444374.0
15000000.0,6502571.0
15000000.0,4830818.5
15000000.0,6370027.0
15000000.0,5954216.5
15000000.0,4344218.0
15000000.0,5367966.0
15000000.0,5961046.0
15000000.0,7033526.0
15000000.0,9591251.0
15000000.0,6384465.5
15000000.0,6433633.5
15000000.0,4841644.5
15000000.0,8159015.0
15000000.0,7384360.5
15000000.0,8542379.5
15000000.0,7519830.0
15000000.0,5959709.0
15000000.0,7531511.0
15000000.0,6357926.0
15000000.0,5804207.5
15000000.0,8572394.0
15000000.0,5985471.0
15000000.0,7499387.5
15000000.0,8642190.5
15000000.0,6458479.0
15000000.0,8664409.0
15000000.0,6899782.5
15000000.0,6296405.0
15000000.0,7097087.0
15000000.0,8518361.5
15000000.0,8617656.0
15000000.0,6903762.0
15000000.0,5998269.0
15000000.0,9154262.0
15000000.0,7401835.0
15000000.0,8490873.5
15000000.0,6416533.5
15000000.0,11872896.0
15000000.0,6921767.0
15000000.0,7381765.5
15000000.0,6381741.5
15000000.0,9177138.5
15000000.0,8586928.5
15000000.0,5917993.5
15000000.0,6878355.5
15000000.0,7468619.5
15000000.0,5414779.0
15000000.0,7586384.0
15000000.0,5803342.0
15000000.0,6290102.0
15000000.0,6965172.5
15000000.0,7485874.0
15000000.0,6433853.5
15000000.0,5411146.0
15000000.0,8965581.0
15000000.0,7411877.0
15000000.0,7067213.0
15000000.0,7985100.0
15000000.0,7387263.5
15000000.0,6974445.5
15000000.0,6412470.5
15000000.0,4844877.5
15000000.0,6932843.5
15000000.0,8672476.0
15000000.0,8026672.5
15000000.0,6401133.5
15000000.0,8010404.5
15000000.0,13073385.0
15000000.0,8017427.0
15000000.0,8052500.5
15000000.0,8619735.5
15000000.0,6903244.0
15000000.0,7432081.0
15000000.0,6463315.0
15000000.0,6495440.5
15000000.0,8605133.0
15000000.0,9210629.5
15000000.0,7415476.5
15000000.0,7456804.0
15000000.0,6855336.0
15000000.0,8113277.5
15000000.0,5935895.5
15000000.0,6917528.5
15000000.0,6866210.0
15000000.0,6839173.0
15000000.0,6917578.5
15000000.0,6981645.0
15000000.0,7530301.0
15000000.0,8558864.5
15000000.0,7122401.5
15000000.0,8003059.5
15000000.0,5730442.0
15000000.0,8948905.0
15000000.0,5891690.5
15000000.0,8216492.5
15000000.0,9084409.0
15000000.0,8527310.0
15000000.0,7393598.5
15000000.0,9853176.0
15000000.0,8745175.5
15000000.0,7031138.5
15000000.0,7459840.5
15000000.0,9152261.0
15000000.0,9281219.0
15000000.0,7556957.0
15000000.0,7009813.0
15000000.0,6973444.0
15000000.0,7466767.5
15000000.0,11255847.5
15000000.0,7469083.0
15000000.0,9208232.0
15000000.0,9082821.5
15000000.0,10149552.5
15000000.0,5931976.5
15000000.0,8195933.5
15000000.0,9058520.5
15000000.0,8484484.5
15000000.0,9026458.0
15000000.0,8665032.5
15000000.0,11109577.5
15000000.0,9478266.0
15000000.0,8521537.5
15000000.0,7940932.5
15000000.0,8050502.5
15000000.0,12913772.0
15000000.0,6340572.0
15000000.0,7628339.5
15000000.0,8713814.0
15000000.0,9037266.0
15000000.0,8063031.0
15000000.0,7002544.5
15000000.0,6974825.0
15000000.0,7058873.5
15000000.0,7954525.0
15000000.0,6486066.0
15000000.0,10181883.5
15000000.0,9147699.0
15000000.0,8744482.0
15000000.0,8783210.5
15000000.0,8130823.0
15000000.0,6931052.5
15000000.0,6903063.0
15000000.0,5852032.5
15000000.0,8546233.5
15000000.0,6829657.0
15000000.0,8523239.0
15000000.0,7508977.0
15000000.0,8680825.5
15000000.0,9047209.0
15000000.0,6964182.0
15000000.0,8493513.0
15000000.0,7635383.5
15000000.0,8530757.0
15000000.0,7447823.5
15000000.0,6402807.0
15000000.0,7481778.0
15000000.0,6939018.5
15000000.0,7394584.5
15000000.0,11889885.5
15000000.0,9144068.5
15000000.0,8181957.5
15000000.0,7878609.0
15000000.0,8593325.0
15000000.0,7534579.0
15000000.0,7979668.0
15000000.0,7035918.0
15000000.0,6930943.0
15000000.0,8027252.5
15000000.0,7415209.5
15000000.0,7929280.5
15000000.0,9540109.5
15000000.0,9647975.5
15000000.0,9185739.0
15000000.0,7830030.5
15000000.0,7360268.0
15000000.0,7919828.5
15000000.0,8118963.5
15000000.0,8609016.0
15000000.0,5785687.0
15000000.0,6470364.0
15000000.0,7960799.5
15000000.0,7510339.5
15000000.0,7540552.5
15000000.0,6956906.5
15000000.0,7073283.5
15000000.0,7626089.0
15000000.0,7059637.5
15000000.0,9721510.5
15000000.0,8721258.5
15000000.0,5995258.0
15000000.0,6517303.0
15000000.0,7970222.0
15000000.0,7639761.0
15000000.0,9271824.5
15000000.0,8529691.5
15000000.0,6960710.5
15000000.0,10306576.5
15000000.0,7044581.5
15000000.0,10290936.0
15000000.0,9218899.5
15000000.0,6492002.5
15000000.0,6938472.0
15000000.0,8098277.5
15000000.0,6409506.0
15000000.0,5985664.5
15000000.0,7546981.0
15000000.0,6936066.5
15000000.0,4773377.5
15000000.0,6357661.5
15000000.0,5898297.5
15000000.0,6880042.5
15000000.0,7008523.0
15000000.0,7882855.5
15000000.0,5256466.0
15000000.0,7536183.0
15000000.0,7525664.0
15000000.0,7670023.5
15000000.0,7521598.0
15000000.0,8064375.0
15000000.0,8339757.0
15000000.0,5755049.0
15000000.0,4832070.5
15000000.0,5984662.5
15000000.0,4374962.5
15000000.0,4409304.0
15000000.0,6541265.5
15000000.0,4398025.0
15000000.0,4873993.5
15000000.0,5417314.5
15000000.0,4292898.5
15000000.0,4764589.0
15000000.0,4767550.5
15000000.0,5874240.5
15000000.0,6017322.5
15000000.0,4876824.0
15000000.0,6303694.0
15000000.0,4831545.0
15000000.0,5850551.0
15000000.0,5422445.5
15000000.0,8770415.5
15000000.0,5880046.0
15000000.0,6880862.5
15000000.0,3763925.5
15000000.0,8525977.0
15000000.0,7442269.5
15000000.0,7502858.0
15000000.0,8587582.0
15000000.0,8420868.0
15000000.0,8438862.0
15000000.0,5788215.5
15000000.0,8619379.0
15000000.0,8538147.0
15000000.0,10094226.0
15000000.0,9086414.0
15000000.0,8131205.5
15000000.0,7574789.0
15000000.0,6959085.5
15000000.0,7561019.5
15000000.0,6551468.5
15000000.0,5894139.5
15000000.0,8151883.5
15000000.0,6379589.0
15000000.0,5380889.5
15000000.0,6596523.5
15000000.0,7897766.5
15000000.0,6605105.0
15000000.0,9746214.0
15000000.0,7652231.0
15000000.0,8174156.0
15000000.0,8781974.5
15000000.0,8620665.0
15000000.0,7622628.0
15000000.0,7497008.5
15000000.0,6995642.5
15000000.0,6988143.0
15000000.0,9038306.0
15000000.0,5833723.5
15000000.0,9132410.5
15000000.0,10252559.5
15000000.0,9739327.5
15000000.0,6787510.0
15000000.0,7331821.5
15000000.0,8031667.5
15000000.0,7439875.5
15000000.0,7981138.5
15000000.0,7424538.0
15000000.0,7875917.0
15000000.0,9041655.5
15000000.0,9672898.0
15000000.0,8500315.0
15000000.0,8082133.0
15000000.0,5356588.5
15000000.0,7469851.0
15000000.0,8026350.5
15000000.0,9470128.0
15000000.0,8042065.0
15000000.0,6476105.0
15000000.0,8032556.5
15000000.0,6410213.0
15000000.0,7946116.5
15000000.0,7898424.0
15000000.0,6895462.0
15000000.0,7533853.5
15000000.0,8114967.0
15000000.0,6953087.0
15000000.0,7054498.5
15000000.0,8625261.0
15000000.0,5371971.0
15000000.0,8626167.0
15000000.0,7688669.5
15000000.0,7468953.0
15000000.0,4915546.0
15000000.0,8486705.0
15000000.0,8486399.5
15000000.0,8059189.5
15000000.0,4785959.5
15000000.0,7433846.5
15000000.0,9128033.5
15000000.0,8005069.0
15000000.0,8583913.0
15000000.0,8604802.0
15000000.0,7517224.5
15000000.0,8091131.5
15000000.0,6993596.0
15000000.0,6857678.5
15000000.0,7595961.5
15000000.0,7596823.0
15000000.0,8606830.5
15000000.0,10728806.0
15000000.0,7372464.5
15000000.0,5769623.0
15000000.0,7489928.5
15000000.0,7908051.0
15000000.0,6998440.0
15000000.0,7536285.5
15000000.0,8556362.0
15000000.0,6956360.0
15000000.0,7598343.5
15000000.0,7608061.0
15000000.0,9281147.5
15000000.0,9114886.0
15000000.0,8752290.0
15000000.0,8042601.0
15000000.0,8683517.0
15000000.0,8032724.5
15000000.0,6396686.5
15000000.0,9102971.5
15000000.0,7022424.5
15000000.0,8074657.5
15000000.0,6478340.5
15000000.0,8076041.0
15000000.0,8163074.0
15000000.0,8612302.5
15000000.0,7998214.0
15000000.0,10914060.5
15000000.0,7451491.0
15000000.0,5892520.0
15000000.0,8588741.5
15000000.0,8294200.5
15000000.0,9064164.0
15000000.0,8620988.0
15000000.0,9121404.5
15000000.0,8079016.5
15000000.0,8665444.0
15000000.0,8127966.5
15000000.0,6276571.0
15000000.0,8824328.5
15000000.0,6468655.0
15000000.0,6917334.0
15000000.0,5892934.0
15000000.0,8145010.5
15000000.0,8619657.0
15000000.0,9044084.5
15000000.0,5864426.0
15000000.0,6927588.5
15000000.0,8509675.5
15000000.0,10820162.0
15000000.0,9200773.0
15000000.0,12918327.0
15000000.0,7355370.0
15000000.0,8655882.0
15000000.0,6888788.0
15000000.0,9077600.0
15000000.0,9078266.0
15000000.0,6852486.0
15000000.0,9206605.0
15000000.0,6929300.0
15000000.0,6392677.0
15000000.0,8030071.0
15000000.0,7510673.0
15000000.0,7473307.0
15000000.0,6434206.0
15000000.0,8656801.0
15000000.0,5903371.5
15000000.0,10763018.5
15000000.0,5946289.0
15000000.0,8172431.5
15000000.0,8678092.5
15000000.0,12226113.0
15000000.0,6443408.0
15000000.0,9128931.5
15000000.0,8130656.5
15000000.0,9671847.0
15000000.0,11982106.5
15000000.0,6975151.5
15000000.0,5835763.0
15000000.0,7486041.0
15000000.0,7397005.5
15000000.0,11370149.5
15000000.0,8485537.5
15000000.0,7896944.0
15000000.0,8077732.0
15000000.0,7453036.5
15000000.0,10396516.5
15000000.0,8051160.0
15000000.0,8060474.5
15000000.0,8240356.0
15000000.0,6479415.0
15000000.0,5925574.5
15000000.0,7008694.0
15000000.0,8182207.0
15000000.0,6955510.0
15000000.0,7023463.0
15000000.0,6961323.5
15000000.0,6000749.0
15000000.0,5389971.0
15000000.0,7505191.0
15000000.0,3662208.0
15000000.0,6770357.0
15000000.0,5859932.0
15000000.0,9612891.5
15000000.0,8050216.0
15000000.0,7665751.5
15000000.0,8497453.0
15000000.0,7672078.5
15000000.0,9127913.5
15000000.0,4353320.5
15000000.0,11202632.5
15000000.0,8111802.5
15000000.0,8523955.0
15000000.0,9144240.5
15000000.0,9166285.5
15000000.0,8838200.0
15000000.0,9109690.0
15000000.0,8511177.0
15000000.0,8082355.5
15000000.0,6831741.5
15000000.0,6920522.0
15000000.0,6882049.0
15000000.0,5867897.5
15000000.0,5392757.0
15000000.0,7478115.0
15000000.0,5871026.0
15000000.0,4321910.0
15000000.0,8187938.0
15000000.0,6024163.0
15000000.0,4893987.5
15000000.0,4462133.0
15000000.0,6436624.5
15000000.0,5424639.0
15000000.0,4267919.5
15000000.0,8203670.5
15000000.0,7087294.5
15000000.0,8110018.0
15000000.0,10831101.0
15000000.0,11906222.0
15000000.0,8142614.0
15000000.0,10895378.0
15000000.0,9204432.5
15000000.0,6986740.5
15000000.0,6356386.0
15000000.0,7518046.0
15000000.0,8538887.0
15000000.0,7842653.0
15000000.0,7395495.0
15000000.0,6854391.5
15000000.0,5815180.0
15000000.0,6847922.0
15000000.0,10507168.0
15000000.0,7490314.0
15000000.0,9101197.0
15000000.0,6363312.5
15000000.0,4767316.5
15000000.0,5414588.5
15000000.0,5815509.0
15000000.0,7863578.5
15000000.0,6372255.0
15000000.0,7941625.5
15000000.0,5219008.5
15000000.0,7590490.5
15000000.0,7961660.5
15000000.0,5884121.0
15000000.0,7414727.0
15000000.0,5910729.5
15000000.0,4268957.5
15000000.0,6401498.0
15000000.0,7096080.5
15000000.0,7975234.5
15000000.0,7445350.0
15000000.0,9155555.5
15000000.0,8007659.5
15000000.0,7153380.5
15000000.0,5344262.5
15000000.0,7465627.5
15000000.0,6305475.5
15000000.0,7888042.0
15000000.0,6966079.5
15000000.0,6388697.5
15000000.0,6894055.0
15000000.0,5845467.5
15000000.0,6338143.5
15000000.0,7949082.0
15000000.0,7485045.0
15000000.0,6388041.0
15000000.0,9151179.0
15000000.0,9031829.5
15000000.0,7546156.5
15000000.0,9158445.0
15000000.0,9894111.0
15000000.0,8086202.0
15000000.0,8550090.5
15000000.0,8140410.0
15000000.0,5940635.5
15000000.0,8162325.0
15000000.0,8092591.5
15000000.0,9050875.0
15000000.0,6971405.5
15000000.0,8570747.0
15000000.0,9574396.0
15000000.0,5890965.0
15000000.0,8415482.5
15000000.0,9018087.0
15000000.0,6390418.5
15000000.0,8611405.5
15000000.0,9138958.0
15000000.0,8028859.0
15000000.0,8506148.5
15000000.0,6398542.5
15000000.0,11022048.0
15000000.0,5442568.5
15000000.0,8084012.0
15000000.0,6427701.0
15000000.0,6917567.0
15000000.0,6963253.0
15000000.0,6986522.0
15000000.0,5876501.0
15000000.0,9743472.5
15000000.0,6630894.0
15000000.0,8163016.5
15000000.0,9635471.5
15000000.0,6953025.0
15000000.0,9107771.5
15000000.0,7350610.5
15000000.0,9580261.0
15000000.0,8118269.0
15000000.0,8101042.0
15000000.0,6388009.5
15000000.0,6883251.0
15000000.0,8514589.0
15000000.0,9645544.5
15000000.0,9680448.5
15000000.0,8104669.5
15000000.0,8141458.0
15000000.0,7562376.0
15000000.0,8649915.0
15000000.0,6857660.0
15000000.0,7021655.5
15000000.0,10305505.5
15000000.0,9182946.0
15000000.0,7019372.5
15000000.0,8580500.5
15000000.0,7036579.5
15000000.0,8167524.5
15000000.0,10101802.5
15000000.0,9145526.0
15000000.0,8057336.5
15000000.0,7621506.0
15000000.0,8569132.5
15000000.0,8643483.0
15000000.0,8537566.5
15000000.0,8080399.0
15000000.0,10122640.0
15000000.0,6020306.5
15000000.0,8052810.0
15000000.0,7484062.5
15000000.0,5303848.5
15000000.0,8047677.0
15000000.0,7507918.5
15000000.0,9177107.0
15000000.0,8563455.0
15000000.0,8527221.0
15000000.0,13991267.5
15000000.0,8062301.5
15000000.0,9237486.5
15000000.0,9178796.0
15000000.0,6965426.5
15000000.0,8941005.5
15000000.0,8110613.5
15000000.0,8678540.5
15000000.0,9164296.5
15000000.0,8050588.0
15000000.0,8597501.0
15000000.0,7497470.5
15000000.0,6938653.5
15000000.0,9140315.5
15000000.0,9169269.0
15000000.0,9129706.0
15000000.0,9184075.0
15000000.0,9640989.0
15000000.0,10222353.5
15000000.0,8026222.0
15000000.0,10222875.5
15000000.0,4893891.0
15000000.0,9659513.5
15000000.0,7579974.5
15000000.0,9645000.5
15000000.0,10643693.5
15000000.0,8021894.5
15000000.0,7934143.5
15000000.0,8183267.5
15000000.0,7938131.0
15000000.0,7456462.0
15000000.0,8122291.0
15000000.0,5373002.5
15000000.0,7008092.0
15000000.0,6922421.5
15000000.0,10180759.5
15000000.0,5264023.5
15000000.0,14080285.5
15000000.0,8634950.5
15000000.0,7583513.0
15000000.0,6997937.0
15000000.0,7478577.0
15000000.0,6883968.0
15000000.0,4687521.0
15000000.0,6372495.0
15000000.0,6890367.5
15000000.0,5295465.0
15000000.0,8558225.0
15000000.0,8529626.0
15000000.0,6281509.5
15000000.0,9198488.0
15000000.0,8121877.0
15000000.0,6924022.0
15000000.0,10213388.5
15000000.0,6940884.0
15000000.0,8596920.5
15000000.0,7515893.0
15000000.0,7408883.5
15000000.0,6266564.5
15000000.0,9135682.0
15000000.0,8058295.5
15000000.0,7513511.5
15000000.0,7443500.0
15000000.0,8772642.5
15000000.0,7496056.0
15000000.0,5283612.0
15000000.0,9183348.0
15000000.0,7871840.0
15000000.0,8030953.0
15000000.0,7937466.5
15000000.0,7523330.5
15000000.0,7019713.0
15000000.0,8003403.0
15000000.0,7873447.0
15000000.0,6857417.0
15000000.0,7042728.5
15000000.0,9060498.0
15000000.0,10637528.5
15000000.0,7948807.0
15000000.0,10198679.5
15000000.0,5836220.0
15000000.0,8002490.0
15000000.0,7511824.0
15000000.0,6440891.5
15000000.0,6374621.0
15000000.0,7503062.5
15000000.0,5945697.0
15000000.0,6963179.0
15000000.0,6351507.5
15000000.0,4733121.5
15000000.0,5239548.5
15000000.0,4359021.0
15000000.0,7580546.5
15000000.0,8131915.0
15000000.0,9168493.0
15000000.0,6307088.0
15000000.0,7991076.5
15000000.0,7360096.5
15000000.0,8155191.0
15000000.0,8613283.5
15000000.0,7106972.5
15000000.0,8636278.5
15000000.0,8783364.5
15000000.0,11463877.5
15000000.0,7605582.0
15000000.0,9177070.5
15000000.0,9012865.0
15000000.0,7854574.0
15000000.0,9065741.0
15000000.0,9650852.5
15000000.0,9056181.0
15000000.0,6957782.5
15000000.0,7607572.5
15000000.0,8666684.0
15000000.0,7412936.5
15000000.0,7680910.5
15000000.0,7999682.0
15000000.0,8181610.5
15000000.0,10227977.0
15000000.0,8030632.5
15000000.0,8506991.5
15000000.0,7961947.5
15000000.0,7961276.0
15000000.0,10194062.0
15000000.0,8088343.5
15000000.0,8072998.5
15000000.0,4801874.5
15000000.0,7539659.0
15000000.0,8170270.0
15000000.0,8058308.5
15000000.0,8654412.0
15000000.0,8015719.5
15000000.0,6922368.5
15000000.0,9612593.0
15000000.0,8220085.5
15000000.0,8552400.5
15000000.0,8642645.0
15000000.0,9170960.0
15000000.0,7514880.0
15000000.0,8755358.5
15000000.0,8646596.0
15000000.0,7455953.0
15000000.0,8480545.0
15000000.0,8590910.5
15000000.0,8094125.5
15000000.0,7429412.0
15000000.0,8067917.5
15000000.0,8486171.0
15000000.0,8420638.0
15000000.0,6954369.5
15000000.0,8730575.0
15000000.0,5821579.5
15000000.0,8442896.5
15000000.0,8628797.5
15000000.0,9117853.5
15000000.0,9702110.0
15000000.0,8577295.0
15000000.0,9086689.5
15000000.0,8153153.0
15000000.0,7988328.0
15000000.0,9686929.0
15000000.0,8688825.0
15000000.0,8052516.5
15000000.0,9614880.5
15000000.0,8553733.0
15000000.0,8267246.5
15000000.0,9054035.5
15000000.0,9175466.0
15000000.0,8028793.5
15000000.0,9013284.5
15000000.0,8619459.5
15000000.0,6956372.0
15000000.0,5819094.5
15000000.0,9184696.0
15000000.0,8108953.0
15000000.0,6344304.0
15000000.0,8594096.5
15000000.0,9772461.0
15000000.0,9139198.5
15000000.0,7468427.5
15000000.0,8012423.0
15000000.0,9088509.0
15000000.0,9597996.5
15000000.0,8106904.0
15000000.0,8503075.5
15000000.0,7449071.5
15000000.0,6463540.5
15000000.0,9053697.0
15000000.0,7548948.5
15000000.0,9045332.0
15000000.0,9284834.0
15000000.0,6984522.0
15000000.0,7577287.5
15000000.0,8171248.0
15000000.0,8501969.0
15000000.0,9245766.0
15000000.0,9163923.0
15000000.0,7519775.0
15000000.0,7525681.5
15000000.0,5398838.0
15000000.0,7628179.0
15000000.0,5907672.0
15000000.0,7466747.5
15000000.0,4362559.0
15000000.0,6341705.0
15000000.0,5881388.0
15000000.0,6455594.5
15000000.0,6545367.0
15000000.0,5363231.0
15000000.0,6391748.5
15000000.0,6449395.5
15000000.0,5359735.5
15000000.0,3743069.5
15000000.0,3821367.0
15000000.0,8036687.5
15000000.0,5924852.0
15000000.0,5400780.5
15000000.0,4250280.0
15000000.0,6543780.0
15000000.0,6902684.5
15000000.0,4860288.0
15000000.0,7454211.0
15000000.0,5989754.5
15000000.0,7532819.0
15000000.0,6990295.5
15000000.0,6445276.0
15000000.0,6339907.5
15000000.0,5329093.0
15000000.0,6310744.0
15000000.0,7917604.5
15000000.0,8111230.0
15000000.0,8420215.0
15000000.0,7008008.0
15000000.0,10786971.0
15000000.0,10677881.5
15000000.0,8007208.5
15000000.0,7530526.0
15000000.0,6387294.5
15000000.0,5250625.5
15000000.0,7975657.0
15000000.0,3743597.5
15000000.0,3779981.5
15000000.0,5413186.0
15000000.0,5979874.0
15000000.0,4348865.5
15000000.0,4278644.0
15000000.0,4811911.0
15000000.0,9732200.5
15000000.0,7545929.5
15000000.0,8575274.0
15000000.0,5462596.0
15000000.0,8851618.5
15000000.0,8705638.5
15000000.0,9566978.0
15000000.0,7090455.5
15000000.0,7448090.0
15000000.0,8350165.5
15000000.0,9272430.5
15000000.0,9605491.5
15000000.0,8470271.5
15000000.0,6983880.5
15000000.0,8026798.0
15000000.0,8500279.5
15000000.0,8081287.0
15000000.0,9063102.5
15000000.0,8581118.5
15000000.0,5871830.5
15000000.0,7875227.0
15000000.0,7448366.0
15000000.0,6911066.0
15000000.0,7052172.0
15000000.0,8119460.5
15000000.0,8026908.5
15000000.0,8071720.5
15000000.0,6462235.0
15000000.0,5330607.0
15000000.0,9962838.5
15000000.0,7530401.5
15000000.0,9279034.0
15000000.0,10270081.0
15000000.0,9701078.0
15000000.0,1569573.5
15000000.0,5473293.0
15000000.0,7512144.5
15000000.0,5343379.0
15000000.0,5310995.0
15000000.0,5840027.5
15000000.0,6923849.0
15000000.0,6858658.0
15000000.0,9182487.0
15000000.0,5977203.5
15000000.0,8481590.0
15000000.0,8032748.0
15000000.0,10668243.5
15000000.0,7034119.5
15000000.0,8577951.0
15000000.0,6316765.5
15000000.0,6740902.5
15000000.0,8011029.5
15000000.0,6272296.0
15000000.0,5826652.5
15000000.0,9108336.5
15000000.0,7576724.5
15000000.0,8541029.5
15000000.0,8643080.0
15000000.0,5923552.0
15000000.0,8542492.0
15000000.0,8528500.5
15000000.0,9562361.5
15000000.0,7375842.5
15000000.0,7482263.0
15000000.0,5850218.5
15000000.0,7378451.0
15000000.0,6865161.0
15000000.0,6405914.0
15000000.0,7592405.0
15000000.0,6373741.5
15000000.0,9226965.5
15000000.0,7555274.5
15000000.0,7963611.5
15000000.0,7468084.5
15000000.0,7466170.5
15000000.0,6844288.0
15000000.0,8084682.5
15000000.0,7548637.0
15000000.0,8133991.5
15000000.0,6230928.5
15000000.0,11633521.5
15000000.0,9249816.5
15000000.0,7495280.5
15000000.0,6967038.5
15000000.0,7620831.0
15000000.0,8033605.5
15000000.0,7478650.5
15000000.0,7580203.5
15000000.0,10757715.5
15000000.0,8028721.5
15000000.0,6971775.5
15000000.0,9522628.5
15000000.0,7452417.0
15000000.0,7058254.0
15000000.0,5865812.0
15000000.0,5330531.5
15000000.0,6532572.5
15000000.0,7466737.5
15000000.0,6429961.0
15000000.0,5883161.5
15000000.0,5306016.0
15000000.0,6316439.0
15000000.0,6971074.0
15000000.0,7335509.5
15000000.0,7660596.0
15000000.0,9705249.0
15000000.0,10829327.5
15000000.0,9056672.0
15000000.0,6931591.0
15000000.0,11193786.5
15000000.0,12683079.5
15000000.0,8548434.5
15000000.0,9057487.0
15000000.0,7533712.5
15000000.0,7936558.0
15000000.0,9149154.5
15000000.0,8998115.0
15000000.0,7024963.0
15000000.0,5272491.0
15000000.0,8029914.0
15000000.0,6925168.5
15000000.0,7909682.0
15000000.0,9132108.0
15000000.0,7585175.5
15000000.0,8050754.0
15000000.0,7419392.5
15000000.0,7571154.0
15000000.0,7531446.5
15000000.0,6427622.0
15000000.0,9059663.5
15000000.0,9173846.5
15000000.0,9708166.0
15000000.0,7624992.5
15000000.0,8577281.0
15000000.0,6485694.5
15000000.0,6450596.0
15000000.0,8546754.5
15000000.0,8745053.5
15000000.0,6934198.5
15000000.0,6835032.5
15000000.0,9302185.0
15000000.0,8524651.0
15000000.0,11975302.5
15000000.0,6978855.5
15000000.0,7436360.5
15000000.0,7605271.5
15000000.0,6987916.0
15000000.0,9124603.5
15000000.0,5855991.5
15000000.0,10418740.5
15000000.0,10657724.0
15000000.0,7955823.5
15000000.0,8644320.5
15000000.0,8151646.5
15000000.0,9177504.5
15000000.0,7537591.5
15000000.0,6906543.5
15000000.0,10136995.0
15000000.0,9791922.5
15000000.0,5816968.0
15000000.0,8736223.0
15000000.0,7973738.0
15000000.0,8072052.0
15000000.0,8674528.5
15000000.0,8045751.5
15000000.0,8614495.5
15000000.0,8437657.0
15000000.0,8596926.5
15000000.0,8624263.0
15000000.0,9097395.5
15000000.0,9133556.5
15000000.0,8041217.5
15000000.0,7408338.5
15000000.0,8110250.5
15000000.0,9089493.0
15000000.0,6387261.5
15000000.0,6915864.5
15000000.0,9134967.5
15000000.0,8077139.5
15000000.0,7528589.5
15000000.0,7428435.0
15000000.0,9018528.5
15000000.0,6881257.0
15000000.0,8576550.0
15000000.0,6926835.0
15000000.0,10907984.0
15000000.0,10611435.5
15000000.0,8052246.0
15000000.0,9143605.5
15000000.0,8467780.0
15000000.0,4916616.0
15000000.0,5987324.5
15000000.0,5272769.5
15000000.0,5881160.0
15000000.0,7034206.5
15000000.0,8080736.0
15000000.0,7916109.5
15000000.0,6895496.0
15000000.0,8187005.5
15000000.0,6480246.5
15000000.0,11942987.5
15000000.0,9119134.0
15000000.0,7510737.0
15000000.0,6422425.0
15000000.0,8606837.0
15000000.0,10730422.5
15000000.0,7468701.5
15000000.0,6491735.5
15000000.0,8526792.0
15000000.0,7963384.5
15000000.0,8576253.0
15000000.0,7506661.5
15000000.0,7579271.5
15000000.0,6941895.0
15000000.0,6496305.0
15000000.0,6841972.0
15000000.0,8462831.0
15000000.0,7502356.5
15000000.0,8637239.0
15000000.0,7953963.5
15000000.0,7528440.0
15000000.0,8555909.0
15000000.0,7864908.5
15000000.0,9160993.0
15000000.0,7477110.0
15000000.0,9676164.5
15000000.0,8543006.0
15000000.0,8465110.0
15000000.0,7473878.5
15000000.0,8048482.5
15000000.0,6371941.0
15000000.0,9314828.0
15000000.0,6970250.5
15000000.0,8005056.5
15000000.0,6324489.5
15000000.0,6820634.0
15000000.0,8057159.5
15000000.0,8248563.0
15000000.0,7628438.0
15000000.0,8015350.5
15000000.0,7423597.5
15000000.0,6422940.5
15000000.0,7988601.5
15000000.0,5808937.0
15000000.0,8545577.5
15000000.0,6450038.5
15000000.0,6815727.0
15000000.0,6397147.5
15000000.0,8120179.0
15000000.0,7533217.5
15000000.0,7096741.5
15000000.0,8097645.0
15000000.0,5389764.0
15000000.0,7528263.5
15000000.0,6466520.0
15000000.0,8055232.0
15000000.0,9827664.0
15000000.0,10305605.5
15000000.0,9248791.0
15000000.0,8610337.5
15000000.0,9652078.5
15000000.0,7936139.5
15000000.0,9228514.0
15000000.0,9202717.0
15000000.0,8622912.0
15000000.0,12001798.0
15000000.0,10256604.5
15000000.0,9508794.5
15000000.0,8111389.5
15000000.0,8524797.0
15000000.0,8003024.0
15000000.0,8050290.0
15000000.0,6951899.0
15000000.0,8539754.5
15000000.0,7511890.5
15000000.0,7441311.0
15000000.0,6426995.0
15000000.0,7694455.5
15000000.0,4779856.5
15000000.0,7010257.0
15000000.0,6471608.0
15000000.0,9723672.0
15000000.0,10842653.0
15000000.0,9268804.0
15000000.0,7034382.5
15000000.0,9139739.5
15000000.0,7632284.5
15000000.0,7455583.0
15000000.0,7568751.0
15000000.0,6454871.0
15000000.0,7009821.0
15000000.0,9634661.0
15000000.0,6971772.5
15000000.0,8501752.0
15000000.0,5797231.5
15000000.0,7490374.5
15000000.0,8317988.5
15000000.0,7080036.0
15000000.0,8058601.5
15000000.0,9318486.0
15000000.0,6497387.5
15000000.0,7390731.5
15000000.0,6813801.5
15000000.0,9129163.5
15000000.0,7053261.5
15000000.0,7978206.5
15000000.0,8582024.5
15000000.0,6959008.0
15000000.0,8590689.0
15000000.0,10284870.5
15000000.0,8077938.0
15000000.0,5911331.5
15000000.0,9148434.5
15000000.0,6905399.5
15000000.0,9559416.0
15000000.0,7026868.5
15000000.0,7538267.0
15000000.0,6964187.5
15000000.0,10411956.0
15000000.0,6933733.5
15000000.0,9027283.0
15000000.0,9604891.0
15000000.0,10371937.5
15000000.0,9699330.5
15000000.0,7671826.0
15000000.0,7960586.0
15000000.0,3771700.0
15000000.0,514427.0
15000000.0,534905.0
15000000.0,511719.5
15000000.0,531537.0
15000000.0,1545855.5
15000000.0,1031205.5
15000000.0,514046.5
15000000.0,512932.0
15000000.0,513869.0
15000000.0,514680.5
15000000.0,513824.5
15000000.0,516194.0
15000000.0,511114.0
15000000.0,514930.0
15000000.0,1049004.5
15000000.0,1030823.0
15000000.0,531779.0
15000000.0,514798.0
15000000.0,515109.5
15000000.0,514150.0
15000000.0,512135.0
15000000.0,510923.5
15000000.0,1064277.5
15000000.0,515882.5
15000000.0,514856.5
15000000.0,530730.0
15000000.0,511908.0
15000000.0,511039.5
15000000.0,514737.5
15000000.0,510923.0
15000000.0,516589.0
15000000.0,1053489.5
15000000.0,1112914.5
15000000.0,543204.0
15000000.0,520444.0
15000000.0,534993.0
15000000.0,512692.5
15000000.0,515857.0
15000000.0,522322.5
15000000.0,1050002.0
15000000.0,532336.5
15000000.0,512790.0
15000000.0,511631.5
15000000.0,514397.0
15000000.0,518138.0
15000000.0,516373.5
