0.0	1000.0
5907.0	1000.0
13174.0	6000.0
3827.0	14000.0
2002.0	14000.0
2153.0	14000.0
3646.0	14000.0
16485.0	14000.0
18556.0	17000.0
2576.0	19000.0
2728.0	19000.0
3678.0	19000.0
3473.0	19000.0
17756.0	19000.0
2149.0	19000.0
2844.0	19000.0
16396.0	19000.0
3025.0	19000.0
20183.0	19000.0
3374.0	21000.0
3122.0	21000.0
114712.0	21000.0
143806.0	115000.0
443123.0	144000.0
3248.0	144000.0
2799.0	144000.0
15124.0	144000.0
3277.0	144000.0
20699.0	144000.0
2179.0	144000.0
3557.0	144000.0
2876.0	144000.0
2694.0	144000.0
18457.0	144000.0
2394.0	144000.0
3215.0	144000.0
16585.0	144000.0
2944.0	144000.0
18253.0	144000.0
2700.0	144000.0
3501.0	144000.0
3486.0	144000.0
2811.0	144000.0
15760.0	144000.0
2106.0	144000.0
2266.0	144000.0
13088.0	144000.0
2159.0	144000.0
18773.0	144000.0
1825.0	144000.0
2364.0	144000.0
2737.0	144000.0
2310.0	144000.0
14385.0	144000.0
2324.0	144000.0
2156.0	144000.0
15931.0	144000.0
2920.0	144000.0
16159.0	144000.0
2907.0	144000.0
2830.0	144000.0
3368.0	144000.0
2873.0	144000.0
16177.0	144000.0
2640.0	144000.0
2362.0	144000.0
16182.0	144000.0
3397.0	144000.0
17181.0	144000.0
2503.0	144000.0
3280.0	144000.0
3825.0	144000.0
2704.0	144000.0
18824.0	144000.0
2431.0	144000.0
2513.0	144000.0
17168.0	144000.0
2680.0	144000.0
16573.0	144000.0
2692.0	144000.0
4121.0	144000.0
3082.0	144000.0
351201.0	144000.0
270473.0	352000.0
2727.0	352000.0
2609.0	352000.0
14973.0	352000.0
2211.0	352000.0
13542.0	352000.0
1970.0	352000.0
3343.0	352000.0
3264.0	352000.0
2823.0	352000.0
15684.0	352000.0
2509.0	352000.0
2961.0	352000.0
14928.0	352000.0
2359.0	352000.0
15472.0	352000.0
2962.0	352000.0
3924.0	352000.0
2579.0	352000.0
17476.0	352000.0
2158.0	352000.0
2799.0	352000.0
18219.0	352000.0
2730.0	352000.0
15736.0	352000.0
2683.0	352000.0
3112.0	352000.0
3490.0	352000.0
2500.0	352000.0
17549.0	352000.0
2513.0	352000.0
2828.0	352000.0
15432.0	352000.0
2876.0	352000.0
20257.0	352000.0
2112.0	352000.0
3126.0	352000.0
2995.0	352000.0
2497.0	352000.0
19597.0	352000.0
2120.0	352000.0
2270.0	352000.0
14693.0	352000.0
2199.0	352000.0
16300.0	352000.0
2240.0	352000.0
2166.0	352000.0
2974.0	352000.0
2759.0	352000.0
17650.0	352000.0
2536.0	352000.0
2334.0	352000.0
16527.0	352000.0
2404.0	352000.0
14983.0	352000.0
2425.0	352000.0
2870.0	352000.0
3596.0	352000.0
2138.0	352000.0
546942.0	352000.0
2176.0	352000.0
2661.0	352000.0
16073.0	352000.0
2188.0	352000.0
17172.0	352000.0
2400.0	352000.0
3074.0	352000.0
3119.0	352000.0
2226.0	352000.0
19705.0	352000.0
2251.0	352000.0
2495.0	352000.0
16742.0	352000.0
2522.0	352000.0
18721.0	352000.0
2772.0	352000.0
3483.0	352000.0
2877.0	352000.0
2131.0	352000.0
17385.0	352000.0
2726.0	352000.0
3499.0	352000.0
15784.0	352000.0
2283.0	352000.0
16122.0	352000.0
2166.0	352000.0
3216.0	352000.0
2758.0	352000.0
2687.0	352000.0
16933.0	352000.0
2584.0	352000.0
15213.0	352000.0
2974.0	352000.0
2013.0	352000.0
17321.0	352000.0
4000.0	352000.0
2542.0	352000.0
