1S LIMIT AGG (ns), 1S USAGE AGG (ns)
15000000.0,1098697.0
15000000.0,15000000.0
15000000.0,15000000.0
45000000.0,45000000.0
75000000.0,54225109.0
105000000.0,514752.0
84000000.0,525763.5
67200000.0,516799.0
53760000.0,7157276.5
43008000.0,527664.5
34406000.0,1129957.0
27524500.0,1199375.0
22019500.0,525504.5
17615500.0,1643985.0
15000000.0,1705328.5
15000000.0,514356.0
15000000.0,525722.5
15000000.0,525760.0
15000000.0,2291794.0
15000000.0,523957.0
15000000.0,5736687.0
15000000.0,15000000.0
15000000.0,15000000.0
45000000.0,45000000.0
75000000.0,53584040.5
105000000.0,514533.5
84000000.0,49893235.5
67200000.0,67200000.0
67200000.0,55825822.0
97200000.0,75266347.0
77760000.0,77320773.5
77760000.0,77760000.0
107760000.0,107760000.0
137760000.0,137760000.0
167760000.0,129483060.5
197760000.0,134970624.5
158208000.0,119902612.5
126566000.0,126566000.0
126566000.0,126566000.0
156566000.0,156566000.0
186566000.0,127795321.5
216566000.0,152839729.5
173252500.0,101184057.5
138602000.0,133192302.5
138602000.0,137435463.0
138602000.0,125170300.5
138602000.0,81493866.0
110881500.0,110881500.0
110881500.0,110881500.0
140881500.0,120805083.5
170881500.0,62986709.5
136705000.0,126209518.0
136705000.0,124022240.0
136705000.0,136310460.5
136705000.0,117980799.0
134205000.0,109155919.0
131705000.0,131705000.0
131705000.0,131705000.0
161705000.0,112604157.5
191705000.0,122439664.5
153364000.0,144107510.5
153364000.0,112840657.5
122691000.0,92591967.5
98152500.0,98152500.0
98152500.0,98152500.0
128152500.0,81908899.0
158152500.0,62876000.0
126522000.0,43219685.0
101217500.0,2266948.0
80974000.0,519999.0
64779000.0,520470.0
51823000.0,518398.0
41458000.0,27662910.0
33166000.0,8015357.5
26532500.0,524574.5
21226000.0,520455.5
16980500.0,16980500.0
16980500.0,16980500.0
46980500.0,37939304.0
76980500.0,515493.5
61584000.0,514128.0
49267000.0,29691945.0
39413500.0,39413500.0
39413500.0,32589395.5
69413500.0,23221745.0
55530500.0,4380233.0
44424000.0,22879858.0
35539000.0,35539000.0
35539000.0,35539000.0
65539000.0,42153746.5
95539000.0,65179806.0
76431000.0,76431000.0
76431000.0,76431000.0
106431000.0,106431000.0
136431000.0,88076060.0
166431000.0,52360438.0
133144500.0,23251568.5
106515500.0,106515500.0
106515500.0,56613372.5
136515500.0,50061813.0
109212000.0,84060188.5
87369500.0,86470974.5
87369500.0,87369500.0
87369500.0,87369500.0
117369500.0,101885861.0
147369500.0,56508003.5
117895500.0,79426799.0
94316000.0,82956428.0
94316000.0,94316000.0
94316000.0,94316000.0
124316000.0,100522727.0
154316000.0,140615308.5
154316000.0,120421225.0
123452500.0,117027400.5
123452500.0,112722492.0
123452500.0,114716539.0
120952500.0,111607483.0
120952500.0,96452536.0
96762000.0,83647450.5
96762000.0,96762000.0
96762000.0,96762000.0
126762000.0,105863045.0
156762000.0,98337171.5
125409500.0,102304684.5
125409500.0,104914012.0
122909500.0,111485325.5
122909500.0,114168488.5
122909500.0,100323144.0
120409500.0,100423084.5
120409500.0,120409500.0
120409500.0,118487323.5
150409500.0,150004823.5
150409500.0,101163385.5
120327500.0,120327500.0
120327500.0,120327500.0
150327500.0,137814529.5
180327500.0,127248952.0
144262000.0,141321451.5
144262000.0,144262000.0
144262000.0,144262000.0
174262000.0,142976908.0
204262000.0,120526440.0
163409500.0,142220642.5
163409500.0,144846599.0
160909500.0,136125845.5
160909500.0,132486603.0
158409500.0,109344185.5
126727500.0,123973985.0
126727500.0,94851115.5
101382000.0,101382000.0
101382000.0,101382000.0
131382000.0,125245053.0
161382000.0,96970150.0
129105500.0,129105500.0
129105500.0,98056309.5
159105500.0,97255659.5
127284000.0,101397446.0
101827000.0,101827000.0
101827000.0,101827000.0
131827000.0,106209503.0
161827000.0,132456785.5
159327000.0,98817937.5
127461500.0,127461500.0
127461500.0,127461500.0
157461500.0,122154162.5
187461500.0,152861144.0
184961500.0,119352305.5
147969000.0,104625890.0
118375000.0,118375000.0
118375000.0,118375000.0
148375000.0,121340025.0
178375000.0,123700119.0
142700000.0,142591495.0
142700000.0,125389486.0
142700000.0,134125444.5
140200000.0,136350943.0
140200000.0,140200000.0
140200000.0,140200000.0
170200000.0,136147652.5
200200000.0,138654168.5
160160000.0,140516751.5
160160000.0,124345697.0
128128000.0,113995780.0
128128000.0,87878994.0
102502000.0,102502000.0
102502000.0,102502000.0
132502000.0,111999811.0
162502000.0,130833385.0
160002000.0,114644738.5
128001500.0,122851455.0
128001500.0,128001500.0
128001500.0,128001500.0
158001500.0,117285606.5
188001500.0,86465335.0
150401000.0,121325509.5
147901000.0,98100382.5
118320500.0,113541093.0
118320500.0,78854110.5
94656000.0,94656000.0
94656000.0,94656000.0
124656000.0,108432478.0
154656000.0,132225459.5
154656000.0,107799404.0
123724500.0,108044603.5
123724500.0,110158507.0
121224500.0,109046149.0
121224500.0,109692241.0
121224500.0,114811127.0
118724500.0,106115073.0
118724500.0,118724500.0
118724500.0,108195957.5
148724500.0,116359589.0
118979500.0,106512267.0
118979500.0,117497779.5
118979500.0,118403681.0
118979500.0,96686606.5
116479500.0,93381268.5
116479500.0,104663248.0
113979500.0,113979500.0
113979500.0,99470280.0
143979500.0,110744469.0
115183500.0,103386219.0
115183500.0,108411193.5
115183500.0,114300984.0
115183500.0,115183500.0
115183500.0,115183500.0
115183500.0,115183500.0
115183500.0,111923550.0
145183500.0,109654462.0
116146500.0,101131125.5
116146500.0,116146500.0
116146500.0,86941052.5
146146500.0,96451061.5
116917000.0,116865282.5
116917000.0,103172103.0
116917000.0,95327254.0
114417000.0,108195015.0
114417000.0,114417000.0
114417000.0,114417000.0
144417000.0,106281300.0
174417000.0,102500312.5
139533500.0,114491420.5
137033500.0,96626032.0
109626500.0,101845297.0
109626500.0,107972070.5
109626500.0,109626500.0
139626500.0,79571601.5
169626500.0,56218109.5
135701000.0,121435682.5
135701000.0,106403796.0
108560500.0,96375421.5
108560500.0,108560500.0
108560500.0,98303883.0
138560500.0,92517819.5
110848000.0,106115184.5
110848000.0,110725094.5
110848000.0,103839970.0
110848000.0,104748065.5
110848000.0,110848000.0
110848000.0,110848000.0
140848000.0,118894721.0
170848000.0,90721835.5
136678000.0,89009974.0
109342000.0,107857019.0
109342000.0,95778855.5
109342000.0,94818110.5
106842000.0,97647450.5
106842000.0,100555260.5
106842000.0,101025227.5
106842000.0,106842000.0
106842000.0,106842000.0
136842000.0,108615235.5
166842000.0,94594394.5
133473500.0,73284684.5
106778500.0,50725725.0
85422500.0,84804250.5
85422500.0,85422500.0
85422500.0,85422500.0
115422500.0,115422500.0
145422500.0,104811390.5
175422500.0,92134241.0
140338000.0,101165529.0
112270000.0,101634353.5
112270000.0,112270000.0
112270000.0,99084322.5
142270000.0,96291450.0
113816000.0,100935415.5
113816000.0,109154097.0
113816000.0,113816000.0
113816000.0,113070889.5
143816000.0,84864140.0
115052500.0,81133943.5
92042000.0,45035106.5
73633500.0,73633500.0
73633500.0,73633500.0
103633500.0,80330620.5
133633500.0,76419212.5
106906500.0,98841141.5
106906500.0,80128105.5
85525000.0,85525000.0
85525000.0,85525000.0
115525000.0,102694126.0
145525000.0,65182033.5
116420000.0,95344993.0
116420000.0,112400293.0
113920000.0,113920000.0
113920000.0,76652095.5
143920000.0,76691036.0
115136000.0,109532672.5
115136000.0,100079689.0
115136000.0,76236080.0
92108500.0,86406834.5
92108500.0,92108500.0
92108500.0,92108500.0
122108500.0,102296849.0
152108500.0,105313973.5
121686500.0,69712079.5
97349000.0,68850169.0
77879000.0,69218703.0
77879000.0,63699280.0
77879000.0,51197536.5
62303000.0,49971940.0
62303000.0,41966341.0
49842000.0,49842000.0
49842000.0,49842000.0
79842000.0,75998538.5
109842000.0,109842000.0
109842000.0,66358078.5
139842000.0,108856387.5
111873500.0,70457700.5
89498500.0,65501205.5
71598500.0,71598500.0
71598500.0,71598500.0
101598500.0,100482677.5
131598500.0,83438283.0
105278500.0,104158081.0
105278500.0,95764079.5
105278500.0,105278500.0
105278500.0,105278500.0
135278500.0,119799267.0
165278500.0,114586513.5
132222500.0,115939969.5
132222500.0,105515207.5
105778000.0,105778000.0
105778000.0,81474198.5
135778000.0,60509236.5
108622000.0,67272588.5
86897500.0,86897500.0
86897500.0,72742522.5
116897500.0,61246144.0
93518000.0,77537498.5
93518000.0,93518000.0
93518000.0,93518000.0
123518000.0,123518000.0
153518000.0,124040053.0
183518000.0,63263003.5
146814000.0,68666705.5
117451000.0,75475605.0
93960500.0,70447168.0
75168000.0,53775537.0
60134000.0,60134000.0
60134000.0,60134000.0
90134000.0,90134000.0
120134000.0,120134000.0
150134000.0,90890484.0
180134000.0,83285051.0
144107000.0,95806599.0
115285500.0,115285500.0
115285500.0,115285500.0
145285500.0,141435042.5
175285500.0,92978140.0
140228000.0,58203504.0
112182000.0,83766769.0
89745500.0,62688324.0
71796000.0,68144825.0
71796000.0,71796000.0
71796000.0,71796000.0
101796000.0,101796000.0
131796000.0,59005621.5
105436500.0,76854040.0
84349000.0,84349000.0
84349000.0,84349000.0
114349000.0,114349000.0
144349000.0,90702966.0
174349000.0,112256969.5
139479000.0,67578555.5
111583000.0,91245320.0
111583000.0,72243088.0
89266000.0,89266000.0
89266000.0,77032278.0
119266000.0,60643330.5
95412500.0,39562957.5
76330000.0,76330000.0
76330000.0,76330000.0
106330000.0,106330000.0
136330000.0,111981752.0
166330000.0,99441561.5
133064000.0,90627684.0
106451000.0,52642463.0
85160500.0,49905632.0
68128000.0,33806389.5
54502000.0,46962765.0
54502000.0,35399903.0
43601500.0,30482921.5
34881000.0,34881000.0
34881000.0,34881000.0
64881000.0,64881000.0
94881000.0,32907428.5
124881000.0,57855707.0
99904500.0,39702270.5
79923500.0,33571006.5
63938500.0,63938500.0
63938500.0,52318764.0
93938500.0,57628361.0
75150500.0,65171355.0
75150500.0,30982195.0
60120000.0,43266619.5
48096000.0,20271805.5
38476500.0,19994728.5
30781000.0,30781000.0
30781000.0,30781000.0
60781000.0,60781000.0
90781000.0,55292469.0
120781000.0,45221619.5
96624500.0,96624500.0
96624500.0,87606477.5
126624500.0,81475562.5
101299500.0,101299500.0
101299500.0,97770421.5
131299500.0,61757082.0
105039500.0,105039500.0
105039500.0,105039500.0
135039500.0,135039500.0
165039500.0,70804220.0
195039500.0,89250243.0
156031500.0,83500018.5
124825000.0,107076296.5
124825000.0,77373627.5
99860000.0,64745707.5
79888000.0,72514798.5
79888000.0,79888000.0
79888000.0,79888000.0
109888000.0,109888000.0
139888000.0,139888000.0
169888000.0,76070097.0
199888000.0,66493430.0
159910000.0,101244661.0
127928000.0,50215268.0
102342000.0,100176009.0
102342000.0,100478933.0
102342000.0,102342000.0
102342000.0,102342000.0
132342000.0,132342000.0
162342000.0,95573958.5
192342000.0,101288074.5
153873500.0,84327089.0
123098500.0,97890291.0
98478500.0,63554105.5
78782500.0,78782500.0
78782500.0,78782500.0
108782500.0,108782500.0
138782500.0,102261000.5
168782500.0,71735210.5
135026000.0,99023131.0
108020500.0,104509884.5
108020500.0,73911132.5
86416000.0,79053948.5
86416000.0,83489071.0
86416000.0,86416000.0
86416000.0,86416000.0
116416000.0,66726320.5
146416000.0,66396821.5
117132500.0,80315138.0
93706000.0,93706000.0
93706000.0,93706000.0
123706000.0,123706000.0
153706000.0,121928699.0
183706000.0,100530914.5
146964500.0,97450045.5
117571500.0,60637719.5
94057000.0,85470276.5
94057000.0,94057000.0
94057000.0,94057000.0
124057000.0,76851672.0
154057000.0,112872492.0
123245500.0,102192787.0
123245500.0,102634150.5
120745500.0,73462420.0
96596000.0,85295145.0
96596000.0,83523651.5
96596000.0,94509680.0
94096000.0,87018080.5
94096000.0,94096000.0
94096000.0,94096000.0
124096000.0,82651412.5
154096000.0,86476235.5
123276500.0,34098336.5
98621000.0,32201152.5
78896500.0,50502789.0
63117000.0,36454401.5
50493500.0,37384434.5
40394500.0,40394500.0
40394500.0,40394500.0
70394500.0,43695762.0
100394500.0,55221070.5
80315500.0,61183230.0
64252000.0,35852762.5
51401500.0,30626888.5
41121000.0,41121000.0
41121000.0,41121000.0
71121000.0,36699622.5
101121000.0,45715565.0
80896500.0,48571848.5
64717000.0,58946021.0
64717000.0,64717000.0
64717000.0,64717000.0
94717000.0,94717000.0
124717000.0,103600142.5
154717000.0,66897359.0
123773500.0,66998671.5
99018500.0,33396407.0
79214500.0,33899152.5
63371500.0,45966827.5
50697000.0,50697000.0
50697000.0,50697000.0
80697000.0,72020812.5
110697000.0,74838844.5
88557500.0,49710902.5
70846000.0,70846000.0
70846000.0,64595238.5
100846000.0,68079618.5
80676500.0,54457846.0
64541000.0,55540358.5
64541000.0,46438494.0
51632500.0,34698338.5
41306000.0,41306000.0
41306000.0,41306000.0
71306000.0,66697428.5
101306000.0,63796634.0
81044500.0,59179637.0
64835500.0,64835500.0
64835500.0,38876057.0
94835500.0,85001059.5
94835500.0,94835500.0
94835500.0,35466325.5
124835500.0,49736262.5
99868000.0,68074459.5
79894000.0,79894000.0
79894000.0,79894000.0
109894000.0,59089299.0
139894000.0,99819194.5
111915000.0,111915000.0
111915000.0,111915000.0
141915000.0,82504270.5
171915000.0,65060730.5
137532000.0,72483185.0
110025500.0,56243612.5
88020000.0,55021589.5
70416000.0,70416000.0
70416000.0,66729885.5
100416000.0,67126507.0
80332500.0,59939641.0
64266000.0,61726078.5
64266000.0,64266000.0
64266000.0,64266000.0
94266000.0,69590623.0
124266000.0,54231894.5
99412500.0,59604315.0
79530000.0,52691783.5
63624000.0,63624000.0
63624000.0,59402283.0
93624000.0,63553039.5
74899000.0,49236831.5
59919000.0,59919000.0
59919000.0,59919000.0
89919000.0,64218020.5
119919000.0,96148214.0
119919000.0,85976495.0
95935000.0,70305546.0
76748000.0,41830463.5
61398000.0,49754838.0
61398000.0,53545580.0
61398000.0,44581476.5
49118000.0,48442635.5
49118000.0,49118000.0
49118000.0,49118000.0
79118000.0,69340642.5
109118000.0,97363255.5
109118000.0,75653588.0
87294000.0,65374266.5
69835000.0,50776970.0
55868000.0,55868000.0
55868000.0,55868000.0
85868000.0,46871270.0
68694000.0,49245890.0
54955000.0,40168824.5
43964000.0,35538573.0
43964000.0,43964000.0
43964000.0,37118173.5
73964000.0,519259.5
59171000.0,1051517.5
47336500.0,47336500.0
47336500.0,33359717.0
77336500.0,39507752.0
61869000.0,47320483.5
49495000.0,34049279.0
39596000.0,25665416.0
31676500.0,31676500.0
31676500.0,31676500.0
61676500.0,40513391.5
91676500.0,31959568.5
73341000.0,40537924.5
58672500.0,51697963.5
58672500.0,58672500.0
58672500.0,58672500.0
88672500.0,71714238.0
118672500.0,42908284.0
94938000.0,77943369.5
94938000.0,74495583.5
75950000.0,62647460.0
75950000.0,55166522.0
60760000.0,60760000.0
60760000.0,60760000.0
90760000.0,61029081.0
120760000.0,81352765.5
96608000.0,60339179.5
77286000.0,77286000.0
77286000.0,77286000.0
107286000.0,81529724.5
137286000.0,52658475.5
109828500.0,88132498.0
109828500.0,75739370.5
87862500.0,57458792.0
70290000.0,55102630.0
56232000.0,49785208.5
56232000.0,56232000.0
56232000.0,56232000.0
86232000.0,85832196.5
116232000.0,75526288.5
92985500.0,55972187.5
74388000.0,68922399.0
74388000.0,52768992.0
59510000.0,52515976.5
59510000.0,53986138.5
59510000.0,54832848.0
59510000.0,55781883.5
59510000.0,56336831.5
59510000.0,57105383.5
57010000.0,57010000.0
57010000.0,57010000.0
87010000.0,65748043.0
117010000.0,102229973.5
117010000.0,113590607.5
117010000.0,109192130.0
114510000.0,76159200.5
91608000.0,88371210.5
91608000.0,79945510.5
91608000.0,76366548.5
89108000.0,61782014.5
71286000.0,71286000.0
71286000.0,61409848.5
101286000.0,16347461.0
81028500.0,71888161.5
81028500.0,63331099.0
64822500.0,64229692.5
64822500.0,64822500.0
64822500.0,64822500.0
94822500.0,94822500.0
124822500.0,122090999.5
154822500.0,142290478.5
154822500.0,139034158.0
152322500.0,76973863.0
121858000.0,94244536.5
97486000.0,97486000.0
97486000.0,65332770.5
127486000.0,92651051.5
101988500.0,82671814.0
101988500.0,101988500.0
101988500.0,94846570.5
131988500.0,119339255.5
131988500.0,96712685.0
105590500.0,105590500.0
105590500.0,105590500.0
135590500.0,126836683.5
165590500.0,109524177.0
132472000.0,64160367.5
105977500.0,105587507.0
105977500.0,89259172.5
105977500.0,42860461.5
84782000.0,84782000.0
84782000.0,84782000.0
114782000.0,41245485.5
144782000.0,38291348.0
115825500.0,86090247.5
92660000.0,91423148.0
92660000.0,64696390.5
74128000.0,74128000.0
74128000.0,72890830.5
104128000.0,67477724.5
83302000.0,83302000.0
83302000.0,83302000.0
113302000.0,113302000.0
143302000.0,84950600.5
173302000.0,89523757.5
138641500.0,86327500.0
110913000.0,105733387.0
110913000.0,89409929.0
108413000.0,68933175.0
86730000.0,86730000.0
86730000.0,86730000.0
116730000.0,93228791.0
146730000.0,62261500.5
117384000.0,98230365.0
117384000.0,98104287.5
114884000.0,52139246.5
91907000.0,91907000.0
91907000.0,84844168.0
121907000.0,35575823.0
97525500.0,73548717.5
78020000.0,42847121.0
62416000.0,62416000.0
62416000.0,62416000.0
92416000.0,92416000.0
122416000.0,85260949.0
152416000.0,115845797.5
121932500.0,104239550.5
121932500.0,119334167.0
121932500.0,81697363.5
97546000.0,97546000.0
97546000.0,97546000.0
127546000.0,117190086.5
157546000.0,116876859.5
126036500.0,126000583.0
126036500.0,70941049.5
156036500.0,108762775.0
124829000.0,78044723.5
99863000.0,69601083.5
79890000.0,79890000.0
79890000.0,79890000.0
109890000.0,54015072.5
139890000.0,35460389.5
111912000.0,92010249.0
111912000.0,55788726.5
89529500.0,60772325.0
71623500.0,71623500.0
71623500.0,71623500.0
101623500.0,19166960.5
131623500.0,52727597.0
105298500.0,63662719.0
84238500.0,36928380.0
67390500.0,67390500.0
67390500.0,67390500.0
97390500.0,97390500.0
127390500.0,84487992.5
157390500.0,47960585.0
125912000.0,83468944.0
100729500.0,100729500.0
100729500.0,96205018.5
130729500.0,130729500.0
130729500.0,59427864.0
160729500.0,123755679.5
128583500.0,102660630.5
102866500.0,102866500.0
102866500.0,91064371.5
132866500.0,96430975.0
106293000.0,106293000.0
106293000.0,106293000.0
136293000.0,105140065.0
166293000.0,124357547.5
133034000.0,101451453.5
106427000.0,87639325.5
106427000.0,74165159.5
85141500.0,85141500.0
85141500.0,85141500.0
115141500.0,108938830.0
145141500.0,107882951.5
116113000.0,98655868.5
116113000.0,85919362.5
92890000.0,77436922.0
92890000.0,91882235.5
92890000.0,81885384.0
122890000.0,112303277.5
122890000.0,80943252.0
98312000.0,85636251.5
98312000.0,82942515.0
95812000.0,87504361.5
95812000.0,87156787.0
95812000.0,95812000.0
95812000.0,95812000.0
125812000.0,124973176.5
155812000.0,108968740.0
185812000.0,95429398.0
148649500.0,108411155.0
118919500.0,77163368.0
95135500.0,75093114.5
76108000.0,66176107.0
76108000.0,76108000.0
76108000.0,76108000.0
106108000.0,82691559.5
136108000.0,93669773.0
108886000.0,91472855.0
108886000.0,108886000.0
108886000.0,59076235.0
138886000.0,55825015.0
111108500.0,57126181.0
88886500.0,45411956.5
71109000.0,42408815.5
56887000.0,54547357.5
56887000.0,34810919.0
45509500.0,45509500.0
45509500.0,45509500.0
75509500.0,37198570.5
105509500.0,50822598.0
84407500.0,48408224.0
67526000.0,67526000.0
67526000.0,67526000.0
97526000.0,67654887.0
127526000.0,76347550.5
102020500.0,47149450.0
81616000.0,54715724.5
65292500.0,56219166.5
65292500.0,31086063.0
52234000.0,52234000.0
52234000.0,52234000.0
82234000.0,61984176.0
112234000.0,29327020.5
89787000.0,59354682.5
71829500.0,39450039.0
57463500.0,57463500.0
57463500.0,51350510.5
57463500.0,57463500.0
57463500.0,57463500.0
87463500.0,42010281.0
117463500.0,57203526.5
93970500.0,73355593.0
75176000.0,75176000.0
75176000.0,75176000.0
105176000.0,78300373.5
135176000.0,26736774.0
108140500.0,50880415.5
86512000.0,31381173.0
69209500.0,40807391.0
55367500.0,32180468.5
44294000.0,44294000.0
44294000.0,44294000.0
74294000.0,59133021.0
104294000.0,33258795.0
83435000.0,34267184.5
66748000.0,66748000.0
66748000.0,66748000.0
96748000.0,72862538.5
126748000.0,80955801.0
101398000.0,75158306.0
81118000.0,81118000.0
81118000.0,81118000.0
111118000.0,61400556.5
141118000.0,67747619.5
112894000.0,57950521.5
90315000.0,54720144.5
72252000.0,72252000.0
72252000.0,71980658.5
102252000.0,74901127.0
81801500.0,81801500.0
81801500.0,71332337.5
111801500.0,90806875.5
111801500.0,72499599.0
89441000.0,49008177.5
71552500.0,49634849.5
57242000.0,53755133.5
57242000.0,57242000.0
57242000.0,54696194.0
87242000.0,63496084.0
69793500.0,54867462.0
55834500.0,55834500.0
55834500.0,55834500.0
85834500.0,85834500.0
115834500.0,115834500.0
145834500.0,134115025.5
175834500.0,91194269.5
140667500.0,74221916.0
112534000.0,61276703.5
90027000.0,36192970.5
72021500.0,64710223.5
72021500.0,65775598.0
72021500.0,72021500.0
72021500.0,72021500.0
102021500.0,52936965.0
132021500.0,54766257.5
105617000.0,23698560.5
84493500.0,22801807.0
67594500.0,45208363.0
54075500.0,54075500.0
54075500.0,51342225.0
84075500.0,41760841.5
67260000.0,59343733.0
67260000.0,27261568.0
53808000.0,28862148.5
43046000.0,43046000.0
43046000.0,43046000.0
73046000.0,47069440.5
103046000.0,58957712.0
82436500.0,60510494.5
65949000.0,65885151.0
65949000.0,49379019.0
52759000.0,52759000.0
52759000.0,52759000.0
82759000.0,33553041.0
112759000.0,62101759.0
90207000.0,70047281.5
72165500.0,72165500.0
72165500.0,72165500.0
102165500.0,81978197.5
132165500.0,51301566.0
105732000.0,59096860.0
84585500.0,81428549.5
84585500.0,62535290.5
67668000.0,64313241.5
67668000.0,58937314.0
67668000.0,65668301.5
67668000.0,67668000.0
67668000.0,38625314.0
97668000.0,28930973.0
78134000.0,50839420.0
62507000.0,56898814.5
62507000.0,52530908.5
62507000.0,62507000.0
62507000.0,62507000.0
92507000.0,92507000.0
122507000.0,113038699.0
152507000.0,91956042.0
122005500.0,78029692.5
97604000.0,67673923.0
78083000.0,37049574.5
62466000.0,62466000.0
62466000.0,62466000.0
92466000.0,54680966.0
122466000.0,69337870.0
97972500.0,82888840.0
97972500.0,95925526.0
97972500.0,83695757.0
95472500.0,95472500.0
95472500.0,95472500.0
125472500.0,57134140.0
155472500.0,109367971.5
124378000.0,84026926.5
99502000.0,82872389.5
99502000.0,99502000.0
99502000.0,99502000.0
129502000.0,111497139.0
159502000.0,85037131.0
127601500.0,55569394.5
102081000.0,102081000.0
102081000.0,102081000.0
132081000.0,132081000.0
162081000.0,104809797.0
192081000.0,107621774.5
153664500.0,79501172.0
122931500.0,87356634.5
98345000.0,96473257.0
98345000.0,83832735.5
98345000.0,95927939.5
98345000.0,98345000.0
98345000.0,75349961.0
128345000.0,100518120.5
102676000.0,98394632.0
102676000.0,101118477.0
102676000.0,102676000.0
102676000.0,93697293.0
132676000.0,65763406.5
106140500.0,92207193.5
106140500.0,102061402.0
106140500.0,32928280.5
84912000.0,84912000.0
84912000.0,84912000.0
114912000.0,18703503.5
144912000.0,37427219.5
115929500.0,71407733.0
92743500.0,59932766.0
74194500.0,74194500.0
74194500.0,71150141.5
104194500.0,75185512.0
83355500.0,83355500.0
83355500.0,81745461.5
113355500.0,87884862.0
90684000.0,84298851.5
90684000.0,90684000.0
90684000.0,79255738.0
120684000.0,120684000.0
120684000.0,89176800.5
150684000.0,110403912.0
120547000.0,109426691.0
120547000.0,120547000.0
120547000.0,87086893.0
150547000.0,44227487.0
120437500.0,51536319.0
96350000.0,56923666.0
77080000.0,76349683.0
77080000.0,77080000.0
107080000.0,107080000.0
137080000.0,92288863.0
167080000.0,115720380.5
133664000.0,133664000.0
133664000.0,133664000.0
163664000.0,79781395.0
193664000.0,106435144.0
154931000.0,133045068.0
154931000.0,103363028.0
123944500.0,110774138.5
123944500.0,27447987.0
99155500.0,41077164.5
79324000.0,79324000.0
79324000.0,79324000.0
109324000.0,109324000.0
139324000.0,70728745.0
169324000.0,57616994.5
135459000.0,87349353.0
108367000.0,72139209.5
86693500.0,86693500.0
86693500.0,86693500.0
116693500.0,116693500.0
146693500.0,107086840.5
176693500.0,65000779.0
141354500.0,106024204.5
113083500.0,113083500.0
113083500.0,113083500.0
143083500.0,143083500.0
173083500.0,121731807.5
203083500.0,105293858.5
162466500.0,113974334.0
129973000.0,101716605.0
103978000.0,76361621.0
83182000.0,51270930.5
66545500.0,66545500.0
66545500.0,66545500.0
96545500.0,90593343.0
126545500.0,55028933.5
101236000.0,45091804.0
80988500.0,79259412.5
80988500.0,80988500.0
80988500.0,80988500.0
110988500.0,93137478.0
140988500.0,69994123.5
112790500.0,109782769.0
112790500.0,91699651.0
112790500.0,110385025.5
110290500.0,76220012.5
88232000.0,63819192.5
70585500.0,70585500.0
70585500.0,70585500.0
100585500.0,53216811.0
130585500.0,75067235.0
104468000.0,104468000.0
104468000.0,100233536.5
134468000.0,96450120.5
107574000.0,85288732.0
86059000.0,86059000.0
86059000.0,77163621.5
116059000.0,62525301.0
92847000.0,92847000.0
92847000.0,92847000.0
122847000.0,98115750.5
152847000.0,89357165.5
122277500.0,111783514.5
122277500.0,120541846.0
122277500.0,115429345.5
122277500.0,84999086.0
97822000.0,87616514.0
97822000.0,97822000.0
97822000.0,89753959.5
127822000.0,82588651.0
102257500.0,94708214.5
102257500.0,93498782.0
102257500.0,102257500.0
102257500.0,102257500.0
132257500.0,93143261.0
162257500.0,91193340.0
129806000.0,129806000.0
129806000.0,129243286.5
159806000.0,120520069.0
127844500.0,80032335.5
102275500.0,58743934.0
81820000.0,69200294.0
81820000.0,81820000.0
81820000.0,81820000.0
111820000.0,111820000.0
141820000.0,128669868.0
171820000.0,100159642.5
137456000.0,109292902.0
109964500.0,92698786.0
109964500.0,105915351.0
109964500.0,21630918.0
87971500.0,53033468.5
70377000.0,62472329.0
70377000.0,53705187.0
56301500.0,56301500.0
56301500.0,56301500.0
86301500.0,82468610.5
116301500.0,73507694.5
93041000.0,89259149.5
93041000.0,81632510.5
93041000.0,53654622.0
74432500.0,54007710.0
59546000.0,1066037.5
47636500.0,31669510.5
38109000.0,38109000.0
38109000.0,38109000.0
68109000.0,25774105.0
98109000.0,98109000.0
98109000.0,98109000.0
128109000.0,107103933.0
158109000.0,75070845.5
126487000.0,72164189.5
101189500.0,86370729.0
101189500.0,85846339.5
98689500.0,81986608.5
98689500.0,55827743.0
78951500.0,45557393.5
63161000.0,62743346.5
63161000.0,63157610.0
63161000.0,48639776.0
50528500.0,50528500.0
50528500.0,50528500.0
80528500.0,80528500.0
110528500.0,59722338.5
140528500.0,97697702.0
112422500.0,56646561.5
89938000.0,89938000.0
89938000.0,89938000.0
119938000.0,88562399.0
149938000.0,96444340.0
119950000.0,84330535.5
95960000.0,81940823.0
95960000.0,76951578.5
93460000.0,79406887.5
93460000.0,78369799.5
90960000.0,74336182.0
90960000.0,54457649.0
72768000.0,72768000.0
72768000.0,72768000.0
102768000.0,97273934.5
132768000.0,60060506.0
106214000.0,70109349.5
84971000.0,58165126.0
67976500.0,67976500.0
67976500.0,67976500.0
97976500.0,57217331.5
127976500.0,64801113.0
102381000.0,89845443.0
102381000.0,102381000.0
102381000.0,101230418.0
132381000.0,63819877.5
105904500.0,95483170.0
105904500.0,53704722.5
84723500.0,84723500.0
84723500.0,64498661.5
114723500.0,59022804.5
91778500.0,62492484.0
73422500.0,73422500.0
73422500.0,73422500.0
103422500.0,78824027.0
133422500.0,82925136.0
106738000.0,83551010.5
85390000.0,80434762.5
85390000.0,85390000.0
85390000.0,85390000.0
115390000.0,85011706.0
145390000.0,67704467.0
116312000.0,41587074.5
93049500.0,57633581.5
74439500.0,32274246.0
59551500.0,28190658.0
47641000.0,47641000.0
47641000.0,47641000.0
77641000.0,73931300.5
107641000.0,83972555.5
86112500.0,86112500.0
86112500.0,86112500.0
116112500.0,110235320.0
146112500.0,95243740.5
116890000.0,67277530.5
93512000.0,59573663.5
74809500.0,59556007.5
59847500.0,59847500.0
59847500.0,59847500.0
89847500.0,61194595.0
119847500.0,30324447.5
95878000.0,45252442.0
76702000.0,62637488.5
76702000.0,69717771.0
76702000.0,62936017.0
74202000.0,74202000.0
74202000.0,74202000.0
104202000.0,60490133.5
134202000.0,70335421.0
107361500.0,65763001.0
85889000.0,43447527.5
68711000.0,49735894.5
54968500.0,44973238.5
54968500.0,42004341.0
43974500.0,521969.5
35179500.0,1046525.5
28143500.0,28143500.0
28143500.0,28143500.0
58143500.0,58143500.0
88143500.0,35406781.5
118143500.0,45282992.0
94514500.0,31960980.0
75611500.0,63164946.0
75611500.0,39634645.0
60489000.0,35730006.0
48391000.0,48391000.0
48391000.0,45606303.0
78391000.0,44639804.5
62712500.0,62712500.0
62712500.0,36332056.5
92712500.0,65218256.5
74170000.0,38833883.5
59336000.0,47659735.0
59336000.0,59336000.0
59336000.0,59336000.0
89336000.0,71078425.5
119336000.0,48136486.0
95468500.0,67441320.5
76374500.0,31076693.0
61099500.0,45525920.5
48879500.0,19221374.5
39103500.0,39103500.0
39103500.0,39103500.0
69103500.0,69103500.0
99103500.0,26260000.0
129103500.0,41767309.5
103282500.0,40722787.5
82626000.0,82626000.0
82626000.0,82626000.0
112626000.0,65133836.0
142626000.0,91099927.5
114100500.0,47779090.0
91280000.0,79862576.5
91280000.0,67437797.0
73024000.0,50948717.5
58419000.0,58419000.0
58419000.0,58419000.0
88419000.0,88419000.0
118419000.0,76658359.5
148419000.0,97557994.5
118735000.0,114500928.5
118735000.0,88423208.5
94988000.0,58042007.0
75990000.0,75990000.0
75990000.0,75990000.0
105990000.0,69051176.0
135990000.0,92887612.5
108792000.0,88774567.0
108792000.0,99883681.5
106292000.0,57737848.0
85033500.0,49027867.0
68026500.0,68026500.0
68026500.0,68026500.0
98026500.0,98026500.0
128026500.0,119618845.5
158026500.0,105762031.5
126421000.0,78929437.5
101136500.0,66028265.5
80909000.0,77723097.5
80909000.0,56139002.0
64727000.0,64727000.0
64727000.0,64727000.0
94727000.0,53430130.5
124727000.0,106283965.0
124727000.0,79248218.5
99781500.0,50901938.5
79825000.0,79825000.0
79825000.0,79825000.0
109825000.0,108579839.5
139825000.0,95483673.0
111860000.0,111280461.0
111860000.0,111860000.0
111860000.0,111860000.0
141860000.0,141860000.0
171860000.0,133659122.5
201860000.0,129222641.5
161488000.0,79293012.5
129190000.0,33375714.0
103352000.0,103352000.0
103352000.0,103352000.0
133352000.0,87690511.5
163352000.0,86695303.5
130681500.0,81976551.0
104545000.0,100696154.0
104545000.0,57839825.0
83636000.0,83636000.0
83636000.0,65293468.5
113636000.0,113636000.0
113636000.0,113636000.0
143636000.0,135946104.0
173636000.0,98766991.5
138908500.0,62612225.0
111126500.0,46734790.0
88901000.0,88901000.0
88901000.0,88901000.0
118901000.0,95250951.0
148901000.0,68262509.0
119120500.0,37048872.5
95296000.0,54957704.5
76236500.0,71241841.0
76236500.0,74320808.5
76236500.0,76236500.0
76236500.0,76236500.0
106236500.0,106236500.0
136236500.0,105040447.5
166236500.0,107103073.0
132989000.0,93298870.0
106391000.0,80254659.0
85112500.0,71976628.5
85112500.0,85112500.0
85112500.0,85112500.0
115112500.0,115112500.0
145112500.0,104827905.0
175112500.0,68663805.5
140090000.0,127368050.5
140090000.0,60828411.5
112072000.0,96242181.0
112072000.0,112072000.0
112072000.0,112072000.0
142072000.0,110204319.5
172072000.0,119599547.5
137657500.0,120317841.5
137657500.0,130244196.0
137657500.0,90910975.0
110126000.0,110126000.0
110126000.0,89025481.0
140126000.0,116629071.5
140126000.0,88373604.0
112100500.0,112100500.0
112100500.0,100740616.5
142100500.0,93237071.0
113680000.0,87762627.5
90944000.0,90944000.0
90944000.0,90944000.0
120944000.0,77982765.0
150944000.0,24524596.0
120755000.0,81810760.0
96604000.0,39948000.5
77283000.0,77283000.0
77283000.0,74947261.5
107283000.0,19408846.0
85826000.0,26316055.0
68660500.0,68660500.0
68660500.0,68660500.0
98660500.0,98660500.0
128660500.0,68494353.0
158660500.0,145769919.0
158660500.0,110973566.5
126928000.0,91861704.0
101542000.0,82026898.5
101542000.0,101542000.0
101542000.0,101542000.0
131542000.0,131542000.0
161542000.0,70029573.5
191542000.0,90697321.0
153233500.0,124472989.5
150733500.0,57836371.0
120586500.0,120586500.0
120586500.0,75493220.5
150586500.0,99919692.5
120469000.0,109766308.0
120469000.0,76465095.5
96375000.0,96375000.0
96375000.0,96375000.0
126375000.0,100980033.5
156375000.0,79582086.5
125100000.0,90435952.0
100080000.0,99512772.0
100080000.0,100080000.0
130080000.0,74788173.0
160080000.0,87394386.5
128064000.0,128064000.0
128064000.0,117058859.5
158064000.0,73161378.5
126451000.0,109873654.5
126451000.0,112907579.5
123951000.0,31919495.0
99160500.0,66907616.0
79328000.0,40273290.5
63462000.0,63462000.0
63462000.0,63462000.0
93462000.0,60100380.5
123462000.0,78146493.5
98769500.0,97444004.5
98769500.0,76584110.5
79015500.0,79015500.0
79015500.0,75216548.0
109015500.0,71402550.5
87212000.0,87212000.0
87212000.0,81577903.0
117212000.0,117212000.0
117212000.0,107614451.5
147212000.0,117783137.0
144712000.0,98922225.5
115769500.0,115769500.0
115769500.0,105259300.0
145769500.0,91055949.5
116615500.0,88445923.5
93292000.0,82419235.5
93292000.0,90447056.5
93292000.0,88059332.0
93292000.0,69721244.0
74633500.0,60898808.5
74633500.0,74633500.0
74633500.0,65359275.0
104633500.0,66517077.5
83706500.0,59225788.5
66965000.0,66965000.0
66965000.0,64637666.5
96965000.0,51523857.0
77572000.0,77572000.0
77572000.0,77572000.0
107572000.0,80708070.5
137572000.0,101821161.5
110057500.0,88305940.5
110057500.0,75509390.0
88046000.0,80356916.5
88046000.0,69765612.5
70436500.0,43531692.5
56349000.0,56349000.0
56349000.0,56349000.0
86349000.0,86349000.0
116349000.0,93332343.5
146349000.0,40912702.0
117079000.0,76760089.0
93663000.0,79976013.0
93663000.0,64291179.5
74930000.0,73401694.0
74930000.0,74930000.0
74930000.0,74930000.0
104930000.0,103720757.5
134930000.0,69353052.0
107944000.0,94806044.5
107944000.0,75044636.0
86355000.0,86355000.0
86355000.0,86355000.0
116355000.0,95435536.0
146355000.0,66657333.5
117084000.0,57389519.0
93667000.0,71793161.0
74933500.0,58692443.5
59946500.0,37153997.0
47957000.0,47957000.0
47957000.0,47957000.0
77957000.0,55920890.5
107957000.0,48508574.0
86365500.0,86365500.0
86365500.0,86365500.0
116365500.0,94268305.5
146365500.0,146365500.0
146365500.0,102893212.0
176365500.0,154064103.0
176365500.0,67405050.5
141092000.0,53701243.5
112873500.0,41815785.5
90298500.0,44201679.5
72238500.0,49805866.5
57790500.0,42802677.5
46232000.0,46232000.0
46232000.0,46232000.0
76232000.0,75689263.5
106232000.0,36790193.0
84985500.0,69995339.5
84985500.0,47866500.5
67988000.0,67988000.0
67988000.0,67988000.0
97988000.0,71192943.5
78390000.0,77076868.5
78390000.0,78390000.0
78390000.0,78390000.0
108390000.0,73153713.5
138390000.0,60438384.0
110712000.0,75798643.5
88569500.0,71063978.5
88569500.0,61391980.5
70855500.0,68026067.0
70855500.0,70652830.5
70855500.0,70855500.0
100855500.0,70866501.0
130855500.0,91860848.5
104684000.0,89253656.5
104684000.0,63836598.0
83747000.0,83747000.0
83747000.0,77325019.0
113747000.0,83010862.5
90997500.0,83818115.0
90997500.0,90997500.0
90997500.0,81807044.5
120997500.0,59054166.0
96798000.0,47148588.0
77438000.0,40840304.0
61950000.0,47386164.0
49560000.0,48153640.5
49560000.0,49560000.0
49560000.0,49560000.0
79560000.0,60496640.5
109560000.0,108477413.5
109560000.0,63083450.5
87648000.0,49872814.0
70118000.0,70118000.0
70118000.0,54160640.0
100118000.0,34606307.5
80094000.0,58282421.5
64075000.0,59948245.0
64075000.0,62012351.5
64075000.0,64075000.0
64075000.0,64075000.0
94075000.0,94075000.0
124075000.0,84313011.0
154075000.0,82589073.0
123260000.0,75589646.0
98608000.0,77305752.5
78886000.0,60150717.5
63108500.0,63108500.0
63108500.0,63108500.0
93108500.0,81363240.5
123108500.0,56770215.0
98486500.0,68551991.0
78789000.0,78789000.0
78789000.0,78789000.0
108789000.0,77786637.0
138789000.0,91908999.5
111031000.0,82068910.5
88824500.0,65502648.5
71059500.0,71059500.0
71059500.0,71059500.0
101059500.0,33668601.5
131059500.0,33685299.5
104847500.0,50245020.0
83878000.0,83878000.0
83878000.0,61809044.5
113878000.0,80555570.5
91102000.0,91102000.0
91102000.0,85512124.5
121102000.0,91019787.5
96881500.0,61613029.0
77505000.0,77505000.0
77505000.0,77505000.0
107505000.0,104575430.0
137505000.0,92300095.0
110004000.0,100647345.5
110004000.0,110004000.0
110004000.0,110004000.0
140004000.0,99872251.0
170004000.0,89158575.5
136003000.0,105632901.5
108802000.0,108802000.0
108802000.0,108802000.0
138802000.0,94248722.5
168802000.0,70970892.0
135041500.0,116792202.0
135041500.0,105173629.5
108033000.0,67892574.0
86426000.0,86426000.0
86426000.0,86426000.0
116426000.0,113215923.5
146426000.0,121340473.5
143926000.0,90403384.5
115140500.0,77426012.5
92112000.0,92112000.0
92112000.0,92112000.0
122112000.0,64015486.0
152112000.0,120789368.0
121689500.0,93023202.0
97351500.0,53606687.0
77881000.0,50806079.5
62304500.0,62304500.0
62304500.0,62304500.0
92304500.0,92304500.0
122304500.0,80082319.5
152304500.0,42679447.5
121843500.0,111336590.0
121843500.0,71249918.0
97474500.0,65123259.0
77979500.0,77979500.0
77979500.0,77979500.0
107979500.0,90945876.5
137979500.0,93264462.0
110383500.0,62382399.0
88306500.0,71637756.5
88306500.0,88306500.0
88306500.0,88306500.0
118306500.0,118306500.0
148306500.0,99672473.0
178306500.0,83711970.0
142645000.0,128173888.0
142645000.0,83020912.5
114116000.0,88063545.5
91292500.0,91292500.0
91292500.0,63748745.0
121292500.0,109115890.5
121292500.0,24855267.5
97034000.0,97034000.0
97034000.0,97034000.0
127034000.0,111379425.0
157034000.0,81331463.5
125627000.0,125627000.0
125627000.0,125627000.0
155627000.0,46509373.5
185627000.0,97038764.5
148501500.0,86597226.5
118801000.0,90839334.5
95040500.0,95040500.0
95040500.0,95040500.0
125040500.0,105227261.5
155040500.0,22823342.5
124032000.0,124032000.0
124032000.0,68589414.0
154032000.0,47916249.5
123225500.0,61253648.0
98580000.0,88217017.5
98580000.0,73506805.0
78864000.0,78864000.0
78864000.0,78864000.0
108864000.0,99422414.5
138864000.0,53210658.0
111091000.0,108121768.5
111091000.0,43794173.5
88872500.0,1040582.5
71098000.0,66370549.5
71098000.0,71098000.0
71098000.0,71098000.0
101098000.0,55398813.5
131098000.0,29773693.5
104878000.0,47811000.0
83902000.0,60283858.5
67121500.0,62079262.0
67121500.0,67121500.0
67121500.0,67121500.0
97121500.0,97121500.0
127121500.0,118226852.5
157121500.0,80706231.5
125697000.0,86818653.0
100557500.0,97859233.0
100557500.0,100557500.0
100557500.0,83674328.0
130557500.0,115768697.0
130557500.0,113194055.5
128057500.0,102771951.5
125557500.0,121867166.0
125557500.0,66396187.5
100446000.0,43773760.0
80356500.0,80356500.0
80356500.0,80356500.0
110356500.0,110356500.0
110356500.0,76098092.5
140356500.0,132019695.5
140356500.0,73333751.0
112285000.0,112285000.0
112285000.0,112285000.0
142285000.0,97139907.5
172285000.0,118765799.0
137828000.0,118686927.5
137828000.0,97783869.0
110262000.0,110262000.0
110262000.0,105115549.0
140262000.0,68238879.0
112209500.0,89257745.5
89767500.0,89767500.0
89767500.0,89767500.0
119767500.0,119767500.0
149767500.0,144940806.0
179767500.0,108569267.0
143814000.0,128968904.5
143814000.0,96645254.0
115051000.0,94044573.5
115051000.0,105427014.0
112551000.0,82320538.5
90040500.0,90040500.0
90040500.0,90040500.0
120040500.0,109521045.5
150040500.0,101303712.0
120032000.0,66385395.0
96025500.0,96025500.0
96025500.0,96025500.0
126025500.0,101763255.0
156025500.0,156025500.0
156025500.0,115953438.5
186025500.0,104060956.5
148820000.0,129295716.0
148820000.0,55914626.0
119056000.0,76855060.5
95244500.0,95244500.0
95244500.0,95244500.0
125244500.0,123368720.0
155244500.0,114596980.5
124195500.0,97222161.5
99356000.0,99356000.0
99356000.0,99356000.0
129356000.0,94248554.0
159356000.0,100840658.0
127484500.0,65014480.0
101987500.0,75797384.0
81590000.0,81590000.0
81590000.0,81590000.0
111590000.0,111590000.0
141590000.0,130230029.0
171590000.0,83897352.0
137272000.0,55396881.5
109817500.0,63323166.0
87854000.0,27331894.5
70283000.0,35033075.5
56226000.0,56226000.0
56226000.0,56226000.0
86226000.0,72050946.5
116226000.0,13434126.5
92980500.0,92785477.0
92980500.0,66913318.0
74384000.0,74384000.0
74384000.0,62497066.5
104384000.0,29214805.5
83507000.0,83507000.0
83507000.0,54549286.5
113507000.0,69691328.5
90805500.0,37843970.0
72644000.0,34921235.0
58115000.0,50673693.5
58115000.0,58115000.0
58115000.0,58115000.0
88115000.0,72795566.0
118115000.0,71355720.5
94492000.0,94492000.0
94492000.0,94492000.0
124492000.0,86770163.0
154492000.0,94456953.0
123593500.0,105434784.5
123593500.0,51100050.0
98874500.0,98874500.0
98874500.0,89391066.5
128874500.0,61911064.5
103099500.0,69821509.5
82479500.0,71253110.5
82479500.0,72806972.5
82479500.0,70760308.0
79979500.0,79979500.0
79979500.0,53213020.5
109979500.0,50711108.0
87983500.0,87983500.0
87983500.0,81040206.0
117983500.0,84276305.0
94386500.0,47597956.5
75509000.0,75509000.0
75509000.0,75509000.0
105509000.0,63692061.5
135509000.0,67033559.0
108407000.0,81377027.5
86725500.0,86725500.0
86725500.0,59096026.0
116725500.0,83547219.0
93380000.0,93380000.0
93380000.0,45949511.0
123380000.0,49599454.5
98704000.0,98704000.0
98704000.0,20439289.0
128704000.0,60606986.0
102963000.0,53686607.5
82370000.0,64534453.0
65896000.0,65896000.0
65896000.0,65896000.0
95896000.0,80024341.5
125896000.0,64779907.0
100716500.0,50776680.0
80573000.0,57893229.0
64458000.0,64458000.0
64458000.0,44993711.5
94458000.0,49876020.0
75566000.0,75566000.0
75566000.0,75566000.0
105566000.0,91771250.5
135566000.0,77990014.5
108452500.0,52372194.0
86762000.0,86762000.0
86762000.0,86762000.0
116762000.0,116762000.0
146762000.0,96445081.0
176762000.0,51605020.5
141409500.0,73208498.0
113127500.0,85224840.5
90502000.0,58761434.5
72401500.0,55280249.0
57921000.0,57921000.0
57921000.0,28424298.5
87921000.0,53464578.0
70336500.0,59563228.0
70336500.0,55201502.0
56269000.0,56269000.0
56269000.0,50955411.0
56269000.0,52983656.0
56269000.0,56269000.0
56269000.0,56269000.0
86269000.0,52545008.5
116269000.0,28919384.5
93015000.0,82139196.5
93015000.0,85865884.0
93015000.0,51409632.5
74412000.0,523470.0
59529500.0,35383741.5
47623500.0,525016.0
38098500.0,514977.5
30478500.0,2760929.5
24382500.0,523792.0
19506000.0,519882.0
15604500.0,513767.0
15000000.0,1601704.5
15000000.0,1712310.5
15000000.0,518869.5
15000000.0,1057946.5
15000000.0,1056750.5
15000000.0,526007.0
15000000.0,1037101.0
15000000.0,1130128.0
15000000.0,520966.5
15000000.0,521755.5
15000000.0,1104397.0
15000000.0,1667848.0
15000000.0,519421.0
15000000.0,516654.5
15000000.0,1043407.0
15000000.0,514308.5
15000000.0,1042776.0
15000000.0,1042098.5
15000000.0,15000000.0
15000000.0,13905417.5
45000000.0,45000000.0
75000000.0,6089545.0
105000000.0,521282.5
84000000.0,518311.5
67200000.0,521696.5
53760000.0,514563.0
43008000.0,1052467.0
34406000.0,1056631.0
27524500.0,513778.0
22019500.0,517796.5
17615500.0,1100215.0
15000000.0,5546056.0
15000000.0,519799.5
15000000.0,517791.5
15000000.0,1040651.0
15000000.0,521487.0
15000000.0,1597442.0
15000000.0,1543970.0
15000000.0,516708.0
15000000.0,517398.0
15000000.0,1098262.0
15000000.0,1732904.0
15000000.0,524585.5
15000000.0,15000000.0
15000000.0,15000000.0
45000000.0,2462466.0
75000000.0,1600857.0
60000000.0,1051063.0
48000000.0,517383.0
38400000.0,525238.0
30720000.0,1627075.0
24576000.0,1683058.0
19660500.0,521325.0
15728000.0,1086125.0
15000000.0,522118.0
15000000.0,524143.5
15000000.0,1596857.0
15000000.0,1636685.5
15000000.0,522450.5
15000000.0,518743.0
15000000.0,1623312.0
15000000.0,1687406.5
15000000.0,523064.5
15000000.0,524599.5
15000000.0,1086882.5
15000000.0,521827.5
15000000.0,1586532.0
15000000.0,1043936.5
15000000.0,15000000.0
15000000.0,5540635.5
45000000.0,1626246.0
36000000.0,2305827.0
28800000.0,521741.0
23040000.0,526633.5
18432000.0,520085.0
15000000.0,528313.0
15000000.0,1586011.0
15000000.0,1608769.5
15000000.0,540721.5
15000000.0,519386.5
15000000.0,1635844.5
15000000.0,1692323.0
15000000.0,520220.5
15000000.0,527282.0
15000000.0,1055921.0
15000000.0,528170.0
15000000.0,1595829.5
15000000.0,1054780.0
15000000.0,525491.5
15000000.0,513899.0
15000000.0,1083674.0
15000000.0,2411731.0
15000000.0,1069383.0
15000000.0,15000000.0
15000000.0,8053683.0
45000000.0,522640.0
36000000.0,1593859.0
28800000.0,1050622.0
23040000.0,524753.5
18432000.0,514496.0
15000000.0,1648640.5
15000000.0,3589434.0
15000000.0,523436.0
15000000.0,526222.5
15000000.0,1035240.5
15000000.0,522261.5
15000000.0,1585841.5
15000000.0,1077255.5
15000000.0,528246.5
15000000.0,513985.5
15000000.0,15000000.0
15000000.0,15000000.0
45000000.0,519728.0
75000000.0,523291.0
60000000.0,520494.5
48000000.0,522500.5
38400000.0,1586905.0
30720000.0,1045324.5
24576000.0,24576000.0
24576000.0,13076578.5
54576000.0,1616333.0
43660500.0,517723.5
34928000.0,523402.5
27942000.0,525942.5
22353500.0,1046030.0
17882500.0,514386.5
15000000.0,1591524.0
15000000.0,1049875.0
15000000.0,519546.0
15000000.0,521588.5
15000000.0,2162832.0
15000000.0,2916115.0
15000000.0,1048667.5
15000000.0,526463.0
15000000.0,1047913.5
15000000.0,519429.5
15000000.0,1589081.0
15000000.0,1046096.5
15000000.0,522381.5
15000000.0,516335.0
15000000.0,1595075.5
15000000.0,1137200.0
15000000.0,1043155.5
15000000.0,15000000.0
15000000.0,15000000.0
45000000.0,525305.0
75000000.0,1601500.0
60000000.0,1046327.5
48000000.0,516630.5
38400000.0,518232.5
30720000.0,2132173.5
24576000.0,1154975.0
19660500.0,1551757.5
15728000.0,1092386.5
15000000.0,1043397.0
15000000.0,526765.5
15000000.0,1601485.0
15000000.0,1635810.0
15000000.0,513932.5
15000000.0,517710.0
15000000.0,1616133.0
15000000.0,1139929.0
15000000.0,1038859.0
15000000.0,520009.5
15000000.0,1575698.0
15000000.0,522663.0
15000000.0,1595110.0
15000000.0,1047536.0
15000000.0,15000000.0
15000000.0,15000000.0
45000000.0,14844123.0
75000000.0,1177731.5
60000000.0,1702734.5
48000000.0,515655.0
38400000.0,1045509.5
30720000.0,524939.5
24576000.0,1609447.5
19660500.0,1050371.5
15728000.0,1084259.0
15000000.0,515378.5
15000000.0,2184985.5
15000000.0,1144206.0
15000000.0,1722236.0
15000000.0,521265.5
15000000.0,1044136.5
15000000.0,523454.5
15000000.0,1595264.5
15000000.0,1051442.5
15000000.0,525827.5
15000000.0,514580.5
15000000.0,2149978.5
15000000.0,1138508.5
15000000.0,6386408.5
15000000.0,14291838.0
15000000.0,1036385.5
15000000.0,525878.0
15000000.0,1595802.5
15000000.0,1126789.0
15000000.0,518030.0
15000000.0,514223.0
15000000.0,6738036.0
15000000.0,1155527.5
15000000.0,1144568.0
15000000.0,1147136.0
15000000.0,1078607.0
15000000.0,520197.5
15000000.0,1594664.5
15000000.0,1718617.5
15000000.0,514036.0
15000000.0,514388.5
15000000.0,1655375.0
15000000.0,1134413.5
15000000.0,1065036.5
15000000.0,517737.0
15000000.0,1596085.0
15000000.0,521450.5
15000000.0,1600179.0
15000000.0,1053777.0
15000000.0,15000000.0
15000000.0,7183806.0
45000000.0,1601881.5
36000000.0,1149181.0
28800000.0,1044590.5
23040000.0,519645.0
18432000.0,1050727.5
15000000.0,525992.5
15000000.0,1597610.0
15000000.0,1043660.0
15000000.0,517172.0
15000000.0,514374.0
15000000.0,2150742.5
15000000.0,3499453.5
15000000.0,1052277.5
15000000.0,527840.5
15000000.0,1054995.0
15000000.0,527523.5
15000000.0,1590802.5
15000000.0,1055583.0
15000000.0,522501.5
15000000.0,514088.5
15000000.0,1622386.0
15000000.0,1141205.5
15000000.0,1055949.0
15000000.0,15000000.0
15000000.0,13694367.5
45000000.0,546564.0
36000000.0,1598858.0
28800000.0,1062593.0
23040000.0,525970.5
18432000.0,519703.5
15000000.0,1591964.5
15000000.0,1171639.5
15000000.0,1613789.0
15000000.0,1090458.0
15000000.0,1040361.0
15000000.0,522087.0
15000000.0,1602814.5
15000000.0,1664791.0
15000000.0,524918.5
15000000.0,517706.5
15000000.0,1574804.5
15000000.0,1146244.5
15000000.0,1054906.5
15000000.0,514118.5
15000000.0,1049101.0
15000000.0,525849.0
15000000.0,1596657.5
15000000.0,1047773.0
15000000.0,15000000.0
15000000.0,15000000.0
45000000.0,45000000.0
75000000.0,49016640.5
105000000.0,69657206.5
84000000.0,15854713.5
67200000.0,1048350.5
53760000.0,521643.5
43008000.0,1625335.0
34406000.0,1066966.5
27524500.0,1080143.5
22019500.0,513269.5
17615500.0,2149114.5
15000000.0,525379.5
15000000.0,2334784.5
15000000.0,519114.5
15000000.0,1047915.5
15000000.0,514688.5
15000000.0,1574763.5
15000000.0,1052149.5
15000000.0,521754.5
15000000.0,518858.0
15000000.0,1629579.5
15000000.0,528678.5
15000000.0,1703422.5
15000000.0,9501804.0
15000000.0,1044913.0
15000000.0,519939.0
15000000.0,1591056.5
15000000.0,1043586.5
15000000.0,521547.0
15000000.0,523026.0
15000000.0,1616415.5
15000000.0,516420.0
15000000.0,2236850.5
15000000.0,1071135.5
15000000.0,1041760.0
15000000.0,515463.5
15000000.0,1598580.5
15000000.0,1663866.0
15000000.0,517906.5
15000000.0,517743.5
15000000.0,1095486.5
15000000.0,519217.0
15000000.0,1666067.5
15000000.0,519497.0
15000000.0,1041793.0
15000000.0,517875.5
15000000.0,1586072.5
15000000.0,1046589.0
15000000.0,15000000.0
15000000.0,567346.5
45000000.0,1632248.5
36000000.0,520318.0
28800000.0,1686454.5
23040000.0,525643.0
18432000.0,1044267.5
15000000.0,1051638.5
15000000.0,1599814.5
15000000.0,1048055.0
15000000.0,1087748.0
15000000.0,1065568.5
15000000.0,2192141.5
15000000.0,4265728.0
15000000.0,1058190.5
15000000.0,526355.5
15000000.0,1051465.0
15000000.0,525448.5
15000000.0,2137541.5
15000000.0,1061340.5
15000000.0,515845.0
15000000.0,513861.0
15000000.0,1613932.5
15000000.0,1141174.0
15000000.0,1059339.0
15000000.0,14766505.5
15000000.0,3495080.0
45000000.0,517498.5
36000000.0,1592782.0
28800000.0,1058623.0
23040000.0,526253.5
18432000.0,521154.0
15000000.0,2173986.0
15000000.0,1151487.0
15000000.0,1054213.0
15000000.0,1076856.5
15000000.0,1040100.5
15000000.0,524414.5
15000000.0,1597739.5
15000000.0,1641570.5
15000000.0,523326.5
15000000.0,517935.0
15000000.0,1620256.0
15000000.0,1137604.0
15000000.0,1063172.5
15000000.0,518731.0
15000000.0,1045000.5
15000000.0,537330.0
15000000.0,1586389.5
15000000.0,1056829.0
15000000.0,15000000.0
15000000.0,15000000.0
45000000.0,3410166.5
75000000.0,1150568.5
60000000.0,1062595.5
48000000.0,521360.5
38400000.0,1048777.5
30720000.0,525194.0
24576000.0,1589840.0
19660500.0,1072676.5
15728000.0,518068.0
15000000.0,514906.5
15000000.0,2168632.0
15000000.0,1148598.5
15000000.0,1053366.5
15000000.0,524250.5
15000000.0,1046904.5
15000000.0,525277.5
15000000.0,1599417.5
15000000.0,1052887.0
15000000.0,525396.5
15000000.0,518594.0
15000000.0,1668391.0
15000000.0,1143274.0
15000000.0,1078091.0
15000000.0,15000000.0
15000000.0,4704469.5
45000000.0,544007.0
36000000.0,1599155.5
28800000.0,1056088.5
23040000.0,523701.0
18432000.0,517722.5
15000000.0,1619809.5
15000000.0,1163176.5
15000000.0,1055374.0
15000000.0,1099292.0
15000000.0,1041141.0
15000000.0,545114.0
15000000.0,1593942.0
15000000.0,1636134.0
15000000.0,520279.0
15000000.0,516556.5
15000000.0,1593035.0
15000000.0,1139320.0
15000000.0,1572490.5
15000000.0,524795.5
15000000.0,1047985.0
15000000.0,533804.0
15000000.0,1603086.5
15000000.0,1069517.5
15000000.0,15000000.0
15000000.0,15000000.0
45000000.0,44886817.0
75000000.0,1161779.0
60000000.0,1048812.0
48000000.0,541365.0
38400000.0,1051729.0
30720000.0,521389.0
24576000.0,1599532.5
19660500.0,1058817.5
15728000.0,1098816.5
15000000.0,1031077.0
15000000.0,2731705.0
15000000.0,4393440.0
15000000.0,1050313.0
15000000.0,526853.5
15000000.0,1050848.0
15000000.0,525081.0
15000000.0,1598236.5
15000000.0,1050364.0
15000000.0,521517.0
15000000.0,518199.5
15000000.0,1621914.5
15000000.0,1143951.5
15000000.0,1052155.5
15000000.0,15000000.0
15000000.0,4223682.5
45000000.0,522101.5
36000000.0,1626395.0
28800000.0,1075158.5
23040000.0,525207.5
18432000.0,518080.5
15000000.0,1622866.5
15000000.0,1155301.5
15000000.0,1054744.0
15000000.0,1091124.0
15000000.0,1037425.5
15000000.0,521681.0
15000000.0,1590802.0
15000000.0,1654591.5
15000000.0,520544.5
15000000.0,519356.5
15000000.0,1620524.5
15000000.0,1140498.0
15000000.0,1050378.0
15000000.0,524438.5
15000000.0,1041816.5
15000000.0,525435.0
15000000.0,1596737.0
15000000.0,1065666.0
15000000.0,15000000.0
15000000.0,15000000.0
45000000.0,2954564.5
75000000.0,1145722.5
60000000.0,3273252.0
48000000.0,525630.0
38400000.0,536944.5
