357519360.0	547356672.0
357519360.0	547356672.0
357519360.0	547356672.0
357519360.0	547356672.0
357519360.0	547356672.0
357519360.0	547356672.0
357519360.0	547356672.0
357519360.0	547356672.0
357519360.0	547356672.0
357519360.0	547356672.0
357519360.0	547356672.0
357519360.0	547356672.0
357519360.0	547356672.0
357519360.0	547356672.0
357519360.0	547356672.0
357519360.0	547356672.0
357519360.0	547356672.0
357519360.0	547356672.0
357519360.0	547356672.0
357519360.0	547356672.0
357519360.0	547356672.0
357519360.0	547356672.0
357519360.0	547356672.0
357519360.0	547356672.0
357519360.0	547356672.0
357519360.0	547356672.0
357519360.0	547356672.0
357519360.0	547356672.0
357519360.0	547356672.0
357519360.0	547356672.0
357519360.0	547356672.0
357519360.0	547356672.0
357519360.0	547356672.0
357519360.0	547356672.0
357519360.0	547356672.0
357519360.0	547356672.0
357519360.0	547356672.0
357527552.0	547356672.0
357527552.0	547356672.0
357527552.0	547356672.0
357527552.0	547356672.0
357527552.0	547356672.0
357527552.0	547356672.0
357527552.0	547356672.0
357527552.0	547356672.0
357527552.0	547356672.0
357527552.0	547356672.0
357527552.0	547356672.0
357527552.0	547356672.0
357527552.0	547356672.0
357527552.0	547356672.0
357527552.0	547356672.0
357527552.0	547356672.0
357527552.0	547356672.0
357527552.0	547356672.0
357527552.0	547356672.0
357527552.0	547356672.0
357527552.0	547356672.0
357527552.0	547356672.0
357527552.0	547356672.0
357527552.0	547356672.0
357527552.0	547356672.0
357527552.0	547356672.0
357527552.0	547356672.0
357527552.0	547356672.0
357527552.0	547356672.0
357527552.0	547356672.0
357527552.0	547356672.0
357527552.0	547356672.0
357527552.0	547356672.0
357527552.0	547356672.0
357527552.0	547356672.0
357527552.0	547356672.0
357527552.0	547356672.0
357527552.0	547356672.0
357527552.0	547356672.0
357527552.0	547356672.0
357527552.0	547356672.0
357527552.0	547356672.0
357531648.0	547356672.0
357568512.0	547356672.0
357568512.0	547356672.0
357568512.0	547356672.0
357568512.0	547356672.0
357568512.0	547356672.0
357568512.0	547356672.0
357568512.0	547356672.0
357568512.0	547356672.0
357568512.0	547356672.0
357568512.0	547356672.0
357568512.0	547356672.0
357568512.0	547356672.0
357568512.0	547356672.0
357568512.0	547356672.0
357568512.0	547356672.0
357568512.0	547356672.0
357568512.0	547356672.0
357568512.0	547356672.0
357568512.0	547356672.0
357568512.0	547356672.0
357568512.0	547356672.0
357568512.0	547356672.0
357568512.0	547356672.0
357568512.0	547356672.0
357568512.0	547356672.0
357568512.0	547356672.0
357568512.0	547356672.0
357568512.0	547356672.0
357568512.0	547356672.0
357568512.0	547356672.0
357568512.0	547356672.0
357568512.0	547356672.0
357568512.0	547356672.0
357568512.0	547356672.0
357568512.0	547356672.0
357568512.0	547356672.0
357568512.0	547356672.0
357568512.0	547356672.0
357568512.0	547356672.0
357568512.0	547356672.0
357568512.0	547356672.0
357568512.0	547356672.0
357568512.0	547356672.0
357568512.0	547356672.0
357568512.0	547356672.0
357568512.0	547356672.0
357568512.0	547356672.0
357568512.0	547356672.0
357568512.0	547356672.0
357568512.0	547356672.0
357568512.0	547356672.0
357568512.0	547356672.0
357568512.0	547356672.0
357568512.0	547356672.0
357568512.0	547356672.0
357568512.0	547356672.0
357568512.0	547356672.0
357568512.0	547356672.0
357568512.0	547356672.0
357568512.0	547356672.0
357568512.0	547356672.0
357568512.0	547356672.0
357568512.0	547356672.0
357568512.0	547356672.0
357568512.0	547356672.0
357568512.0	547356672.0
357568512.0	547356672.0
357568512.0	547356672.0
357568512.0	547356672.0
357572608.0	547356672.0
357572608.0	547356672.0
357572608.0	547356672.0
357572608.0	547356672.0
357572608.0	547356672.0
357572608.0	547356672.0
357572608.0	547356672.0
357572608.0	547356672.0
357572608.0	547356672.0
357572608.0	547356672.0
357572608.0	547356672.0
357572608.0	547356672.0
357593088.0	547356672.0
357593088.0	547356672.0
357593088.0	547356672.0
357593088.0	547356672.0
357593088.0	547356672.0
357593088.0	547356672.0
357593088.0	547356672.0
357593088.0	547356672.0
357593088.0	547356672.0
357593088.0	547356672.0
357593088.0	547356672.0
357593088.0	547356672.0
357593088.0	547356672.0
357593088.0	547356672.0
357593088.0	547356672.0
357593088.0	547356672.0
357593088.0	547356672.0
357593088.0	547356672.0
357593088.0	547356672.0
