981049344	981053440
1038471168	1042493440
1023094784	1042493440
916475904	1042493440
934842368	1042493440
971681792	1042493440
972357632	1042493440
972472320	1042493440
972550144	1042493440
972681216	1042493440
980938752	1042493440
992206848	1042493440
998010880	1042493440
1000402944	1042493440
1015328768	1042493440
1025921024	1042493440
928661504	1042493440
928661504	1042493440
928661504	1042493440
928661504	1042493440
928661504	1042493440
928661504	1042493440
928661504	1042493440
928661504	1042493440
928661504	1042493440
928661504	1042493440
928653312	1042493440
928653312	1042493440
928653312	1042493440
928653312	1042493440
928653312	981082112
928653312	981082112
928653312	981082112
928653312	981082112
928653312	981082112
928653312	981082112
928653312	981082112
928653312	981082112
928653312	981082112
928653312	981082112
928653312	981082112
928653312	981082112
928653312	981082112
928653312	981082112
928653312	981082112
928653312	981082112
928653312	981082112
928653312	981082112
928653312	981082112
928653312	981082112
928653312	981082112
928653312	981082112
928653312	981082112
928653312	981082112
928653312	981082112
928653312	981082112
928653312	981082112
928653312	981082112
928653312	981082112
928653312	981082112
928653312	981082112
928653312	981082112
928653312	981082112
928653312	981082112
947511296	981082112
979607552	981082112
979697664	981082112
979783680	981082112
979783680	981082112
979914752	981082112
980770816	981082112
992604160	1001562112
992587776	1001562112
999981056	1001562112
1071419392	1083482112
1052635136	1083482112
976605184	1083482112
976605184	1083482112
976605184	1083482112
976605184	1083482112
976605184	1083482112
976605184	1083482112
976605184	1083482112
976605184	1083482112
976605184	1083482112
976605184	1029033984
976605184	1029033984
976605184	1029033984
976605184	1029033984
976605184	1029033984
976605184	1029033984
976605184	1029033984
976605184	1029033984
976605184	1029033984
976605184	1029033984
976605184	1029033984
976605184	1029033984
976605184	1029033984
976605184	1029033984
976605184	1029033984
976605184	1029033984
976605184	1029033984
976605184	1029033984
976605184	1029033984
976605184	1029033984
976605184	1029033984
976605184	1029033984
976605184	1029033984
976605184	1029033984
976605184	1029033984
976605184	1029033984
976605184	1029033984
976605184	1029033984
976605184	1029033984
976605184	1029033984
976605184	1029033984
976605184	1029033984
976605184	1029033984
976605184	1029033984
976605184	1029033984
976605184	1029033984
976605184	1029033984
976605184	1029033984
988536832	1029033984
1014427648	1029033984
1030295552	1049513984
1031626752	1049513984
1032179712	1049513984
1032392704	1049513984
1032474624	1049513984
1032609792	1049513984
1033621504	1049513984
1049489408	1049513984
1053999104	1069993984
1100918784	1110953984
1082355712	1110953984
1006891008	1110953984
1006891008	1110953984
1006891008	1110953984
1006891008	1110953984
1006891008	1110953984
1006891008	1059319808
1006891008	1059319808
1006891008	1059319808
1006891008	1059319808
1006891008	1059319808
1006891008	1059319808
1006891008	1059319808
1006891008	1059319808
1006891008	1059319808
1006891008	1059319808
1006891008	1059319808
1006891008	1059319808
1006891008	1059319808
1006891008	1059319808
1006891008	1059319808
1006891008	1059319808
1006891008	1059319808
1006891008	1059319808
1006891008	1059319808
1006891008	1059319808
1006891008	1059319808
1006891008	1059319808
1006891008	1059319808
1006891008	1059319808
1006891008	1059319808
1006891008	1059319808
1006891008	1059319808
1006891008	1059319808
1006891008	1059319808
1006891008	1059319808
1006891008	1059319808
1006891008	1059319808
1006891008	1059319808
1006891008	1059319808
1006891008	1059319808
1006891008	1059319808
1006891008	1059319808
1006891008	1059319808
1006891008	1059319808
1006891008	1059319808
1006891008	1059319808
1021501440	1059319808
1056473088	1059319808
1059946496	1079799808
1061269504	1079799808
1061908480	1079799808
1061941248	1079799808
1062129664	1079799808
1062260736	1079799808
1063170048	1079799808
1069744128	1079799808
1079689216	1079799808
1083760640	1100279808
1093447680	1100279808
1113006080	1141239808
1036374016	1141239808
1036374016	1141239808
1036374016	1141239808
1036374016	1141239808
1036374016	1141239808
1036374016	1141239808
1036374016	1141239808
1036374016	1141239808
1036374016	1141239808
1036374016	1141239808
1036374016	1141239808
1036374016	1141239808
1036374016	1141239808
1036374016	1141239808
1036374016	1141239808
1036374016	1141239808
1036374016	1141239808
1036374016	1141239808
1036374016	1141239808
1036374016	1141239808
1036374016	1141239808
1036374016	1141239808
1036374016	1141239808
1036374016	1141239808
1036374016	1141239808
1036374016	1141239808
1036374016	1141239808
1036374016	1141239808
1036374016	1141239808
1036374016	1088802816
1036374016	1088802816
1036374016	1088802816
1036374016	1088802816
1036374016	1088802816
1036374016	1088802816
1036374016	1088802816
1036374016	1088802816
1036374016	1088802816
1036374016	1088802816
1036374016	1088802816
1036374016	1088802816
1036374016	1088802816
1036374016	1088802816
1036374016	1088802816
1036374016	1088802816
1036374016	1088802816
1051779072	1088802816
1089953792	1109282816
1091366912	1109282816
1091907584	1109282816
1092120576	1109282816
1092227072	1109282816
1092313088	1109282816
1093885952	1109282816
1109213184	1109282816
1111080960	1129762816
1122197504	1129762816
1142169600	1170722816
1066631168	1170722816
1066631168	1170722816
1066631168	1170722816
1066631168	1170722816
1066631168	1170722816
1066631168	1170722816
1066631168	1170722816
1066631168	1170722816
1066631168	1170722816
1066631168	1170722816
1066631168	1170722816
1066631168	1170722816
1066631168	1170722816
1066631168	1170722816
1066631168	1170722816
1066631168	1170722816
1066631168	1170722816
1066631168	1170722816
1066631168	1170722816
1066631168	1170722816
1066631168	1170722816
1066631168	1170722816
1066631168	1170722816
1066631168	1170722816
1066631168	1170722816
1066631168	1170722816
1066631168	1170722816
1066631168	1119059968
1066631168	1119059968
1066631168	1119059968
1066631168	1119059968
1066631168	1119059968
1066631168	1119059968
1066631168	1119059968
1066631168	1119059968
1066631168	1119059968
1066631168	1119059968
1066631168	1119059968
1066631168	1119059968
1066631168	1119059968
1066631168	1119059968
1066631168	1119059968
1066631168	1119059968
1066631168	1119059968
1066631168	1119059968
1066631168	1119059968
