1288392704	1293295616
1289265152	1293295616
1184526336	1293295616
1219911680	1293295616
1221267456	1293295616
1222045696	1293295616
1222168576	1293295616
1224417280	1293295616
1235619840	1293295616
1247424512	1293295616
1248002048	1293295616
1261625344	1293295616
1273401344	1293295616
1316655104	1334255616
1321541632	1334255616
1202032640	1334255616
1240178688	1334255616
1258156032	1334255616
1285500928	1334255616
1297592320	1334255616
1309466624	1334255616
1220837376	1334255616
1285660672	1334255616
1299447808	1334255616
1291628544	1334255616
1244434432	1334255616
1286213632	1288646656
1306062848	1309126656
1361539072	1370566656
1265852416	1370566656
1265782784	1370566656
1265782784	1370566656
1265782784	1370566656
1265782784	1370566656
1265782784	1370566656
1265782784	1370566656
1265782784	1370566656
1265782784	1370566656
1265782784	1370566656
1265782784	1370566656
1265782784	1370566656
1265782784	1370566656
1265782784	1370566656
1265782784	1370566656
1265782784	1370566656
1265782784	1370566656
1265782784	1370566656
1265782784	1370566656
1265782784	1370566656
1265782784	1370566656
1265782784	1370566656
1265782784	1370566656
1265782784	1370566656
1265782784	1318211584
1265782784	1318211584
1265782784	1318211584
1265782784	1318211584
1265782784	1318211584
1265782784	1318211584
1265782784	1318211584
1321013248	1338691584
1323593728	1338691584
1335939072	1338691584
1338544128	1338691584
1338544128	1338691584
1342779392	1359171584
1352073216	1359171584
1392721920	1400131584
1295523840	1400131584
1295396864	1400131584
1295396864	1400131584
1313353728	1400131584
1348562944	1400131584
1351655424	1400131584
1354424320	1400131584
1376808960	1400131584
1377378304	1400131584
1393160192	1400131584
1433055232	1441091584
1412239360	1441091584
1333325824	1441091584
1333325824	1441091584
1333325824	1441091584
1333325824	1441091584
1333325824	1441091584
1333325824	1441091584
1333325824	1441091584
1333325824	1441091584
1333325824	1441091584
1333325824	1441091584
1333325824	1441091584
1333325824	1441091584
1333325824	1441091584
1333325824	1441091584
1333325824	1441091584
1333325824	1441091584
1333325824	1441091584
1333325824	1441091584
1333325824	1441091584
1333325824	1441091584
1333325824	1441091584
1333325824	1441091584
1333325824	1441091584
1333325824	1441091584
1333325824	1441091584
1333325824	1441091584
1333325824	1441091584
1333325824	1441091584
1333325824	1441091584
1333325824	1385754624
1333325824	1385754624
1333325824	1385754624
1333325824	1385754624
1333325824	1385754624
1333325824	1385754624
1333325824	1385754624
1333325824	1385754624
1333325824	1385754624
1333325824	1385754624
1333325824	1385754624
1385783296	1385754624
1388015616	1406234624
1388744704	1406234624
1389002752	1406234624
1389158400	1406234624
1389158400	1406234624
1390911488	1406234624
1406144512	1406234624
1407447040	1426714624
1461219328	1447194624
1461592064	1467674624
1440768000	1467674624
1366253568	1467674624
1382125568	1467674624
1417347072	1467674624
1419284480	1467674624
1419550720	1467674624
1427390464	1467674624
1434247168	1467674624
1445355520	1467674624
1460400128	1467674624
1501159424	1488154624
1572261888	1590554624
1574313984	1590554624
1455566848	1590554624
1455521792	1590554624
1455501312	1590554624
1455501312	1590554624
1455501312	1590554624
1455501312	1590554624
1455501312	1590554624
1455501312	1590554624
1455501312	1590554624
1455501312	1590554624
1455501312	1590554624
1455501312	1590554624
1455501312	1590554624
1455501312	1590554624
1455501312	1590554624
1455501312	1590554624
1455501312	1590554624
1455501312	1590554624
1455501312	1590554624
1455501312	1590554624
1455501312	1590554624
1455501312	1507930112
1455501312	1507930112
1455501312	1507930112
1455501312	1507930112
1455501312	1507930112
1455501312	1507930112
1455501312	1507930112
1455501312	1507930112
1455501312	1507930112
1455501312	1507930112
1455501312	1507930112
1455501312	1507930112
1455501312	1507930112
1455501312	1507930112
1474908160	1507930112
1511411712	1528410112
1511550976	1528410112
1515548672	1528410112
1527095296	1528410112
1530224640	1548890112
1580576768	1589850112
1674862592	1692250112
1679867904	1692250112
1645244416	1692250112
1574830080	1692250112
1612595200	1692250112
1614004224	1692250112
1614741504	1692250112
1614880768	1667055616
1639686144	1667055616
1654996992	1667055616
1675833344	1687535616
1577660416	1687535616
1588629504	1687535616
1610878976	1687535616
1632768000	1687535616
1633529856	1687535616
1658658816	1687535616
1668521984	1687535616
1679446016	1687535616
1682882560	1687535616
1773735936	1789935616
1745412096	1789935616
1655468032	1789935616
1655468032	1789935616
1655468032	1789935616
1655468032	1789935616
1655468032	1789935616
1655468032	1789935616
1655468032	1789935616
1655468032	1789935616
1655468032	1789935616
1655468032	1789935616
1655468032	1789935616
1655468032	1789935616
1655468032	1789935616
1655468032	1707896832
1655468032	1707896832
1655468032	1707896832
1655468032	1707896832
1655468032	1707896832
1655468032	1707896832
1655468032	1707896832
1655468032	1707896832
1655468032	1707896832
1655468032	1707896832
1655468032	1707896832
1655468032	1707896832
1655468032	1707896832
1655468032	1707896832
1655468032	1707896832
1655468032	1707896832
1655468032	1707896832
1655468032	1707896832
1674051584	1707896832
1708814336	1728376832
1710407680	1728376832
1711157248	1728376832
1711296512	1728376832
1712504832	1728376832
1719803904	1728376832
1728237568	1728376832
1740312576	1748856832
1782808576	1789816832
1875787776	1892216832
1879654400	1892216832
1849290752	1892216832
1777627136	1892216832
1814265856	1892216832
1815158784	1892216832
1822781440	1892216832
1841139712	1892216832
1855791104	1892216832
1844666368	1892216832
1771134976	1892216832
1771134976	1892216832
1771134976	1892216832
1771134976	1892216832
1771134976	1892216832
1771134976	1892216832
1771134976	1892216832
1771134976	1892216832
1771134976	1892216832
1771134976	1892216832
1771134976	1892216832
1771134976	1892216832
1771134976	1892216832
1771134976	1892216832
1771134976	1892216832
1771134976	1892216832
1771134976	1892216832
1771134976	1892216832
1771134976	1823563776
1771134976	1823563776
1771134976	1823563776
1771134976	1823563776
1771134976	1823563776
1771134976	1823563776
1771134976	1823563776
1771134976	1823563776
1771134976	1823563776
1771134976	1823563776
1771134976	1823563776
1771134976	1823563776
1771134976	1823563776
1771134976	1823563776
1771134976	1823563776
1771134976	1823563776
1771134976	1823563776
1771134976	1823563776
1771134976	1823563776
1771134976	1823563776
1771134976	1823563776
1771134976	1823563776
1771134976	1823563776
