236974080	268435456
220233728	268435456
113639424	268435456
113606656	268435456
113606656	268435456
113606656	268435456
113606656	268435456
113606656	268435456
113606656	268435456
113606656	268435456
113606656	268435456
113606656	268435456
113606656	268435456
113606656	268435456
113606656	268435456
113606656	268435456
113606656	268435456
113606656	268435456
113606656	268435456
113606656	268435456
113606656	268435456
113606656	268435456
113606656	268435456
113606656	268435456
113606656	268435456
113606656	268435456
113606656	268435456
113606656	268435456
113606656	268435456
113606656	268435456
113606656	268435456
113606656	268435456
113606656	268435456
113606656	268435456
113606656	268435456
113606656	268435456
113606656	268435456
113606656	268435456
113606656	268435456
113606656	268435456
113606656	268435456
113606656	268435456
113606656	268435456
113606656	268435456
135729152	268435456
151113728	268435456
183287808	268435456
189689856	268435456
195543040	268435456
199475200	268435456
209674240	268435456
212066304	268435456
231407616	268435456
232456192	268435456
194695168	268435456
114282496	268435456
114118656	268435456
114118656	268435456
114118656	268435456
144261120	268435456
166989824	268435456
188895232	268435456
199303168	268435456
209903616	268435456
213180416	268435456
192598016	268435456
114487296	268435456
114479104	268435456
114479104	268435456
114356224	268435456
114356224	268435456
114356224	268435456
114356224	268435456
114348032	268435456
114348032	268435456
114348032	268435456
114348032	268435456
114348032	268435456
114348032	268435456
114348032	268435456
114348032	268435456
114348032	268435456
114348032	268435456
114348032	268435456
114348032	268435456
114348032	268435456
114348032	268435456
114348032	268435456
114348032	268435456
114348032	268435456
114348032	268435456
114348032	268435456
114348032	268435456
114348032	268435456
114348032	268435456
114348032	268435456
114348032	268435456
114348032	268435456
114348032	268435456
114348032	268435456
114348032	268435456
114348032	268435456
114348032	268435456
114348032	268435456
144027648	268435456
169545728	268435456
191627264	268435456
200818688	268435456
210423808	268435456
214335488	268435456
197992448	268435456
114900992	268435456
114900992	268435456
114900992	268435456
114900992	268435456
114900992	268435456
114900992	268435456
114900992	268435456
114900992	268435456
114900992	268435456
114900992	268435456
114900992	268435456
114900992	268435456
114900992	268435456
114900992	268435456
114900992	268435456
114900992	268435456
114900992	268435456
114900992	268435456
114900992	268435456
114900992	268435456
114900992	268435456
114900992	268435456
114900992	268435456
114900992	268435456
114900992	268435456
114900992	268435456
114900992	268435456
114900992	268435456
114900992	268435456
114900992	268435456
114900992	268435456
114900992	268435456
114900992	268435456
114900992	268435456
114900992	268435456
114900992	268435456
114900992	268435456
114900992	268435456
114900992	268435456
114900992	268435456
114900992	268435456
114900992	268435456
114900992	268435456
114900992	268435456
114900992	268435456
114900992	268435456
114900992	268435456
114900992	268435456
114900992	268435456
114900992	268435456
114900992	268435456
114900992	268435456
114900992	268435456
139354112	268435456
167776256	268435456
189423616	268435456
198451200	268435456
199761920	268435456
209592320	268435456
210886656	268435456
212328448	268435456
230621184	268435456
231915520	268435456
232833024	268435456
196112384	268435456
127430656	268435456
155389952	268435456
192454656	268435456
201973760	268435456
212828160	268435456
232054784	268435456
234528768	268435456
237346816	268435456
206868480	268435456
116031488	268435456
115744768	268435456
115744768	268435456
115744768	268435456
115744768	268435456
115744768	268435456
115707904	268435456
115707904	268435456
115707904	268435456
115707904	268435456
115707904	268435456
115707904	268435456
115707904	268435456
115695616	268435456
115695616	268435456
115695616	268435456
115695616	268435456
115695616	268435456
115695616	268435456
115695616	268435456
115695616	268435456
115695616	268435456
115695616	268435456
115695616	268435456
115695616	268435456
115695616	268435456
115695616	268435456
115695616	268435456
115695616	268435456
115695616	268435456
115695616	268435456
115695616	268435456
115695616	268435456
115695616	268435456
115695616	268435456
115695616	268435456
115695616	268435456
115695616	268435456
115695616	268435456
145424384	268435456
168194048	268435456
170971136	268435456
192225280	268435456
199577600	268435456
210309120	268435456
212795392	268435456
231804928	268435456
233824256	268435456
236707840	268435456
193572864	268435456
206147584	268435456
115908608	268435456
127074304	268435456
146870272	268435456
170840064	268435456
197341184	268435456
211210240	268435456
213782528	268435456
232624128	268435456
234721280	268435456
237604864	268435456
207261696	268435456
115871744	268435456
115871744	268435456
115855360	268435456
115855360	268435456
115855360	268435456
115855360	268435456
115855360	268435456
115838976	268435456
115838976	268435456
115830784	268435456
115830784	268435456
115830784	268435456
115830784	268435456
115830784	268435456
115830784	268435456
115830784	268435456
115830784	268435456
115830784	268435456
115830784	268435456
115830784	268435456
115830784	268435456
115830784	268435456
115830784	268435456
115830784	268435456
115830784	268435456
115830784	268435456
115830784	268435456
115830784	268435456
115830784	268435456
115830784	268435456
115830784	268435456
115830784	268435456
115830784	268435456
115830784	268435456
115830784	268435456
115830784	268435456
115830784	268435456
115830784	268435456
115830784	268435456
115830784	268435456
115830784	268435456
115830784	268435456
115830784	268435456
115830784	268435456
115830784	268435456
115830784	268435456
115830784	268435456
115830784	268435456
115830784	268435456
115830784	268435456
115830784	268435456
115830784	268435456
115830784	268435456
