4370432	26214400
7008256	26214400
7098368	26214400
7647232	26214400
7593984	26214400
7688192	26214400
7663616	26214400
7659520	26214400
7696384	26214400
7938048	26214400
7847936	26214400
8142848	26214400
8142848	26214400
8208384	26214400
8142848	26214400
8142848	26214400
8241152	26214400
8142848	26214400
8122368	26214400
8122368	26214400
8122368	26214400
8237056	26214400
8105984	26214400
8204288	26214400
8089600	26214400
8204288	26214400
8208384	26214400
8175616	26214400
8290304	26214400
8400896	26214400
8269824	26214400
8253440	26214400
8331264	26214400
8347648	26214400
8265728	26214400
8364032	26214400
8265728	26214400
8249344	26214400
8347648	26214400
8302592	26214400
8335360	26214400
8335360	26214400
8351744	26214400
8351744	26214400
8351744	26214400
8351744	26214400
8425472	26214400
8351744	26214400
8351744	26214400
8318976	26214400
8224768	26214400
8400896	26214400
8417280	26214400
8450048	26214400
8417280	26214400
8519680	26214400
8437760	26214400
8536064	26214400
8454144	26214400
8454144	26214400
8536064	26214400
8503296	26214400
8437760	26214400
8454144	26214400
8454144	26214400
8454144	26214400
8552448	26214400
8454144	26214400
8454144	26214400
8552448	26214400
8454144	26214400
8441856	26214400
8437760	26214400
8552448	26214400
8568832	26214400
8470528	26214400
8630272	26214400
8630272	26214400
8630272	26214400
8630272	26214400
8630272	26214400
8630272	26214400
8630272	26214400
8597504	26214400
8548352	26214400
8388608	26214400
8388608	26214400
8388608	26214400
8388608	26214400
8388608	26214400
8388608	26214400
8388608	26214400
8388608	26214400
8388608	26214400
8486912	26214400
8503296	26214400
8704000	26214400
8704000	26214400
8720384	26214400
8720384	26214400
8728576	26214400
8740864	26214400
8757248	26214400
8757248	26214400
8757248	26214400
8802304	26214400
8855552	26214400
8839168	26214400
8740864	26214400
8740864	26214400
8839168	26214400
8757248	26214400
8839168	26214400
8744960	26214400
8839168	26214400
8822784	26214400
8724480	26214400
8822784	26214400
8708096	26214400
8855552	26214400
8855552	26214400
8757248	26214400
8822784	26214400
8724480	26214400
8724480	26214400
8740864	26214400
8839168	26214400
8994816	26214400
8978432	26214400
8978432	26214400
8978432	26214400
8978432	26214400
8978432	26214400
8978432	26214400
8978432	26214400
8978432	26214400
8912896	26214400
8912896	26214400
8699904	26214400
8699904	26214400
