5287936	26214400
5562368	26214400
5632000	26214400
5623808	26214400
5922816	26214400
6029312	26214400
6189056	26214400
6299648	26214400
6594560	26214400
6516736	26214400
6524928	26214400
6574080	26214400
6758400	26214400
6762496	26214400
6762496	26214400
6762496	26214400
6762496	26214400
6762496	26214400
7061504	26214400
7102464	26214400
7106560	26214400
7106560	26214400
7106560	26214400
7155712	26214400
7155712	26214400
7155712	26214400
7155712	26214400
7151616	26214400
7151616	26214400
7155712	26214400
7155712	26214400
7155712	26214400
7155712	26214400
7155712	26214400
7155712	26214400
7155712	26214400
7155712	26214400
7159808	26214400
7159808	26214400
7159808	26214400
7159808	26214400
7159808	26214400
7159808	26214400
7159808	26214400
7159808	26214400
7159808	26214400
7159808	26214400
7159808	26214400
7159808	26214400
7159808	26214400
7159808	26214400
7159808	26214400
7159808	26214400
7159808	26214400
7122944	26214400
7122944	26214400
7131136	26214400
7131136	26214400
7131136	26214400
7131136	26214400
7139328	26214400
7143424	26214400
7143424	26214400
7143424	26214400
7143424	26214400
7143424	26214400
7143424	26214400
7143424	26214400
7143424	26214400
7143424	26214400
7143424	26214400
7512064	26214400
7512064	26214400
7512064	26214400
7512064	26214400
7512064	26214400
7512064	26214400
7512064	26214400
7512064	26214400
7512064	26214400
7512064	26214400
7512064	26214400
7512064	26214400
7512064	26214400
7512064	26214400
7512064	26214400
7512064	26214400
7512064	26214400
7512064	26214400
7512064	26214400
7512064	26214400
7512064	26214400
7512064	26214400
7512064	26214400
7512064	26214400
7512064	26214400
7512064	26214400
7512064	26214400
7503872	26214400
7503872	26214400
7503872	26214400
7503872	26214400
7503872	26214400
7503872	26214400
7503872	26214400
7503872	26214400
7503872	26214400
7503872	26214400
7503872	26214400
7507968	26214400
7507968	26214400
7507968	26214400
7507968	26214400
7507968	26214400
7507968	26214400
7507968	26214400
7507968	26214400
7507968	26214400
7507968	26214400
7507968	26214400
7507968	26214400
7507968	26214400
7507968	26214400
7507968	26214400
7507968	26214400
7856128	26214400
7860224	26214400
7860224	26214400
7860224	26214400
7860224	26214400
7860224	26214400
7860224	26214400
7860224	26214400
7860224	26214400
7860224	26214400
7860224	26214400
7860224	26214400
7860224	26214400
7860224	26214400
7860224	26214400
