392142848	440086528
401432576	440086528
423284736	440086528
327692288	440086528
327684096	440086528
327610368	440086528
327610368	440086528
327610368	440086528
327610368	440086528
327610368	440086528
327610368	440086528
327610368	440086528
327602176	440086528
327602176	440086528
327602176	440086528
327602176	440086528
327602176	440086528
327602176	440086528
359636992	440086528
383107072	440086528
383012864	440086528
397688832	440086528
397684736	440086528
397590528	440086528
398299136	440086528
413057024	440086528
425357312	440086528
328339456	440086528
355934208	440086528
383778816	440086528
383901696	440086528
398893056	440086528
398688256	440086528
413110272	440086528
423972864	440086528
403755008	440086528
329404416	440086528
329404416	440086528
329404416	440086528
329404416	440086528
329404416	440086528
329404416	440086528
329404416	440086528
329404416	440086528
329404416	440086528
329404416	440086528
329404416	440086528
329404416	440086528
329404416	440086528
329404416	440086528
329404416	440086528
329404416	381833216
329404416	381833216
329404416	381833216
329404416	381833216
329404416	381833216
329404416	381833216
329404416	381833216
329404416	381833216
329404416	381833216
329404416	381833216
329404416	381833216
329404416	381833216
329404416	381833216
329404416	381833216
329404416	381833216
329404416	381833216
329404416	381833216
329404416	381833216
329404416	381833216
329404416	381833216
329404416	381833216
329404416	381833216
329404416	381833216
329404416	381833216
329404416	381833216
329404416	381833216
335245312	381833216
381808640	381833216
380493824	381833216
380751872	381833216
380751872	381833216
380866560	381833216
381521920	381833216
381591552	381833216
382095360	402313216
387465216	402313216
392482816	402313216
393748480	402313216
420605952	422793216
433532928	443273216
527368192	545673216
492634112	545673216
408551424	545673216
408551424	545673216
408551424	545673216
408551424	545673216
408551424	545673216
408551424	545673216
408551424	545673216
408551424	545673216
408551424	545673216
408551424	545673216
408551424	545673216
408551424	460980224
408551424	460980224
408551424	460980224
408551424	460980224
408551424	460980224
408551424	460980224
408551424	460980224
408551424	460980224
408551424	460980224
408551424	460980224
408551424	460980224
408551424	460980224
408551424	460980224
408551424	460980224
408551424	460980224
408551424	460980224
408551424	460980224
408551424	460980224
408551424	460980224
408551424	460980224
408551424	460980224
408551424	460980224
408551424	460980224
408551424	460980224
408551424	460980224
408551424	460980224
408551424	460980224
408551424	460980224
408551424	460980224
408551424	460980224
408551424	460980224
408551424	460980224
408551424	460980224
408551424	460980224
411549696	460980224
440541184	460980224
463626240	481460224
463630336	481460224
464052224	481460224
464400384	481460224
464527360	481460224
464650240	481460224
466403328	481460224
476250112	481460224
481341440	481460224
493535232	501940224
534376448	542900224
637411328	624820224
630558720	645300224
598097920	645300224
512364544	645300224
512364544	645300224
512364544	645300224
512364544	645300224
512364544	645300224
512364544	645300224
512364544	645300224
512364544	645300224
512364544	645300224
512364544	645300224
512364544	645300224
512364544	645300224
512364544	645300224
512364544	645300224
512364544	645300224
512364544	645300224
512364544	645300224
512364544	645300224
512364544	645300224
512364544	645300224
512364544	645300224
512364544	645300224
512364544	645300224
512364544	645300224
512364544	645300224
512364544	645300224
512364544	645300224
512364544	564793344
512364544	564793344
512364544	564793344
512364544	564793344
512364544	564793344
512364544	564793344
512364544	564793344
512364544	564793344
512364544	564793344
512364544	564793344
512364544	564793344
512364544	564793344
512364544	564793344
512364544	564793344
512364544	564793344
512364544	564793344
512364544	564793344
515969024	564793344
527613952	564793344
566145024	585273344
566177792	585273344
567537664	585273344
567701504	585273344
568172544	585273344
568426496	585273344
568549376	585273344
568672256	585273344
576126976	585273344
583966720	585273344
585302016	585273344
636866560	646713344
731475968	749113344
737038336	749113344
691941376	749113344
616366080	749113344
616366080	749113344
616366080	749113344
616366080	749113344
616366080	749113344
616366080	749113344
616366080	749113344
616366080	749113344
616366080	749113344
616366080	749113344
616366080	749113344
616366080	749113344
616366080	749113344
616366080	749113344
616366080	749113344
616366080	749113344
616366080	749113344
616366080	749113344
616366080	668794880
616366080	668794880
616366080	668794880
616366080	668794880
616366080	668794880
616366080	668794880
616366080	668794880
616366080	668794880
616366080	668794880
616366080	668794880
616366080	668794880
616366080	668794880
616366080	668794880
616366080	668794880
616366080	668794880
616366080	668794880
616366080	668794880
616366080	668794880
616366080	668794880
616366080	668794880
616366080	668794880
616366080	668794880
616366080	668794880
616366080	668794880
616366080	668794880
616366080	668794880
616366080	668794880
616366080	668794880
616366080	668794880
616366080	668794880
616366080	668794880
616366080	668794880
616366080	668794880
616366080	668794880
616366080	668794880
616366080	668794880
616366080	668794880
616366080	668794880
616366080	668794880
616366080	668794880
616366080	668794880
616366080	668794880
616366080	668794880
616366080	668794880
616366080	668794880
616366080	668794880
616366080	668794880
616366080	668794880
616366080	668794880
616366080	668794880
616366080	668794880
616366080	668794880
616366080	668794880
616366080	668794880
616366080	668794880
616366080	668794880
616366080	668794880
616366080	668794880
616366080	668794880
616366080	668794880
616366080	668794880
616366080	668794880
616366080	668794880
616366080	668794880
616366080	668794880
616366080	668794880
616366080	668794880
