758177792	864432128
759492608	864432128
760086528	864432128
760303616	864432128
763047936	864432128
777560064	864432128
785797120	864432128
794234880	864432128
813465600	864432128
833085440	864432128
835952640	864432128
810283008	864432128
716677120	864432128
716668928	864432128
716574720	864432128
735260672	864432128
770088960	864432128
772022272	864432128
771907584	864432128
772030464	864432128
798806016	864432128
813461504	864432128
795561984	864432128
736772096	864432128
769392640	769593344
768221184	769593344
768483328	769593344
768450560	769593344
769486848	769593344
769687552	769593344
780283904	790073344
780247040	790073344
782647296	790073344
795111424	790073344
861122560	871993344
765018112	871993344
764862464	871993344
764862464	871993344
764862464	871993344
764862464	871993344
764862464	871993344
764862464	871993344
764862464	871993344
764862464	871993344
764862464	871993344
764862464	871993344
764862464	871993344
764862464	871993344
764862464	871993344
764862464	871993344
764862464	871993344
764862464	817291264
764862464	817291264
764862464	817291264
764862464	817291264
764862464	817291264
764862464	817291264
764862464	817291264
764862464	817291264
764862464	817291264
764862464	817291264
764862464	817291264
764862464	817291264
764862464	817291264
764862464	817291264
764862464	817291264
764862464	817291264
764862464	817291264
764862464	817291264
764862464	817291264
764862464	817291264
764862464	817291264
764862464	817291264
764862464	817291264
764862464	817291264
767787008	817291264
783216640	817291264
818409472	837771264
819798016	835702784
820793344	835702784
820793344	835702784
820920320	835702784
821743616	835702784
829194240	835702784
835686400	835702784
835657728	835702784
849481728	856182784
889425920	917622784
892424192	917622784
942886912	958582784
906518528	958582784
827682816	958582784
856956928	958582784
880611328	958582784
881139712	958582784
881377280	958582784
881508352	958582784
887947264	958582784
905748480	958582784
911319040	958582784
931905536	958582784
960983040	979062784
922329088	979062784
844668928	979062784
844644352	979062784
844636160	979062784
844636160	979062784
844636160	979062784
844636160	979062784
844636160	979062784
844636160	979062784
844636160	979062784
844636160	979062784
844636160	979062784
844636160	979062784
844636160	979062784
844636160	979062784
844636160	979062784
844636160	979062784
844636160	979062784
844636160	979062784
844636160	979062784
844636160	979062784
844636160	979062784
844636160	979062784
844636160	979062784
844636160	979062784
844636160	979062784
844636160	979062784
844636160	897064960
844636160	897064960
844636160	897064960
844636160	897064960
844636160	897064960
844636160	897064960
847630336	897064960
861614080	897064960
898424832	917544960
899907584	917544960
900632576	917544960
900833280	917544960
900956160	917544960
902066176	917544960
910417920	917544960
917364736	917544960
917237760	917544960
920199168	938024960
971313152	978984960
952430592	978984960
875401216	978984960
875401216	978984960
879382528	978984960
905994240	978984960
930013184	978984960
931295232	978984960
931803136	978984960
932024320	978984960
939716608	978984960
952766464	978984960
971472896	978984960
990179328	999464960
895311872	999464960
895311872	999464960
895188992	999464960
895188992	999464960
895188992	999464960
895102976	999464960
895102976	999464960
895102976	999464960
895102976	999464960
895098880	999464960
895098880	999464960
895098880	999464960
895098880	999464960
895098880	999464960
895098880	999464960
895098880	999464960
895098880	999464960
895098880	999464960
895098880	999464960
895098880	999464960
895098880	947527680
895098880	947527680
895098880	947527680
895098880	947527680
895098880	947527680
895098880	947527680
895098880	947527680
895098880	947527680
895098880	947527680
895098880	947527680
895098880	947527680
895098880	947527680
895098880	947527680
895098880	947527680
898101248	947527680
933535744	947527680
950218752	968007680
950849536	968007680
951361536	968007680
951214080	968007680
951336960	968007680
952680448	968007680
959135744	968007680
967954432	968007680
967868416	968007680
981356544	988487680
1001172992	1029447680
928604160	1029447680
945766400	1029447680
979697664	1029447680
981315584	1029447680
981712896	1029447680
981835776	1029447680
989773824	1029447680
1005424640	1029447680
1038872576	1049927680
1103622144	1090887680
1136508928	1152327680
1093992448	1152327680
1018679296	1152327680
1018511360	1152327680
1018433536	1152327680
1018433536	1152327680
1018433536	1152327680
1018433536	1152327680
1018433536	1152327680
1018433536	1152327680
1018433536	1152327680
1018433536	1152327680
1018433536	1152327680
1018433536	1152327680
1018433536	1070862336
1018433536	1070862336
1018433536	1070862336
1018433536	1070862336
1018433536	1070862336
1018433536	1070862336
1018433536	1070862336
1018433536	1070862336
1018433536	1070862336
1018433536	1070862336
1018433536	1070862336
1018433536	1070862336
1018433536	1070862336
1018433536	1070862336
1018433536	1070862336
1018433536	1070862336
1018433536	1070862336
1018433536	1070862336
1018433536	1070862336
1018433536	1070862336
1018433536	1070862336
1018433536	1070862336
1018433536	1070862336
1018433536	1070862336
1018433536	1070862336
1018433536	1070862336
1036644352	1070862336
1071656960	1091342336
1073029120	1091342336
1073664000	1091342336
1081589760	1091342336
1095565312	1111822336
1143779328	1152782336
1048440832	1152782336
1048440832	1152782336
1048440832	1152782336
1048440832	1152782336
1048440832	1152782336
1048440832	1152782336
1048440832	1152782336
1048440832	1152782336
1048440832	1152782336
1048440832	1152782336
1048440832	1152782336
1048440832	1152782336
1048440832	1152782336
1048440832	1152782336
1048440832	1152782336
1048440832	1152782336
1048440832	1152782336
1048440832	1152782336
1048440832	1152782336
1048440832	1100869632
1048440832	1100869632
1048440832	1100869632
1048440832	1100869632
1048440832	1100869632
1048440832	1100869632
1048440832	1100869632
1048440832	1100869632
1048440832	1100869632
1048440832	1100869632
1048440832	1100869632
1048440832	1100869632
1048440832	1100869632
1048440832	1100869632
1048440832	1100869632
1048440832	1100869632
