343621632	396050432
343621632	396050432
343621632	396050432
343621632	396050432
343621632	396050432
343621632	396050432
343621632	396050432
343621632	396050432
343621632	396050432
343621632	396050432
343621632	396050432
343621632	396050432
343621632	396050432
343621632	396050432
343621632	396050432
343621632	396050432
343621632	396050432
343621632	396050432
343621632	396050432
343621632	396050432
343621632	396050432
343621632	396050432
343621632	396050432
343621632	396050432
343621632	396050432
343621632	396050432
343621632	396050432
343621632	396050432
343621632	396050432
343621632	396050432
343621632	396050432
343621632	396050432
343621632	396050432
343621632	396050432
343621632	396050432
343621632	396050432
343621632	396050432
343621632	396050432
343621632	396050432
343621632	396050432
343621632	396050432
343621632	396050432
343621632	396050432
343621632	396050432
343621632	396050432
343621632	396050432
343621632	396050432
343621632	396050432
343621632	396050432
343621632	396050432
343621632	396050432
343621632	396050432
343621632	396050432
343621632	396050432
343621632	396050432
343621632	396050432
343621632	396050432
343621632	396050432
343621632	396050432
343621632	396050432
343621632	396050432
343621632	396050432
343621632	396050432
343621632	396050432
343621632	396050432
343621632	396050432
