0	30000
10965	54000
5881	30000
81	30000
95	30000
152	30000
819	30000
26610	39124
46813	51724
54005	51724
52490	51724
55215	51282
51907	51282
65864	51282
55351	51282
51209	51282
52340	51282
34070	59487
0	59487
0	59487
0	59487
0	59487
0	59487
0	59487
0	59487
0	59487
0	59487
0	59487
0	59487
0	59487
0	59487
0	59487
0	59487
0	59487
0	59487
0	59487
0	59487
0	59487
0	59487
0	59487
0	59487
0	59487
0	59487
0	59487
0	59487
8036	41025
56253	104820
12505	53667
993	30000
1445	30000
255	30000
19	30000
1229	30000
1682	30000
860	30000
907	30000
590	30000
12032	30000
37340	51282
54381	51282
54389	54100
57194	54099
54435	51282
26517	30000
28554	41458
44307	93184
2163	30000
3015	30000
1163	30000
597	30000
3435	30000
34046	38832
50025	51282
51556	51282
51585	51282
52823	51282
12088	41025
0	41025
0	41025
0	41025
0	41025
0	41025
0	41025
0	41025
0	41025
0	41025
0	41025
0	41025
0	41025
0	41025
0	41025
0	41025
0	41025
0	41025
0	41025
0	41025
0	41025
0	41025
0	41025
0	41025
0	41025
0	41025
0	41025
0	41025
0	41025
7688	30000
17424	54000
52264	58368
1793	30000
568	30000
680	30000
704	30000
199	30000
17	30000
21	30000
1746	30000
1438	30000
1340	30000
12075	30000
37585	51282
54312	51282
55283	51282
55450	51282
38079	32820
13703	30000
55404	51282
9742	30000
856	30000
1266	30000
3312	30000
6057	30000
33695	38832
40555	41025
33114	39466
46768	51282
51898	51282
55512	51282
65169	63171
63557	63170
55893	60840
0	48672
0	48672
0	48672
0	48672
0	48672
0	48672
0	48672
0	48672
0	48672
0	48672
0	48672
0	48672
0	48672
0	48672
0	48672
0	48672
0	48672
0	48672
0	48672
0	48672
0	48672
0	48672
0	48672
0	48672
0	48672
10332	30000
55480	91200
15117	54374
1421	30000
1675	30000
444	30000
40	30000
942	30000
495	30000
1266	30000
426	30000
25016	38832
46238	51282
52734	51282
51953	51282
51960	51282
52658	51282
52408	51282
70458	88091
65779	74680
18003	59744
0	59744
0	59744
0	59744
0	59744
0	59744
0	59744
0	59744
0	59744
0	59744
0	59744
0	59744
0	59744
0	59744
0	59744
0	59744
0	59744
0	59744
0	59744
0	59744
0	59744
0	59744
0	59744
0	59744
0	59744
0	59744
0	59744
0	59744
0	59744
0	59744
0	59744
0	59744
0	59744
0	59744
0	59744
0	59744
0	59744
0	59744
0	59744
0	59744
6237	38236
49398	98236
22153	45152
2211	30000
255	30000
1440	30000
1080	30000
639	30000
985	30000
21420	30000
44395	51282
51993	51282
51793	51282
63764	63281
65737	82817
41319	66401
51332	47366
274	30000
1352	30000
1777	30000
38614	60174
73166	72174
71482	63341
83746	76687
62397	51282
34075	32820
0	32820
0	32820
0	32820
0	32820
0	32820
0	32820
0	32820
0	32820
0	32820
0	32820
0	32820
0	32820
0	32820
0	32820
0	32820
0	32820
0	32820
0	32820
0	32820
0	32820
0	32820
0	32820
0	32820
0	32820
0	32820
0	32820
0	32820
0	32820
0	32820
0	32820
0	32820
0	32820
0	32820
0	32820
30844	78832
41805	58793
5898	30000
1871	30000
1452	30000
468	30000
561	30000
148	30000
3	30000
306	30000
1733	30000
1321	30000
20645	30000
44942	51282
53067	51282
