0	30000
12599	33177
572	30000
54835	92256
59494	66723
95088	98688
17721	78208
59091	70558
19812	33103
2048	30000
1621	30000
1494	30000
21618	30000
50333	51282
53529	51282
52343	51282
53130	51282
51072	51282
27835	41025
0	41025
0	41025
0	41025
0	41025
0	41025
0	41025
0	41025
0	41025
0	41025
0	41025
0	41025
0	41025
0	41025
0	41025
0	41025
0	41025
0	41025
0	41025
0	41025
0	41025
0	41025
0	41025
0	41025
0	41025
0	41025
0	41025
0	41025
0	41025
0	41025
0	41025
0	41025
0	41025
0	41025
0	41025
0	41025
0	41025
0	41025
0	41025
0	41025
0	41025
0	41025
0	41025
0	41025
0	41025
0	41025
0	41025
0	41025
0	41025
0	41025
0	41025
0	41025
0	41025
0	41025
0	41025
0	41025
0	41025
0	41025
0	41025
0	41025
0	41025
0	41025
0	41025
0	41025
0	41025
0	41025
0	41025
0	41025
0	41025
0	41025
0	41025
0	41025
0	41025
0	41025
0	41025
0	41025
0	41025
0	41025
0	41025
0	41025
0	41025
0	41025
0	41025
0	41025
0	41025
0	41025
0	41025
0	41025
0	41025
14145	53025
69290	90420
3454	30000
776	30000
11	30000
1660	30000
2254	30000
2073	30000
987	30000
285	30000
25716	38832
57065	63841
55870	51282
61164	59696
51269	41025
42529	61620
0	61620
0	61620
0	61620
0	61620
0	61620
0	61620
0	61620
0	61620
0	61620
0	61620
0	61620
0	61620
0	61620
0	61620
0	61620
0	61620
0	61620
0	61620
0	61620
0	61620
0	61620
0	61620
0	61620
0	61620
0	61620
0	61620
0	61620
0	61620
0	61620
0	61620
0	61620
0	61620
0	61620
0	61620
0	61620
0	61620
0	61620
0	61620
0	61620
0	61620
0	61620
0	61620
0	61620
0	61620
0	61620
0	61620
0	61620
0	61620
0	61620
0	61620
0	61620
0	61620
0	61620
0	61620
0	61620
0	61620
0	61620
0	61620
0	61620
0	61620
0	61620
0	61620
0	61620
0	61620
0	61620
0	61620
0	61620
0	61620
0	61620
0	61620
0	61620
0	61620
0	61620
0	61620
0	61620
0	61620
0	61620
0	61620
0	61620
0	61620
0	61620
0	61620
0	61620
0	61620
0	61620
0	61620
0	61620
0	61620
0	61620
0	61620
0	61620
0	61620
0	61620
0	61620
0	61620
0	61620
0	61620
0	61620
0	61620
0	61620
0	61620
0	61620
0	61620
0	61620
0	61620
0	61620
0	61620
0	61620
0	61620
0	61620
0	61620
0	61620
0	61620
0	61620
0	61620
0	61620
0	61620
0	61620
0	61620
0	61620
0	61620
0	61620
0	61620
0	61620
0	61620
0	61620
0	61620
0	61620
0	61620
0	61620
0	61620
0	61620
0	61620
0	61620
0	61620
0	61620
0	61620
0	61620
0	61620
0	61620
0	61620
0	61620
0	61620
0	61620
0	61620
0	61620
0	61620
0	61620
0	61620
0	61620
0	61620
0	61620
0	61620
0	61620
0	61620
0	61620
0	61620
0	61620
0	61620
0	61620
0	61620
0	61620
0	61620
0	61620
0	61620
0	61620
0	61620
0	61620
0	61620
0	61620
0	61620
0	61620
0	61620
0	61620
0	61620
0	61620
0	61620
