0	30000
1141	30000
24648	66000
4465	30000
145	30000
111	30000
675	30000
18140	30000
45606	51724
58331	54824
77074	65163
12868	54448
0	54448
0	54448
0	54448
0	54448
0	54448
0	54448
0	54448
0	54448
0	54448
0	54448
0	54448
0	54448
0	54448
0	54448
0	54448
0	54448
0	54448
0	54448
0	54448
0	54448
0	54448
0	54448
0	54448
0	54448
0	54448
0	54448
0	54448
0	54448
0	54448
0	54448
0	54448
0	54448
0	54448
0	54448
0	54448
0	54448
0	54448
0	54448
0	54448
0	54448
0	54448
0	54448
0	54448
0	54448
0	54448
0	54448
0	54448
0	54448
0	54448
0	54448
0	54448
0	54448
0	54448
0	54448
0	54448
0	54448
0	54448
0	54448
0	54448
0	54448
0	54448
0	54448
0	54448
0	54448
0	54448
0	54448
0	54448
0	54448
0	54448
0	54448
0	54448
0	54448
0	54448
0	54448
0	54448
0	54448
0	54448
0	54448
0	54448
0	54448
0	54448
0	54448
0	54448
0	54448
0	54448
0	54448
0	54448
0	54448
0	54448
0	54448
0	54448
0	54448
0	54448
0	54448
0	54448
1230	43558
31857	70846
47327	43763
1732	30000
504	30000
21	30000
680	30000
45	30000
779	30000
541	30000
267	30000
3189	30000
2636	30000
35013	33256
42948	51282
51553	51282
55979	59487
37322	62393
66775	69229
97631	104285
12096	83428
0	83428
0	83428
0	83428
0	83428
0	83428
0	83428
0	83428
0	83428
0	83428
0	83428
0	83428
0	83428
0	83428
0	83428
0	83428
0	83428
0	83428
0	83428
0	83428
0	83428
0	83428
0	83428
0	83428
0	83428
0	83428
0	83428
0	83428
0	83428
0	83428
0	83428
0	83428
0	83428
0	83428
0	83428
0	83428
0	83428
0	83428
0	83428
0	83428
0	83428
0	83428
0	83428
0	83428
0	83428
0	83428
0	83428
0	83428
0	83428
0	83428
0	83428
0	83428
0	83428
0	83428
0	83428
0	83428
0	83428
0	83428
0	83428
0	83428
0	83428
0	83428
0	83428
0	83428
0	83428
0	83428
0	83428
0	83428
0	83428
0	83428
0	83428
0	83428
0	83428
0	83428
0	83428
0	83428
0	83428
0	83428
0	83428
0	83428
0	83428
0	83428
0	83428
0	83428
0	83428
0	83428
0	83428
0	83428
0	83428
0	83428
0	83428
0	83428
0	83428
0	83428
0	83428
0	83428
0	83428
0	83428
0	83428
0	83428
0	83428
0	83428
0	83428
0	83428
0	83428
0	83428
0	83428
0	83428
0	83428
0	83428
0	83428
0	83428
0	83428
0	83428
0	83428
0	83428
0	83428
0	83428
0	83428
0	83428
0	83428
0	83428
0	83428
0	83428
0	83428
0	83428
0	83428
0	83428
0	83428
0	83428
0	83428
0	83428
0	83428
0	83428
0	83428
0	83428
0	83428
0	83428
0	83428
0	83428
0	83428
0	83428
0	83428
0	83428
0	83428
0	83428
0	83428
0	83428
0	83428
0	83428
0	83428
0	83428
0	83428
0	83428
0	83428
0	83428
0	83428
0	83428
0	83428
0	83428
0	83428
0	83428
0	83428
0	83428
0	83428
0	83428
0	83428
0	83428
0	83428
0	83428
0	83428
0	83428
0	83428
