0	30000
12114	30000
7166	30000
81	30000
90	30000
14272	30000
43045	49236
64182	67588
84237	112215
92630	80665
89337	112189
98350	107189
19417	107189
0	107189
0	107189
0	107189
0	107189
0	107189
0	107189
0	107189
0	107189
0	107189
0	107189
0	107189
0	107189
0	107189
0	107189
0	107189
0	107189
0	107189
0	107189
0	107189
0	107189
0	107189
0	107189
0	107189
0	107189
0	107189
0	107189
0	107189
0	107189
0	107189
0	107189
0	107189
0	107189
0	107189
0	107189
0	107189
0	107189
0	107189
0	107189
0	107189
0	107189
0	107189
0	107189
0	107189
0	107189
0	107189
0	107189
0	107189
0	107189
0	107189
0	107189
0	107189
0	107189
0	107189
0	107189
0	107189
0	107189
0	107189
0	107189
0	107189
0	107189
0	107189
0	107189
0	107189
0	107189
0	107189
0	107189
0	107189
0	107189
0	107189
0	107189
0	107189
0	107189
0	107189
0	107189
0	107189
0	107189
0	107189
0	107189
0	107189
0	107189
0	107189
0	107189
0	107189
0	107189
0	107189
0	107189
0	107189
0	107189
0	107189
0	107189
0	107189
0	107189
0	107189
1737	85751
53885	104600
34329	53555
707	30000
872	30000
461	30000
519	30000
263	30000
5	30000
2239	30000
2392	30000
338	30000
21211	30000
51283	60768
72115	77067
75331	77067
76969	77067
23374	51282
0	51282
0	51282
0	51282
0	51282
0	51282
0	51282
0	51282
0	51282
0	51282
0	51282
0	51282
0	51282
0	51282
0	51282
0	51282
0	51282
0	51282
0	51282
0	51282
0	51282
0	51282
0	51282
0	51282
0	51282
0	51282
0	51282
0	51282
0	51282
0	51282
0	51282
0	51282
0	51282
0	51282
0	51282
0	51282
0	51282
0	51282
0	51282
0	51282
0	51282
0	51282
0	51282
0	51282
0	51282
0	51282
0	51282
0	51282
0	51282
0	51282
0	51282
0	51282
0	51282
0	51282
0	51282
0	51282
0	51282
0	51282
0	51282
0	51282
0	51282
0	51282
0	51282
0	51282
0	51282
0	51282
0	51282
0	51282
0	51282
0	51282
0	51282
0	51282
0	51282
0	51282
0	51282
0	51282
0	51282
0	51282
0	51282
0	51282
0	51282
0	51282
0	51282
0	51282
0	51282
0	51282
0	51282
0	51282
0	51282
0	51282
0	51282
0	51282
0	51282
0	51282
0	51282
0	51282
0	51282
0	51282
0	51282
0	51282
0	51282
0	51282
0	51282
0	51282
0	51282
0	51282
0	51282
0	51282
0	51282
0	51282
0	51282
0	51282
0	51282
0	51282
0	51282
0	51282
0	51282
0	51282
0	51282
0	51282
2045	32820
32769	54613
47957	57222
3548	30000
385	30000
2054	30000
13747	30000
38257	51282
51820	51282
51502	51282
51427	51282
51475	51282
52473	51282
55875	71794
72482	71793
75530	84099
9437	77124
0	77124
0	77124
0	77124
0	77124
0	77124
0	77124
0	77124
0	77124
0	77124
0	77124
0	77124
0	77124
0	77124
0	77124
0	77124
0	77124
0	77124
0	77124
0	77124
0	77124
0	77124
0	77124
0	77124
0	77124
0	77124
0	77124
2547	49359
61912	111487
11397	36531
1234	30000
545	30000
415	30000
1248	30000
189	30000
1092	30000
1844	30000
13927	30000
39442	51282
52376	51282
54235	51282
