4915200.0	54726656.0
4911104.0	54726656.0
4919296.0	54726656.0
4571136.0	54726656.0
4833280.0	54726656.0
4833280.0	54726656.0
4603904.0	54726656.0
4603904.0	54726656.0
5783552.0	54726656.0
6017024.0	54726656.0
5574656.0	54726656.0
5574656.0	54726656.0
5578752.0	54726656.0
5574656.0	54726656.0
5570560.0	54726656.0
6356992.0	54726656.0
5988352.0	54726656.0
5988352.0	54726656.0
6381568.0	54726656.0
6266880.0	54726656.0
6234112.0	54726656.0
6287360.0	54726656.0
6250496.0	54726656.0
6340608.0	54726656.0
6238208.0	54726656.0
6152192.0	54726656.0
6594560.0	54726656.0
6557696.0	54726656.0
6377472.0	54726656.0
6377472.0	54726656.0
6348800.0	54726656.0
6385664.0	54726656.0
6348800.0	54726656.0
6348800.0	54726656.0
6348800.0	54726656.0
6332416.0	54726656.0
6283264.0	54726656.0
6778880.0	54726656.0
6651904.0	54726656.0
6475776.0	54726656.0
6512640.0	54726656.0
6512640.0	54726656.0
6606848.0	54726656.0
6754304.0	54726656.0
6692864.0	54726656.0
6656000.0	54726656.0
6692864.0	54726656.0
6660096.0	54726656.0
6660096.0	54726656.0
6639616.0	54726656.0
6639616.0	54726656.0
6639616.0	54726656.0
6639616.0	54726656.0
6660096.0	54726656.0
6701056.0	54726656.0
6660096.0	54726656.0
6660096.0	54726656.0
6660096.0	54726656.0
6643712.0	54726656.0
6643712.0	54726656.0
6643712.0	54726656.0
6643712.0	54726656.0
6594560.0	54726656.0
6594560.0	54726656.0
6561792.0	54726656.0
6479872.0	54726656.0
7168000.0	54726656.0
7049216.0	54726656.0
6926336.0	54726656.0
6926336.0	54726656.0
6963200.0	54726656.0
6946816.0	54726656.0
6946816.0	54726656.0
6983680.0	54726656.0
6946816.0	54726656.0
6946816.0	54726656.0
6946816.0	54726656.0
6967296.0	54726656.0
6914048.0	54726656.0
6914048.0	54726656.0
6914048.0	54726656.0
6914048.0	54726656.0
7045120.0	54726656.0
6983680.0	54726656.0
7086080.0	54726656.0
7069696.0	54726656.0
7069696.0	54726656.0
7069696.0	54726656.0
7069696.0	54726656.0
7069696.0	54726656.0
7106560.0	54726656.0
7069696.0	54726656.0
6971392.0	54726656.0
6922240.0	54726656.0
7118848.0	54726656.0
7495680.0	54726656.0
7213056.0	54726656.0
7176192.0	54726656.0
7458816.0	54726656.0
7475200.0	54726656.0
7426048.0	54726656.0
7327744.0	54726656.0
7327744.0	54726656.0
7327744.0	54726656.0
7356416.0	54726656.0
7356416.0	54726656.0
7356416.0	54726656.0
7278592.0	54726656.0
7315456.0	54726656.0
7380992.0	54726656.0
7540736.0	54726656.0
7528448.0	54726656.0
7413760.0	54726656.0
7413760.0	54726656.0
7413760.0	54726656.0
7413760.0	54726656.0
7397376.0	54726656.0
7434240.0	54726656.0
7397376.0	54726656.0
7397376.0	54726656.0
7364608.0	54726656.0
7348224.0	54726656.0
7282688.0	54726656.0
7626752.0	54726656.0
7544832.0	54726656.0
7442432.0	54726656.0
7704576.0	54726656.0
7630848.0	54726656.0
7602176.0	54726656.0
7544832.0	54726656.0
7544832.0	54726656.0
7507968.0	54726656.0
7561216.0	54726656.0
7524352.0	54726656.0
7561216.0	54726656.0
7692288.0	54726656.0
7598080.0	54726656.0
7561216.0	54726656.0
7524352.0	54726656.0
7475200.0	54726656.0
