83632128.0	116322304.0
83517440.0	116322304.0
83517440.0	116322304.0
83611648.0	116322304.0
83648512.0	116322304.0
83533824.0	116322304.0
83533824.0	116322304.0
83533824.0	116322304.0
83533824.0	116322304.0
83533824.0	116322304.0
83533824.0	116322304.0
83533824.0	116322304.0
83533824.0	116322304.0
83619840.0	116322304.0
83619840.0	116322304.0
83619840.0	116322304.0
83619840.0	116322304.0
83619840.0	116322304.0
83619840.0	116322304.0
83619840.0	116322304.0
83734528.0	116322304.0
83619840.0	116322304.0
83619840.0	116322304.0
83734528.0	116322304.0
83734528.0	116322304.0
83734528.0	116322304.0
83619840.0	116322304.0
83619840.0	116322304.0
83619840.0	116322304.0
83619840.0	116322304.0
83619840.0	116322304.0
83619840.0	116322304.0
83619840.0	116322304.0
83619840.0	116322304.0
83619840.0	116322304.0
83619840.0	116322304.0
83619840.0	116322304.0
83734528.0	116322304.0
83734528.0	116322304.0
83619840.0	116322304.0
83619840.0	116322304.0
83767296.0	116322304.0
83767296.0	116322304.0
83767296.0	116322304.0
83767296.0	116322304.0
83767296.0	116322304.0
83767296.0	116322304.0
83767296.0	116322304.0
83767296.0	116322304.0
83767296.0	116322304.0
83767296.0	116322304.0
83771392.0	116322304.0
83771392.0	116322304.0
83886080.0	116322304.0
83886080.0	116322304.0
83886080.0	116322304.0
83771392.0	116322304.0
83886080.0	116322304.0
83771392.0	116322304.0
83771392.0	116322304.0
83771392.0	116322304.0
83771392.0	116322304.0
83771392.0	116322304.0
83771392.0	116322304.0
83771392.0	116322304.0
83771392.0	116322304.0
83849216.0	116322304.0
83849216.0	116322304.0
83849216.0	116322304.0
83849216.0	116322304.0
83980288.0	116322304.0
83980288.0	116322304.0
83980288.0	116322304.0
84094976.0	116322304.0
83980288.0	116322304.0
83980288.0	116322304.0
83980288.0	116322304.0
83980288.0	116322304.0
83980288.0	116322304.0
83980288.0	116322304.0
83980288.0	116322304.0
83980288.0	116322304.0
83980288.0	116322304.0
83980288.0	116322304.0
83980288.0	116322304.0
83980288.0	116322304.0
84058112.0	116322304.0
84058112.0	116322304.0
84148224.0	116322304.0
84209664.0	116322304.0
84209664.0	116322304.0
84094976.0	116322304.0
84094976.0	116322304.0
84094976.0	116322304.0
84094976.0	116322304.0
84094976.0	116322304.0
84094976.0	116322304.0
84094976.0	116322304.0
84103168.0	116322304.0
84103168.0	116322304.0
84103168.0	116322304.0
84103168.0	116322304.0
84103168.0	116322304.0
84103168.0	116322304.0
84103168.0	116322304.0
84217856.0	116322304.0
84103168.0	116322304.0
84103168.0	116322304.0
84217856.0	116322304.0
84217856.0	116322304.0
84103168.0	116322304.0
84217856.0	116322304.0
84103168.0	116322304.0
84176896.0	116322304.0
84180992.0	116322304.0
84180992.0	116322304.0
84180992.0	116322304.0
84180992.0	116322304.0
84180992.0	116322304.0
84180992.0	116322304.0
84180992.0	116322304.0
84258816.0	116322304.0
84258816.0	116322304.0
84258816.0	116322304.0
84336640.0	116322304.0
84348928.0	116322304.0
84439040.0	116322304.0
84422656.0	116322304.0
84426752.0	116322304.0
84426752.0	116322304.0
84426752.0	116322304.0
84426752.0	116322304.0
84426752.0	116322304.0
84426752.0	116322304.0
84426752.0	116322304.0
84426752.0	116322304.0
84426752.0	116322304.0
84426752.0	116322304.0
84541440.0	116322304.0
84426752.0	116322304.0
