0	96000
9749	30000
209	30000
206	30000
230	30000
222	30000
339	30000
216	30000
220	30000
212	30000
206	30000
9	30000
21	30000
20	30000
25	30000
24	30000
24	30000
22	30000
36	30000
26	30000
25	30000
26	30000
570	30000
19420	52800
22416	30000
77654	114000
96614	145000
210	30000
220	30000
2843	30000
191	30000
181	30000
196	30000
194	30000
22671	66000
94663	174000
1217	89088
20	71270
30	45612
55	30000
20	30000
20	30000
20	30000
28	30000
19	30000
20	30000
22	30000
21	30000
37	30000
21	30000
21	30000
20	30000
20	30000
3130	33600
21	30000
20	30000
20	30000
20	30000
58	30000
20	30000
24	30000
20	30000
30	30000
-1	-1
0	36175
0	30000
0	30000
0	30000
0	30000
0	30000
0	30000
0	30000
0	30000
0	30000
0	30000
0	30000
0	30000
0	30000
0	30000
0	30000
0	42000
0	30000
0	30000
0	30000
0	30000
0	30000
0	30000
0	30000
0	33600
0	30000
0	30000
0	30000
0	30000
0	30000
0	30000
0	30000
0	30000
1564	30000
91634	66000
104900	109000
0	85120
0	54476
0	43580
0	34864
0	30000
0	30000
0	30000
0	30000
0	30000
0	30000
25414	90000
0	82944
0	82944
0	82944
0	82944
0	66355
0	66355
0	66355
0	66355
0	66355
0	66355
0	53084
0	53084
0	30000
0	30000
0	30000
0	30000
0	30000
0	30000
0	30000
0	30000
0	30000
0	30000
0	30000
0	30000
0	30000
0	30000
0	30000
0	30000
0	30000
0	30000
0	30000
0	30000
0	30000
107982	78000
43607	121000
0	74240
0	59392
0	47513
0	38010
0	30408
0	30000
133655	66000
0	138000
0	110400
0	110400
0	110400
0	88320
0	88320
0	88320
0	88320
0	70656
0	45219
0	36175
0	30000
0	30000
0	30000
0	30000
0	30000
0	30000
0	30000
0	30000
0	30000
0	30000
0	30000
0	30000
0	30000
0	30000
0	30000
0	30000
0	30000
0	30000
0	30000
0	30000
0	30000
0	30000
0	30000
0	30000
0	30000
0	30000
0	30000
0	30000
0	30000
0	30000
0	30000
0	30000
17551	30000
92832	114000
0	116000
188773	107392
0	114713
0	91770
0	58732
0	46985
0	37588
0	30070
0	30000
0	30000
0	30000
0	30000
0	30000
0	30000
0	30000
0	30000
0	30000
0	30000
0	30000
0	30000
0	30000
0	30000
0	30000
0	30000
0	30000
0	30000
0	30000
0	30000
0	30000
0	30000
0	30000
0	30000
0	30000
0	30000
0	30000
0	30000
0	30000
0	30000
0	30000
0	30000
0	30000
0	30000
