24174592	268435456
41082880	268435456
36802560	268435456
36888576	268435456
43683840	268435456
141332480	268435456
42889216	268435456
38445056	268435456
38445056	268435456
38531072	268435456
40685568	268435456
42434560	268435456
150085632	268435456
41816064	150122496
41816064	150122496
41816064	150122496
41816064	150122496
43995136	150122496
41832448	150122496
41832448	94261248
41832448	94261248
41832448	94261248
41816064	94261248
41816064	94261248
41816064	94261248
41848832	94261248
41848832	94261248
41848832	94261248
44126208	94261248
41918464	94261248
41918464	94261248
41918464	94261248
41918464	94261248
41902080	94261248
41902080	94261248
41902080	94261248
41902080	94261248
39616512	94261248
39702528	94261248
39702528	94261248
39702528	94261248
39702528	94261248
39686144	94261248
41091072	94261248
136974336	155701248
42172416	155701248
40255488	155701248
128983040	155701248
42741760	155701248
42713088	155701248
42766336	155701248
42799104	155701248
42885120	155701248
42885120	155701248
45355008	155701248
41107456	155701248
41345024	155701248
42295296	155701248
140734464	155701248
45527040	155701248
43425792	155701248
41107456	155701248
41107456	155701248
152502272	155701248
44003328	155701248
44040192	155701248
44040192	155701248
44171264	155701248
44126208	155701248
141910016	155701248
48783360	155701248
42233856	155701248
42274816	155701248
42438656	155701248
42930176	155701248
43401216	155701248
43642880	155701248
43495424	155701248
43544576	155701248
44179456	155701248
153264128	155701248
45002752	155701248
45002752	155701248
45002752	155701248
45002752	155701248
44994560	155701248
45080576	155701248
45080576	155701248
45080576	155701248
45080576	155701248
45080576	155701248
45080576	155701248
45223936	155701248
45109248	155701248
45109248	155701248
45109248	155701248
45109248	155701248
45092864	155701248
45125632	155701248
45125632	155701248
45125632	155701248
45125632	155701248
45125632	155701248
45109248	155701248
45129728	155701248
45129728	155701248
45129728	155701248
42897408	155701248
42897408	155701248
42881024	155701248
42881024	155701248
42881024	155701248
42881024	155701248
70381568	155701248
146477056	155701248
44466176	155701248
44806144	155701248
44863488	155701248
44789760	155701248
44847104	155701248
44912640	155701248
45010944	155701248
45010944	155701248
45010944	155701248
45629440	155701248
48463872	155701248
45977600	155701248
45977600	155701248
45977600	155701248
45977600	155701248
45961216	155701248
45961216	155701248
45961216	155701248
45961216	155701248
45961216	155701248
48209920	155701248
45989888	155701248
45989888	155701248
45989888	155701248
45989888	155701248
45973504	155701248
45973504	155701248
45973504	155701248
143912960	155701248
144031744	155701248
46186496	155701248
154345472	155701248
46108672	155701248
44761088	155701248
44949504	155701248
45117440	155701248
118202368	155701248
148209664	155701248
47476736	155701248
78057472	155701248
48517120	155701248
46149632	155701248
46149632	155701248
46149632	155701248
46133248	155701248
46133248	155701248
75468800	155701248
149008384	155701248
48173056	155701248
45957120	155701248
45965312	155701248
45965312	155701248
46145536	155701248
47357952	155701248
108937216	155701248
46239744	155701248
46182400	155701248
46182400	155701248
46182400	155701248
46166016	155701248
46166016	155701248
46166016	155701248
46166016	155701248
46166016	155701248
46166016	155701248
46166016	155701248
46198784	155701248
46198784	155701248
48553984	155701248
149794816	155701248
51269632	155701248
46641152	155701248
46641152	155701248
46624768	155701248
46624768	155701248
46624768	155701248
46624768	155701248
46624768	155701248
46624768	155701248
46624768	155701248
46624768	155701248
155082752	176181248
46833664	176181248
46833664	176181248
46833664	176181248
46833664	176181248
46817280	176181248
46817280	176181248
46817280	176181248
46817280	176181248
46817280	99246080
46817280	99246080
46817280	99246080
46817280	99246080
134053888	140206080
148393984	160686080
51654656	160686080
48472064	160686080
52490240	160686080
50114560	160686080
50114560	160686080
50114560	160686080
50139136	160686080
50139136	160686080
50139136	160686080
50139136	102567936
47910912	102567936
49590272	102567936
50360320	102567936
145936384	164007936
145887232	164007936
48328704	164007936
48328704	164007936
48328704	164007936
48312320	164007936
50974720	164007936
53059584	164007936
50905088	164007936
50905088	164007936
50905088	164007936
50905088	103333888
50888704	103333888
50888704	103333888
50888704	103333888
50888704	103333888
50888704	103333888
50888704	103333888
50888704	103333888
50905088	103333888
50905088	103333888
50905088	103333888
50905088	103333888
50905088	103333888
50888704	103333888
50888704	103333888
51089408	103317504
50905088	103317504
50905088	103317504
50905088	103317504
50905088	103317504
50905088	103317504
50905088	103317504
50905088	103317504
50905088	103317504
50905088	103317504
50888704	103317504
50888704	103317504
50888704	103317504
77381632	103317504
150085632	164757504
49213440	164757504
49090560	164757504
49090560	164757504
49074176	164757504
49074176	164757504
49074176	164757504
49074176	164757504
72925184	164757504
55889920	164757504
51601408	164757504
51601408	164757504
42790912	164757504
42790912	164757504
42790912	164757504
42790912	95219712
42790912	95219712
42790912	95219712
42774528	95219712
42774528	95219712
42790912	95219712
42790912	95219712
42790912	95219712
42790912	95219712
42790912	95219712
42774528	95219712
42774528	95219712
42774528	95219712
42586112	95219712
40427520	95203328
40665088	95203328
124678144	136163328
142053376	156643328
41000960	156643328
41000960	156643328
151945216	156643328
43687936	156643328
43687936	156643328
43560960	156643328
43560960	156643328
43544576	156643328
43544576	156643328
43544576	156643328
43577344	95973376
43577344	95973376
43577344	95973376
43577344	95973376
43577344	95973376
43577344	95973376
43577344	95973376
43577344	95973376
43577344	95973376
43577344	95973376
43560960	95973376
43560960	95973376
43560960	95973376
43560960	95973376
43560960	95973376
43560960	95973376
43560960	95973376
43560960	95973376
43560960	95973376
43560960	95973376
43560960	95973376
43560960	95973376
41205760	95973376
41205760	95973376
41205760	95973376
41205760	95973376
41205760	95973376
41189376	95973376
43843584	95973376
142471168	157413376
41623552	157413376
43835392	157413376
46632960	157413376
44072960	157413376
44056576	157413376
44056576	157413376
44056576	157413376
44056576	157413376
44077056	157413376
44077056	157413376
44077056	157413376
44077056	157413376
44077056	157413376
44060672	96505856
44060672	96505856
44060672	96505856
44060672	96505856
44060672	96505856
44060672	96505856
44060672	96505856
44060672	96505856
44060672	96505856
44081152	96505856
44081152	96505856
44081152	96505856
46088192	96505856
42196992	96505856
139464704	157945856
138137600	157945856
41947136	157945856
42422272	157945856
44249088	157945856
150216704	157945856
44625920	157945856
44625920	157945856
44625920	157945856
44625920	157945856
44609536	157945856
44609536	157945856
44609536	157945856
44609536	157945856
44609536	157945856
44609536	157945856
44609536	157945856
44609536	157945856
44609536	157945856
44609536	157945856
44609536	157945856
44609536	157945856
44609536	157945856
44609536	157945856
44609536	157945856
44609536	157945856
44609536	157945856
44609536	157945856
44638208	157945856
44638208	157945856
42328064	157945856
44044288	157945856
145760256	157945856
47087616	157945856
44777472	157945856
42549248	157945856
42549248	157945856
42549248	157945856
42532864	157945856
42532864	157945856
64172032	157945856
49594368	157945856
45056000	157945856
45056000	157945856
45056000	157945856
45170688	157945856
45043712	157945856
45043712	157945856
45043712	157945856
45043712	157945856
45043712	157945856
45043712	157945856
45043712	157945856
45043712	157945856
45043712	157945856
45043712	157945856
45043712	157945856
42926080	157945856
42688512	157945856
42688512	157945856
42688512	157945856
42688512	157945856
42803200	157945856
142790656	157945856
142647296	157945856
42823680	157945856
42823680	157945856
42823680	157945856
42807296	157945856
42807296	157945856
42807296	157945856
42807296	157945856
42807296	95236096
42807296	95236096
43499520	95236096
151617536	156676096
43335680	156676096
43335680	156676096
43335680	156676096
43335680	156676096
43319296	156676096
43319296	156676096
43319296	156676096
43335680	156676096
43335680	156676096
43335680	156676096
43335680	95764480
43335680	95764480
43319296	95764480
43319296	95764480
43319296	95764480
43319296	95764480
45678592	95764480
43339776	95764480
43339776	95764480
43339776	95764480
43339776	95764480
43339776	95764480
43212800	95764480
43212800	95764480
43212800	95641600
43212800	95641600
141615104	157081600
46243840	157081600
46489600	157081600
46268416	157081600
46268416	157081600
46252032	157081600
46252032	157081600
46252032	157081600
46252032	157081600
46252032	157081600
46252032	157081600
143945728	157081600
48656384	157081600
62857216	157081600
48652288	157081600
46424064	157081600
46407680	157081600
46407680	157081600
46407680	157081600
46407680	157081600
46407680	157081600
46428160	157081600
46428160	157081600
46428160	157081600
46428160	157081600
46428160	157081600
44363776	157081600
50798592	96530432
145711104	157970432
46919680	157970432
44601344	157970432
44584960	157970432
44584960	157970432
44584960	157970432
44584960	157970432
155500544	157970432
47157248	157970432
47157248	157970432
47157248	157970432
47157248	157970432
47140864	157970432
47140864	99586048
47140864	99586048
47140864	99586048
47140864	99586048
47140864	99586048
47140864	99586048
47157248	99586048
47157248	99586048
47157248	99586048
47157248	99586048
47157248	99586048
47140864	99586048
47140864	99586048
47169536	99586048
47169536	99569664
47169536	99569664
47169536	99569664
47169536	99569664
47169536	99569664
47169536	99569664
47169536	99569664
47169536	99569664
47169536	99569664
47153152	99569664
47153152	99569664
47153152	99569664
47153152	99569664
47153152	99569664
44937216	99569664
45338624	99569664
46424064	99569664
142659584	161009664
146026496	161009664
47312896	161009664
45035520	161009664
45035520	161009664
45035520	161009664
45035520	161009664
45019136	161009664
45019136	161009664
45019136	161009664
48029696	161009664
47845376	161009664
47845376	161009664
47845376	161009664
47845376	161009664
47828992	161009664
47828992	161009664
47828992	161009664
50188288	161009664
47845376	161009664
47845376	161009664
47845376	161009664
50003968	161009664
47849472	161009664
47849472	161009664
47849472	161009664
47849472	100278272
47849472	100278272
47833088	100278272
47833088	100278272
47833088	100278272
47833088	100278272
47906816	100278272
47833088	100278272
47833088	100278272
47833088	100278272
46211072	100278272
78520320	100278272
146636800	161718272
47882240	161718272
45719552	161718272
45703168	161718272
45703168	161718272
45703168	161718272
140996608	161718272
48398336	161718272
50544640	161718272
48316416	161718272
48316416	161718272
48300032	161718272
48300032	161718272
48300032	161718272
48300032	161718272
48300032	161718272
48300032	100728832
48300032	100728832
48300032	100728832
48300032	100728832
48300032	100728832
48300032	100728832
48300032	100728832
48300032	100728832
48300032	100728832
48345088	100728832
48345088	100728832
48345088	100728832
48345088	100728832
48345088	100728832
48328704	100728832
48345088	100728832
48345088	100728832
48345088	100728832
48345088	100728832
48345088	100728832
48345088	100728832
48345088	100728832
