33869824	70586368
35475456	70586368
38666240	70586368
89354240	91066368
136970240	152506368
36585472	152506368
40427520	152506368
146055168	150413312
40787968	150413312
38125568	150413312
38203392	150413312
38297600	150413312
38330368	150413312
38330368	150413312
38330368	150413312
40984576	90759168
38420480	90759168
38420480	90759168
38420480	90759168
38420480	90759168
40730624	90759168
38404096	90759168
38404096	90759168
38404096	90759168
38440960	90759168
38526976	90759168
38526976	90759168
38559744	90759168
38559744	90759168
38543360	90759168
41316352	90759168
38477824	90759168
38477824	90759168
136798208	152199168
41766912	152199168
39403520	152199168
39403520	152199168
39268352	152199168
39268352	152199168
39268352	152199168
39268352	152199168
39268352	152199168
39686144	91697152
148541440	153137152
40333312	153137152
40333312	153137152
40333312	153137152
40333312	153137152
40316928	153137152
40316928	153137152
40316928	153137152
40316928	153137152
40316928	92745728
40337408	92745728
40337408	92745728
40337408	92745728
40337408	92745728
40337408	92745728
40321024	92745728
40321024	92745728
40321024	92745728
40321024	92745728
40321024	92745728
40419328	92745728
40419328	92745728
40419328	92745728
42336256	92745728
110366720	113225728
142069760	154185728
41312256	154185728
41312256	154185728
43679744	154185728
152461312	154185728
44089344	154185728
44097536	154185728
44097536	154185728
44097536	154185728
44097536	96526336
44081152	96526336
44081152	96526336
44081152	96526336
44081152	96526336
44081152	96526336
44146688	96526336
44146688	96526336
44146688	96526336
44146688	96526336
44146688	96526336
41783296	96526336
41783296	96526336
41783296	96526336
42205184	94212096
44011520	94212096
140201984	155652096
45580288	155652096
42704896	155652096
42704896	155652096
42704896	155652096
42688512	155652096
42688512	155652096
42688512	155652096
42688512	155652096
53235712	155652096
154054656	155652096
45686784	155652096
45686784	98115584
45686784	98115584
45670400	98115584
45670400	98115584
45670400	98115584
45670400	98115584
45670400	98115584
45670400	98115584
45670400	98115584
45670400	98115584
45670400	98115584
45670400	98115584
45670400	98115584
45670400	98115584
45670400	98115584
45670400	98099200
45670400	98099200
45670400	98099200
45707264	98099200
45707264	98099200
45707264	98099200
45707264	98099200
45707264	98099200
45690880	98099200
45690880	98099200
45690880	98099200
45690880	98099200
44060672	98099200
97800192	98099200
141590528	159539200
46931968	159539200
45248512	159539200
82317312	159539200
49618944	159539200
46874624	159539200
46874624	159539200
46874624	159539200
46858240	159539200
46858240	159539200
46858240	159539200
46858240	159539200
46858240	159539200
46858240	159539200
46858240	159539200
46858240	99287040
46858240	99287040
46858240	99287040
44531712	99287040
44793856	99287040
45756416	99287040
103645184	119767040
146046976	160727040
48734208	160727040
156651520	160727040
48349184	160727040
48349184	160727040
48349184	160727040
48332800	160727040
48332800	160727040
48332800	100761600
48332800	100761600
48332800	100761600
48332800	100761600
48332800	100761600
48332800	100761600
50954240	100761600
143851520	162201600
143962112	162201600
46493696	162201600
46481408	162201600
46465024	162201600
46596096	162201600
46497792	162201600
46497792	162201600
46497792	98926592
46497792	98926592
46497792	98926592
46497792	98926592
155582464	160366592
47226880	160366592
47226880	160366592
47226880	160366592
47226880	160366592
47210496	160366592
47210496	160366592
47210496	160366592
47210496	160366592
47210496	160366592
47210496	160366592
47210496	99639296
47210496	99639296
107560960	120119296
148762624	161079296
50323456	161079296
48242688	161079296
62246912	161079296
53153792	161079296
50540544	161079296
50565120	161079296
50565120	161079296
50581504	161079296
50581504	161079296
50581504	161079296
50581504	103010304
50581504	103010304
50581504	103010304
50966528	103010304
48222208	103010304
48222208	103010304
146100224	164450304
51486720	164450304
48783360	164450304
48783360	164450304
48783360	164450304
48783360	164450304
48783360	164450304
48783360	164450304
48783360	164450304
48783360	101212160
48783360	101212160
48783360	101212160
48783360	101212160
48783360	101212160
48783360	101212160
48783360	101212160
116056064	121692160
49848320	162652160
49545216	162652160
49545216	162652160
49545216	162652160
49528832	162652160
49528832	162652160
49528832	162652160
49528832	101957632
49586176	101957632
49590272	101957632
49590272	101957632
49590272	101957632
49590272	101957632
49590272	101957632
49590272	101957632
49590272	101957632
49590272	101957632
49590272	101957632
49573888	101957632
49573888	101957632
49573888	101957632
49573888	101957632
49573888	101957632
49623040	101957632
49451008	101957632
49451008	101957632
49451008	101957632
49451008	101957632
49434624	101957632
49434624	101957632
49623040	101957632
147931136	163397632
53334016	163397632
50368512	163397632
50368512	163397632
50368512	163397632
50352128	102797312
50352128	102797312
50352128	102797312
79032320	102797312
159539200	164237312
51240960	164237312
51240960	164237312
51240960	164237312
51224576	164237312
51224576	164237312
51224576	164237312
51224576	164237312
51224576	164237312
51224576	164237312
51224576	103653376
51224576	103653376
51224576	103653376
51224576	103653376
53563392	103653376
51326976	103653376
51326976	103653376
51326976	103653376
51326976	103653376
51326976	103653376
51326976	103653376
51326976	103653376
51331072	103653376
51331072	103653376
51576832	103653376
51318784	103653376
51318784	103653376
51322880	103653376
51322880	103653376
51322880	103653376
51322880	103653376
51322880	103653376
51322880	103653376
51322880	103653376
51322880	103653376
51322880	103653376
51322880	103653376
51322880	103653376
51322880	103653376
51322880	103653376
51322880	103653376
51322880	103653376
51322880	103653376
51322880	103653376
51322880	103653376
51322880	103653376
51322880	103653376
51322880	103653376
51322880	103653376
51322880	103653376
53829632	103653376
51216384	103653376
51216384	103653376
51216384	103645184
51216384	103645184
51200000	103645184
84733952	103645184
152760320	165085184
51961856	165085184
131272704	165085184
54542336	165085184
54480896	165085184
54480896	165085184
54480896	165085184
54480896	165085184
54480896	165085184
54480896	165085184
54497280	106909696
54501376	106909696
54501376	106909696
54501376	106909696
54501376	106909696
54484992	106909696
54484992	106909696
54484992	106909696
54484992	106909696
52150272	106909696
52150272	106909696
52289536	106909696
54079488	106909696
150523904	168349696
71262208	168349696
53035008	168349696
54534144	168349696
163880960	168349696
55541760	168349696
55894016	168349696
53186560	168349696
53186560	168349696
53817344	168349696
55726080	168349696
156753920	168349696
58437632	168349696
55697408	168349696
164179968	168349696
50720768	168349696
50982912	168349696
48439296	168349696
48439296	168349696
46067712	168349696
46067712	168349696
46051328	168349696
146128896	168349696
51576832	168349696
47644672	168349696
51507200	168349696
48771072	168349696
48652288	168349696
48668672	168349696
48668672	168349696
48861184	101097472
48685056	101097472
48685056	101097472
48685056	101097472
48685056	101097472
48685056	101097472
48685056	101097472
46313472	101097472
46485504	101097472
67231744	101097472
147595264	162537472
46637056	162537472
51851264	162537472
49283072	162537472
49172480	162537472
49172480	101711872
49172480	101711872
49172480	101711872
49172480	101711872
49172480	101711872
49172480	101711872
49172480	101711872
49172480	101711872
49172480	101711872
49172480	101711872
49172480	101711872
49172480	101711872
46940160	101711872
46825472	101711872
46825472	99254272
46825472	99254272
46825472	99254272
47071232	99254272
120029184	140214272
148148224	160694272
50757632	160694272
158089216	160694272
49774592	160694272
49754112	160694272
49754112	160694272
49754112	160694272
49754112	160694272
49754112	160694272
49754112	102182912
49754112	102182912
49754112	102182912
50032640	102182912
49770496	102182912
49770496	102182912
49770496	102182912
49770496	102182912
49754112	102182912
49754112	102182912
49754112	102182912
49754112	102182912
47403008	102182912
47403008	102182912
47403008	99831808
47403008	99831808
47403008	99831808
47386624	99831808
47386624	99831808
47386624	99831808
49807360	99831808
145387520	161271808
148795392	161271808
47710208	161271808
47710208	161271808
47747072	161271808
47734784	161271808
47734784	161271808
47734784	161271808
47734784	100163584
47734784	100163584
100192256	100163584
156643328	161603584
48295936	161603584
48295936	161603584
48295936	161603584
48279552	161603584
48279552	161603584
48279552	161603584
48279552	161603584
48304128	161603584
48304128	161603584
53608448	161603584
151666688	161603584
50626560	161603584
59858944	161603584
53612544	161603584
50872320	161603584
50872320	161603584
50872320	161603584
50855936	161603584
50855936	161603584
50855936	161603584
50855936	161603584
51249152	161603584
50872320	161603584
50880512	161603584
50880512	161603584
50880512	161603584
50880512	161603584
50880512	161603584
50880512	161603584
50880512	161603584
50880512	161603584
50864128	161603584
50864128	161603584
50864128	161603584
48504832	161603584
48504832	161603584
48504832	161603584
48504832	161603584
48504832	161603584
48488448	161603584
48488448	161603584
48488448	161603584
48488448	161603584
49897472	161603584
151957504	161603584
51003392	161603584
49946624	161603584
113987584	161603584
53657600	161603584
51077120	161603584
51077120	161603584
51077120	161603584
51077120	161603584
51077120	161603584
51093504	161603584
51093504	161603584
53882880	161603584
51105792	161603584
51105792	161603584
51105792	161603584
51105792	161603584
51105792	161603584
51105792	161603584
51105792	161603584
51089408	161603584
51089408	161603584
51089408	161603584
53448704	161603584
51089408	161603584
51089408	161603584
51089408	161603584
51597312	161603584
48758784	161603584
48758784	161603584
48758784	161603584
48758784	161603584
48742400	161603584
109944832	161603584
152150016	161603584
48943104	161603584
48943104	161603584
48943104	161603584
48926720	161603584
48926720	161603584
48926720	161603584
48926720	161603584
48926720	161603584
159866880	161603584
51400704	161603584
51400704	161603584
51400704	161603584
51400704	161603584
51384320	161603584
51417088	161603584
51417088	161603584
51417088	161603584
51417088	161603584
51417088	161603584
51417088	161603584
51417088	161603584
51417088	161603584
51417088	161603584
51417088	161603584
51400704	161603584
51400704	161603584
51400704	161603584
51400704	161603584
51400704	161603584
51400704	161603584
51400704	161603584
88092672	161603584
152395776	161603584
49238016	161603584
159936512	161603584
51486720	161603584
51470336	161603584
51470336	161603584
51470336	161603584
51470336	161603584
51601408	161603584
51486720	161603584
51486720	161603584
51486720	161603584
53977088	161603584
51478528	161603584
51478528	161603584
51478528	161603584
51478528	161603584
51478528	161603584
51478528	161603584
51478528	161603584
51499008	161603584
51499008	161603584
51499008	161603584
51499008	161603584
51499008	161603584
51499008	161603584
51499008	161603584
51499008	161603584
51499008	161603584
51499008	161603584
51482624	161603584
51482624	161603584
51482624	161603584
