416157696.0	666894336.0
416157696.0	666894336.0
416157696.0	666894336.0
416157696.0	666894336.0
416157696.0	666894336.0
416157696.0	666894336.0
416157696.0	666894336.0
416157696.0	666894336.0
416157696.0	666894336.0
416157696.0	666894336.0
416157696.0	666894336.0
416157696.0	666894336.0
416157696.0	666894336.0
416157696.0	666894336.0
416161792.0	666894336.0
416161792.0	666894336.0
416161792.0	666894336.0
416161792.0	666894336.0
416161792.0	666894336.0
416165888.0	666894336.0
416165888.0	666894336.0
416165888.0	666894336.0
416165888.0	666894336.0
416165888.0	666894336.0
416165888.0	666894336.0
416165888.0	666894336.0
416165888.0	666894336.0
416165888.0	666894336.0
416165888.0	666894336.0
416165888.0	666894336.0
416165888.0	666894336.0
416165888.0	666894336.0
416165888.0	666894336.0
416165888.0	666894336.0
416165888.0	666894336.0
416178176.0	666894336.0
416178176.0	666894336.0
416178176.0	666894336.0
416178176.0	666894336.0
416178176.0	666894336.0
416178176.0	666894336.0
416178176.0	666894336.0
416178176.0	666894336.0
416178176.0	666894336.0
416178176.0	666894336.0
416178176.0	666894336.0
416178176.0	666894336.0
416178176.0	666894336.0
416178176.0	666894336.0
416178176.0	666894336.0
416178176.0	666894336.0
416178176.0	666894336.0
416178176.0	666894336.0
416178176.0	666894336.0
416178176.0	666894336.0
416182272.0	666894336.0
416182272.0	666894336.0
416186368.0	666894336.0
416186368.0	666894336.0
416186368.0	666894336.0
416186368.0	666894336.0
416186368.0	666894336.0
416190464.0	666894336.0
416190464.0	666894336.0
416321536.0	666894336.0
416321536.0	666894336.0
416194560.0	666894336.0
416194560.0	666894336.0
416194560.0	666894336.0
416194560.0	666894336.0
416194560.0	666894336.0
416194560.0	666894336.0
416194560.0	666894336.0
416194560.0	666894336.0
416194560.0	666894336.0
416325632.0	666894336.0
416325632.0	666894336.0
416202752.0	666894336.0
416333824.0	666894336.0
416333824.0	666894336.0
416215040.0	666894336.0
416215040.0	666894336.0
416215040.0	666894336.0
416215040.0	666894336.0
416215040.0	666894336.0
416215040.0	666894336.0
416215040.0	666894336.0
416215040.0	666894336.0
416215040.0	666894336.0
416215040.0	666894336.0
416215040.0	666894336.0
416215040.0	666894336.0
416215040.0	666894336.0
416215040.0	666894336.0
416215040.0	666894336.0
416215040.0	666894336.0
416215040.0	666894336.0
416215040.0	666894336.0
416215040.0	666894336.0
416346112.0	666894336.0
416219136.0	666894336.0
416219136.0	666894336.0
416219136.0	666894336.0
416219136.0	666894336.0
416219136.0	666894336.0
416219136.0	666894336.0
416219136.0	666894336.0
416219136.0	666894336.0
416219136.0	666894336.0
416219136.0	666894336.0
416219136.0	666894336.0
416219136.0	666894336.0
416219136.0	666894336.0
416219136.0	666894336.0
416219136.0	666894336.0
416219136.0	666894336.0
416219136.0	666894336.0
416219136.0	666894336.0
416219136.0	666894336.0
416219136.0	666894336.0
