141774848.0	252706816.0
141774848.0	252706816.0
141774848.0	252706816.0
141774848.0	252706816.0
141774848.0	252706816.0
141807616.0	252706816.0
141856768.0	252706816.0
141856768.0	252706816.0
141856768.0	252706816.0
141856768.0	252706816.0
141856768.0	252706816.0
141856768.0	252706816.0
141856768.0	252706816.0
141856768.0	252706816.0
141856768.0	252706816.0
141856768.0	252706816.0
141856768.0	252706816.0
141856768.0	252706816.0
141856768.0	252706816.0
141856768.0	252706816.0
141856768.0	252706816.0
141856768.0	252706816.0
141856768.0	252706816.0
141856768.0	252706816.0
141856768.0	252706816.0
141856768.0	252706816.0
141856768.0	252706816.0
141856768.0	252706816.0
141856768.0	252706816.0
141856768.0	252706816.0
141856768.0	252706816.0
141856768.0	252706816.0
141856768.0	252706816.0
141856768.0	252706816.0
141856768.0	252706816.0
141856768.0	252706816.0
141856768.0	252706816.0
141856768.0	252706816.0
141856768.0	252706816.0
141856768.0	252706816.0
141856768.0	252706816.0
141856768.0	252706816.0
141856768.0	252706816.0
141856768.0	252706816.0
141856768.0	252706816.0
141856768.0	252706816.0
141856768.0	252706816.0
141856768.0	252706816.0
141856768.0	252706816.0
141856768.0	252706816.0
142118912.0	252706816.0
141987840.0	252706816.0
141987840.0	252706816.0
141987840.0	252706816.0
141987840.0	252706816.0
141987840.0	252706816.0
141987840.0	252706816.0
141987840.0	252706816.0
141987840.0	252706816.0
141987840.0	252706816.0
141987840.0	252706816.0
141987840.0	252706816.0
141987840.0	252706816.0
141987840.0	252706816.0
141987840.0	252706816.0
142118912.0	252706816.0
142036992.0	252706816.0
142036992.0	252706816.0
142036992.0	252706816.0
142036992.0	252706816.0
142036992.0	252706816.0
142036992.0	252706816.0
142036992.0	252706816.0
142036992.0	252706816.0
142036992.0	252706816.0
142036992.0	252706816.0
142036992.0	252706816.0
142036992.0	252706816.0
142036992.0	252706816.0
142036992.0	252706816.0
142086144.0	252706816.0
142135296.0	252706816.0
142135296.0	252706816.0
142135296.0	252706816.0
142135296.0	252706816.0
142135296.0	252706816.0
142135296.0	252706816.0
142135296.0	252706816.0
142135296.0	252706816.0
142135296.0	252706816.0
142135296.0	252706816.0
142135296.0	252706816.0
142135296.0	252706816.0
142135296.0	252706816.0
142135296.0	252706816.0
142135296.0	252706816.0
142315520.0	252706816.0
142217216.0	252706816.0
142217216.0	252706816.0
142217216.0	252706816.0
142217216.0	252706816.0
142217216.0	252706816.0
142217216.0	252706816.0
142217216.0	252706816.0
142217216.0	252706816.0
142217216.0	252706816.0
142217216.0	252706816.0
142217216.0	252706816.0
142217216.0	252706816.0
142217216.0	252706816.0
142217216.0	252706816.0
142217216.0	252706816.0
142217216.0	252706816.0
142217216.0	252706816.0
142217216.0	252706816.0
142217216.0	252706816.0
142217216.0	252706816.0
142217216.0	252706816.0
142217216.0	252706816.0
142217216.0	252706816.0
