116596736	268435456
156053504	268435456
171114496	268435456
184639488	268435456
86093824	268435456
141062144	268435456
181002240	268435456
86212608	268435456
110903296	268435456
168194048	268435456
184692736	268435456
206094336	268435456
107364352	268435456
86597632	268435456
86585344	268435456
124624896	268435456
172576768	268435456
203104256	268435456
208515072	268435456
87580672	268435456
87552000	268435456
87552000	268435456
87158784	268435456
87150592	268435456
87150592	268435456
142610432	268435456
165019648	268435456
185139200	268435456
88383488	268435456
112726016	268435456
170065920	268435456
187637760	268435456
88203264	268435456
88088576	268435456
143736832	268435456
183955456	268435456
88625152	268435456
143110144	268435456
171450368	268435456
202309632	268435456
209240064	268435456
169394176	268435456
88801280	268435456
88801280	268435456
88793088	268435456
118874112	268435456
172670976	268435456
187088896	268435456
89206784	268435456
163299328	268435456
185020416	268435456
206848000	268435456
179650560	268435456
89395200	268435456
89284608	268435456
89284608	268435456
89186304	268435456
144310272	268435456
174202880	268435456
204406784	268435456
210112512	268435456
210006016	268435456
102612992	268435456
158416896	268435456
173805568	268435456
185094144	268435456
108044288	268435456
144826368	268435456
175439872	268435456
188915712	268435456
89640960	268435456
89640960	268435456
89640960	268435456
89640960	268435456
89640960	268435456
89640960	268435456
89640960	268435456
89620480	268435456
89620480	268435456
89620480	268435456
89620480	268435456
89620480	268435456
89620480	268435456
89620480	268435456
89620480	268435456
89620480	268435456
89620480	268435456
89620480	268435456
89620480	268435456
89620480	268435456
89620480	268435456
89620480	268435456
89620480	268435456
89620480	268435456
89620480	268435456
89620480	268435456
89620480	268435456
89620480	268435456
89620480	268435456
89620480	268435456
89620480	268435456
89620480	268435456
89620480	268435456
89620480	268435456
89620480	268435456
89620480	268435456
89620480	268435456
89620480	268435456
89620480	268435456
89620480	268435456
89620480	268435456
89620480	268435456
89620480	268435456
89620480	268435456
89620480	268435456
89620480	268435456
108584960	268435456
144764928	268435456
175669248	268435456
186822656	268435456
206180352	268435456
208830464	268435456
168407040	268435456
89731072	268435456
144826368	268435456
174604288	268435456
164077568	268435456
90038272	268435456
90038272	268435456
90038272	268435456
90038272	268435456
90038272	268435456
90038272	268435456
90038272	268435456
90038272	268435456
90038272	268435456
90038272	268435456
90038272	268435456
90038272	268435456
90038272	268435456
90038272	268435456
90038272	268435456
90038272	268435456
90038272	268435456
90038272	268435456
90038272	268435456
90038272	268435456
90038272	268435456
90038272	268435456
90038272	268435456
90038272	268435456
90038272	268435456
90038272	268435456
90038272	268435456
90038272	268435456
90038272	268435456
90038272	268435456
90038272	268435456
90038272	268435456
90038272	268435456
90038272	268435456
90038272	268435456
90038272	268435456
90038272	268435456
90038272	268435456
90038272	268435456
90038272	268435456
90038272	268435456
90038272	268435456
90038272	268435456
90038272	268435456
90038272	268435456
90038272	268435456
90038272	268435456
90038272	268435456
90038272	268435456
108679168	268435456
145047552	268435456
168931328	268435456
183975936	268435456
188227584	268435456
89985024	268435456
118939648	268435456
166998016	268435456
186105856	268435456
168648704	268435456
90288128	268435456
90279936	268435456
90279936	268435456
90279936	268435456
90279936	268435456
90279936	268435456
90279936	268435456
90279936	268435456
90279936	268435456
90279936	268435456
90279936	268435456
90279936	268435456
90279936	268435456
90279936	268435456
90279936	268435456
90279936	268435456
90279936	268435456
90279936	268435456
90279936	268435456
90279936	268435456
90279936	268435456
90279936	268435456
90279936	268435456
90279936	268435456
90279936	268435456
90279936	268435456
90279936	268435456
90279936	268435456
90279936	268435456
90279936	268435456
90279936	268435456
90279936	268435456
90279936	268435456
90279936	268435456
90279936	268435456
90279936	268435456
90279936	268435456
90279936	268435456
90279936	268435456
90279936	268435456
90279936	268435456
90279936	268435456
90279936	268435456
90279936	268435456
90279936	268435456
90279936	268435456
90279936	268435456
90279936	268435456
90279936	268435456
90279936	268435456
117174272	268435456
165404672	268435456
183463936	268435456
186068992	268435456
206065664	268435456
209268736	268435456
170385408	268435456
121528320	268435456
164372480	268435456
185274368	268435456
168103936	268435456
90558464	268435456
90558464	268435456
90558464	268435456
90558464	268435456
90558464	268435456
90558464	268435456
90558464	268435456
90558464	268435456
90558464	268435456
90558464	268435456
90558464	268435456
90558464	268435456
90558464	268435456
90558464	268435456
90558464	268435456
90558464	268435456
90558464	268435456
90558464	268435456
90558464	268435456
90558464	268435456
90558464	268435456
90558464	268435456
90558464	268435456
90558464	268435456
90558464	268435456
90558464	268435456
90558464	268435456
90558464	268435456
90558464	268435456
90558464	268435456
90558464	268435456
90558464	268435456
90558464	268435456
90558464	268435456
90558464	268435456
90558464	268435456
90558464	268435456
90558464	268435456
90558464	268435456
90558464	268435456
90558464	268435456
90558464	268435456
90558464	268435456
90558464	268435456
90558464	268435456
90558464	268435456
90558464	268435456
90558464	268435456
90558464	268435456
122703872	268435456
174813184	268435456
204402688	268435456
211423232	268435456
