102092800	268435456
141914112	268435456
181977088	268435456
198463488	268435456
219119616	268435456
223875072	268435456
122478592	268435456
179470336	268435456
198483968	268435456
102789120	268435456
102739968	268435456
102723584	268435456
102723584	268435456
102723584	268435456
102723584	268435456
102723584	268435456
102723584	268435456
102715392	268435456
102715392	268435456
102715392	268435456
102715392	268435456
102715392	268435456
102715392	268435456
102715392	268435456
102715392	268435456
102715392	268435456
102715392	268435456
102715392	268435456
102715392	268435456
102715392	268435456
102715392	268435456
102715392	268435456
102715392	268435456
102715392	268435456
102715392	268435456
102715392	268435456
102715392	268435456
102715392	268435456
102715392	268435456
102715392	268435456
102715392	268435456
102715392	268435456
102715392	268435456
102715392	268435456
102715392	268435456
102715392	268435456
102715392	268435456
102715392	268435456
102715392	268435456
102715392	268435456
102715392	268435456
102715392	268435456
102715392	268435456
102715392	268435456
102715392	268435456
102715392	268435456
102715392	268435456
156045312	268435456
185753600	268435456
202244096	268435456
222662656	268435456
225521664	268435456
225431552	268435456
103215104	268435456
157659136	268435456
182386688	268435456
197824512	268435456
218742784	268435456
222150656	268435456
103477248	268435456
103477248	268435456
103477248	268435456
103477248	268435456
103477248	268435456
103477248	268435456
103477248	268435456
103477248	268435456
103477248	268435456
103477248	268435456
103477248	268435456
103477248	268435456
103477248	268435456
103477248	268435456
103477248	268435456
103477248	268435456
103464960	268435456
103464960	268435456
103464960	268435456
103464960	268435456
103464960	268435456
103464960	268435456
103464960	268435456
103464960	268435456
103464960	268435456
103464960	268435456
103464960	268435456
103464960	268435456
103464960	268435456
103464960	268435456
103464960	268435456
103464960	268435456
103464960	268435456
103464960	268435456
103464960	268435456
103464960	268435456
103464960	268435456
103464960	268435456
103464960	268435456
103464960	268435456
103464960	268435456
103464960	268435456
103464960	268435456
103464960	268435456
103464960	268435456
103464960	268435456
103464960	268435456
103464960	268435456
158732288	268435456
187207680	268435456
198332416	268435456
200937472	268435456
221609984	268435456
182083584	268435456
103366656	268435456
152756224	268435456
188035072	268435456
178905088	268435456
103776256	268435456
103776256	268435456
103776256	268435456
103776256	268435456
103776256	268435456
103776256	268435456
103776256	268435456
103776256	268435456
103776256	268435456
103776256	268435456
103776256	268435456
103776256	268435456
103776256	268435456
103776256	268435456
103776256	268435456
103776256	268435456
103776256	268435456
103776256	268435456
103776256	268435456
103776256	268435456
103776256	268435456
103776256	268435456
103776256	268435456
103776256	268435456
103776256	268435456
103776256	268435456
103776256	268435456
103776256	268435456
103776256	268435456
103776256	268435456
103776256	268435456
103776256	268435456
103776256	268435456
103776256	268435456
103776256	268435456
103776256	268435456
103776256	268435456
103776256	268435456
103776256	268435456
103776256	268435456
103776256	268435456
103776256	268435456
103776256	268435456
103776256	268435456
103776256	268435456
103776256	268435456
103776256	268435456
103776256	268435456
103776256	268435456
103776256	268435456
159039488	268435456
189341696	268435456
219725824	268435456
223219712	268435456
182202368	268435456
104165376	268435456
141189120	268435456
180924416	268435456
198168576	268435456
202084352	268435456
221577216	268435456
225075200	268435456
104480768	268435456
104325120	268435456
104325120	268435456
104325120	268435456
104325120	268435456
104325120	268435456
104325120	268435456
104325120	268435456
104325120	268435456
104292352	268435456
104292352	268435456
104292352	268435456
104292352	268435456
104292352	268435456
104292352	268435456
104292352	268435456
104292352	268435456
104292352	268435456
104292352	268435456
104292352	268435456
104292352	268435456
104292352	268435456
104292352	268435456
104292352	268435456
104292352	268435456
104292352	268435456
104292352	268435456
104292352	268435456
104292352	268435456
104292352	268435456
104292352	268435456
104292352	268435456
104292352	268435456
104292352	268435456
104292352	268435456
104292352	268435456
104292352	268435456
104292352	268435456
104292352	268435456
104292352	268435456
104292352	268435456
104292352	268435456
104292352	268435456
104292352	268435456
104292352	268435456
104292352	268435456
104292352	268435456
104292352	268435456
174702592	268435456
199667712	268435456
221765632	268435456
225296384	268435456
123146240	268435456
175820800	268435456
190423040	268435456
220856320	268435456
226058240	268435456
196112384	268435456
104390656	268435456
104390656	268435456
104390656	268435456
104390656	268435456
104390656	268435456
104390656	268435456
104390656	268435456
104390656	268435456
104390656	268435456
104390656	268435456
104390656	268435456
104390656	268435456
104390656	268435456
104390656	268435456
104390656	268435456
104390656	268435456
104390656	268435456
104390656	268435456
104390656	268435456
104390656	268435456
104390656	268435456
104390656	268435456
104390656	268435456
104390656	268435456
104390656	268435456
104390656	268435456
104390656	268435456
104390656	268435456
104390656	268435456
104390656	268435456
104390656	268435456
104390656	268435456
104390656	268435456
104390656	268435456
104390656	268435456
104390656	268435456
104390656	268435456
104390656	268435456
104390656	268435456
104390656	268435456
104390656	268435456
104390656	268435456
104390656	268435456
104390656	268435456
104390656	268435456
104390656	268435456
104390656	268435456
104390656	268435456
104390656	268435456
104390656	268435456
159141888	268435456
189046784	268435456
202850304	268435456
