192495616	268435456
196755456	268435456
99864576	268435456
99864576	268435456
99864576	268435456
99864576	268435456
99864576	268435456
99864576	268435456
99864576	268435456
99864576	268435456
99864576	268435456
99864576	268435456
99864576	268435456
99864576	268435456
99864576	268435456
99864576	268435456
99864576	268435456
99864576	268435456
99864576	268435456
99864576	268435456
99864576	268435456
99864576	268435456
99864576	268435456
99864576	268435456
99864576	268435456
99864576	268435456
99864576	268435456
99864576	268435456
99864576	268435456
99864576	268435456
99864576	268435456
99864576	268435456
99864576	268435456
99864576	268435456
99864576	268435456
99864576	268435456
99864576	268435456
99864576	268435456
99864576	268435456
99864576	268435456
99864576	268435456
99864576	268435456
99864576	268435456
99864576	268435456
99864576	268435456
99864576	268435456
99864576	268435456
99864576	268435456
99864576	268435456
99864576	268435456
99864576	268435456
99864576	268435456
99864576	268435456
99864576	268435456
99864576	268435456
99864576	268435456
99864576	268435456
99864576	268435456
118132736	268435456
154984448	268435456
169693184	268435456
185962496	268435456
215781376	268435456
218681344	268435456
176521216	268435456
100237312	268435456
109764608	268435456
155525120	268435456
182181888	268435456
195915776	268435456
177102848	268435456
100384768	268435456
100339712	268435456
100339712	268435456
100339712	268435456
100339712	268435456
100339712	268435456
100339712	268435456
100339712	268435456
100323328	268435456
100323328	268435456
100323328	268435456
100323328	268435456
100323328	268435456
100323328	268435456
100323328	268435456
100323328	268435456
100323328	268435456
100323328	268435456
100323328	268435456
100323328	268435456
100323328	268435456
100323328	268435456
100323328	268435456
100323328	268435456
100323328	268435456
100323328	268435456
100323328	268435456
100323328	268435456
100323328	268435456
100323328	268435456
100323328	268435456
100323328	268435456
100323328	268435456
100323328	268435456
100323328	268435456
100323328	268435456
100323328	268435456
100323328	268435456
100323328	268435456
100323328	268435456
100323328	268435456
100323328	268435456
100323328	268435456
100323328	268435456
100323328	268435456
100323328	268435456
100323328	268435456
108392448	268435456
155295744	268435456
176910336	268435456
195325952	268435456
178475008	268435456
131084288	268435456
171708416	268435456
194715648	268435456
176214016	268435456
100737024	268435456
100614144	268435456
100614144	268435456
100614144	268435456
100614144	268435456
100614144	268435456
100614144	268435456
100614144	268435456
100614144	268435456
100614144	268435456
100614144	268435456
100614144	268435456
100614144	268435456
100614144	268435456
100614144	268435456
100614144	268435456
100614144	268435456
100614144	268435456
100614144	268435456
100614144	268435456
100614144	268435456
100614144	268435456
100614144	268435456
100614144	268435456
100614144	268435456
100614144	268435456
100614144	268435456
100614144	268435456
100614144	268435456
100614144	268435456
100614144	268435456
100614144	268435456
100614144	268435456
100614144	268435456
100614144	268435456
100614144	268435456
100614144	268435456
100614144	268435456
100614144	268435456
100614144	268435456
100614144	268435456
100614144	268435456
100614144	268435456
100614144	268435456
100614144	268435456
100614144	268435456
100614144	268435456
100614144	268435456
100614144	268435456
100614144	268435456
100614144	268435456
119226368	268435456
155553792	268435456
182255616	268435456
196120576	268435456
217292800	268435456
220135424	268435456
100892672	268435456
149184512	268435456
186044416	268435456
231759872	268435456
219648000	268435456
177442816	268435456
101289984	268435456
101253120	268435456
101122048	268435456
101122048	268435456
101122048	268435456
101068800	268435456
101064704	268435456
101064704	268435456
101064704	268435456
101060608	268435456
101060608	268435456
101060608	268435456
101060608	268435456
101060608	268435456
101060608	268435456
101060608	268435456
101060608	268435456
101060608	268435456
101060608	268435456
101060608	268435456
101060608	268435456
101060608	268435456
101060608	268435456
101060608	268435456
101060608	268435456
101060608	268435456
101060608	268435456
101060608	268435456
101060608	268435456
101060608	268435456
101060608	268435456
101060608	268435456
101060608	268435456
101060608	268435456
101060608	268435456
101060608	268435456
101060608	268435456
101060608	268435456
101060608	268435456
101060608	268435456
101060608	268435456
101060608	268435456
101060608	268435456
101060608	268435456
101060608	268435456
101060608	268435456
101060608	268435456
101060608	268435456
101060608	268435456
152588288	268435456
184442880	268435456
197005312	268435456
101502976	268435456
101502976	268435456
101502976	268435456
132116480	268435456
185458688	268435456
199319552	268435456
222482432	268435456
177405952	268435456
102166528	268435456
102166528	268435456
102105088	268435456
102064128	268435456
102051840	268435456
102051840	268435456
102051840	268435456
102047744	268435456
101961728	268435456
101961728	268435456
101961728	268435456
101961728	268435456
101961728	268435456
101961728	268435456
101961728	268435456
101961728	268435456
101961728	268435456
101961728	268435456
101916672	268435456
101916672	268435456
101916672	268435456
101916672	268435456
101916672	268435456
101916672	268435456
101916672	268435456
101916672	268435456
101916672	268435456
101916672	268435456
101916672	268435456
101916672	268435456
101916672	268435456
101916672	268435456
101916672	268435456
101916672	268435456
101916672	268435456
101916672	268435456
101916672	268435456
101916672	268435456
101916672	268435456
101916672	268435456
101916672	268435456
101916672	268435456
101916672	268435456
101916672	268435456
101916672	268435456
101916672	268435456
101916672	268435456
101916672	268435456
101916672	268435456
101916672	268435456
