105484288	268435456
171241472	268435456
181858304	268435456
200994816	268435456
78061568	268435456
77860864	268435456
77860864	268435456
77860864	268435456
77860864	268435456
77860864	268435456
77860864	268435456
77860864	268435456
77860864	268435456
77860864	268435456
77860864	268435456
77860864	268435456
77860864	268435456
77860864	268435456
77860864	268435456
77860864	268435456
77860864	268435456
77860864	268435456
77860864	268435456
77860864	268435456
77860864	268435456
77860864	268435456
77860864	268435456
77860864	268435456
77860864	268435456
77860864	268435456
77860864	268435456
77860864	268435456
77860864	268435456
77860864	268435456
77860864	268435456
77860864	268435456
77860864	268435456
77860864	268435456
77860864	268435456
77860864	268435456
77860864	268435456
77860864	268435456
77860864	268435456
77860864	268435456
77860864	268435456
77860864	268435456
77860864	268435456
77860864	268435456
77860864	268435456
77860864	268435456
77860864	268435456
77860864	268435456
77860864	268435456
77860864	268435456
77860864	268435456
77860864	268435456
77860864	268435456
77860864	268435456
77860864	268435456
98013184	268435456
148475904	268435456
174628864	268435456
196726784	268435456
200970240	268435456
157544448	268435456
78983168	268435456
78860288	268435456
78860288	268435456
78860288	268435456
78860288	268435456
78860288	268435456
78860288	268435456
78860288	268435456
78860288	268435456
78860288	268435456
78860288	268435456
78860288	268435456
78860288	268435456
78860288	268435456
78860288	268435456
78860288	268435456
78860288	268435456
78860288	268435456
78860288	268435456
78860288	268435456
78860288	268435456
78860288	268435456
78860288	268435456
78860288	268435456
78860288	268435456
78860288	268435456
78860288	268435456
78860288	268435456
78860288	268435456
78860288	268435456
78860288	268435456
78860288	268435456
78860288	268435456
78860288	268435456
78860288	268435456
78860288	268435456
78860288	268435456
78860288	268435456
78860288	268435456
78860288	268435456
78860288	268435456
78860288	268435456
78860288	268435456
78860288	268435456
78860288	268435456
78860288	268435456
78860288	268435456
78860288	268435456
78860288	268435456
78860288	268435456
78860288	268435456
78860288	268435456
78860288	268435456
78860288	268435456
78860288	268435456
78860288	268435456
78860288	268435456
78860288	268435456
78860288	268435456
78860288	268435456
78860288	268435456
78860288	268435456
78860288	268435456
78860288	268435456
78860288	268435456
78860288	268435456
78860288	268435456
78860288	268435456
78860288	268435456
78860288	268435456
78860288	268435456
78860288	268435456
78860288	268435456
78860288	268435456
78860288	268435456
78860288	268435456
78860288	268435456
78860288	268435456
78860288	268435456
78860288	268435456
78860288	268435456
78860288	268435456
78860288	268435456
78860288	268435456
78860288	268435456
78860288	268435456
78860288	268435456
78860288	268435456
78860288	268435456
78860288	268435456
78860288	268435456
78860288	268435456
78860288	268435456
78860288	268435456
78860288	268435456
78860288	268435456
78860288	268435456
78860288	268435456
78860288	268435456
78860288	268435456
78860288	268435456
78860288	268435456
78860288	268435456
78860288	268435456
78860288	268435456
78860288	268435456
78860288	268435456
78860288	268435456
78860288	268435456
78860288	268435456
78860288	268435456
78860288	268435456
78860288	268435456
78860288	268435456
78860288	268435456
78860288	268435456
78860288	268435456
78860288	268435456
78860288	268435456
78860288	268435456
78860288	268435456
78860288	268435456
78860288	268435456
78860288	268435456
78860288	268435456
78860288	268435456
78860288	268435456
78860288	268435456
78860288	268435456
78860288	268435456
78860288	268435456
78860288	268435456
78860288	268435456
78860288	268435456
78860288	268435456
78860288	268435456
78860288	268435456
78860288	268435456
78860288	268435456
78860288	268435456
78860288	268435456
78860288	268435456
78860288	268435456
78860288	268435456
78860288	268435456
78860288	268435456
78860288	268435456
78860288	268435456
78860288	268435456
78860288	268435456
78860288	268435456
78860288	268435456
78860288	268435456
78860288	268435456
78860288	268435456
78860288	268435456
78860288	268435456
78860288	268435456
78860288	268435456
78860288	268435456
78860288	268435456
78860288	268435456
78860288	268435456
78860288	268435456
78860288	268435456
78860288	268435456
78860288	268435456
78860288	268435456
78860288	268435456
78860288	268435456
78860288	268435456
78860288	268435456
78860288	268435456
78860288	268435456
78860288	268435456
109289472	268435456
156876800	268435456
175222784	268435456
80191488	268435456
79867904	268435456
79867904	268435456
79867904	268435456
79867904	268435456
79867904	268435456
79867904	268435456
79867904	268435456
79867904	268435456
79867904	268435456
79867904	268435456
79867904	268435456
79867904	268435456
79867904	268435456
79867904	268435456
79867904	268435456
79867904	268435456
79867904	268435456
79867904	268435456
79867904	268435456
79867904	268435456
79867904	268435456
79867904	268435456
79867904	268435456
79867904	268435456
79867904	268435456
79867904	268435456
79867904	268435456
79867904	268435456
79867904	268435456
79867904	268435456
79867904	268435456
79867904	268435456
79867904	268435456
79867904	268435456
79867904	268435456
79867904	268435456
79867904	268435456
79867904	268435456
79867904	268435456
79867904	268435456
79867904	268435456
79867904	268435456
79867904	268435456
79867904	268435456
79867904	268435456
79867904	268435456
79867904	268435456
79867904	268435456
79867904	268435456
79867904	268435456
79867904	268435456
79867904	268435456
79867904	268435456
79867904	268435456
79867904	268435456
79867904	268435456
