216805376	268435456
219426816	268435456
177115136	268435456
191909888	268435456
133156864	268435456
179904512	268435456
199782400	268435456
221229056	268435456
193622016	268435456
103841792	268435456
143237120	268435456
188821504	268435456
179826688	268435456
103886848	268435456
103714816	268435456
103714816	268435456
103714816	268435456
103710720	268435456
103710720	268435456
103710720	268435456
103702528	268435456
103702528	268435456
103702528	268435456
103702528	268435456
103702528	268435456
103702528	268435456
103702528	268435456
103702528	268435456
103702528	268435456
103698432	268435456
103698432	268435456
103698432	268435456
103698432	268435456
103698432	268435456
103698432	268435456
103698432	268435456
103698432	268435456
103698432	268435456
103698432	268435456
103698432	268435456
103698432	268435456
103698432	268435456
103698432	268435456
103698432	268435456
103698432	268435456
103698432	268435456
103698432	268435456
103698432	268435456
103698432	268435456
103698432	268435456
103698432	268435456
103698432	268435456
103698432	268435456
103698432	268435456
103698432	268435456
103698432	268435456
103698432	268435456
158765056	268435456
189161472	268435456
219500544	268435456
224665600	268435456
117628928	268435456
159084544	268435456
188440576	268435456
199847936	268435456
221814784	268435456
224706560	268435456
185688064	268435456
103788544	268435456
103788544	268435456
103788544	268435456
103788544	268435456
103788544	268435456
103788544	268435456
103788544	268435456
103788544	268435456
103788544	268435456
103780352	268435456
103780352	268435456
103780352	268435456
103780352	268435456
103780352	268435456
103780352	268435456
103780352	268435456
103780352	268435456
103780352	268435456
103780352	268435456
103780352	268435456
103780352	268435456
103780352	268435456
103780352	268435456
103780352	268435456
103780352	268435456
103780352	268435456
103780352	268435456
103780352	268435456
103780352	268435456
103780352	268435456
103780352	268435456
103780352	268435456
103780352	268435456
103780352	268435456
103780352	268435456
103780352	268435456
103780352	268435456
103780352	268435456
103780352	268435456
103780352	268435456
103780352	268435456
103780352	268435456
103780352	268435456
103780352	268435456
103780352	268435456
103780352	268435456
103780352	268435456
103780352	268435456
103780352	268435456
159195136	268435456
188030976	268435456
199024640	268435456
201498624	268435456
220729344	268435456
222756864	268435456
193900544	268435456
123572224	268435456
174084096	268435456
186515456	268435456
197509120	268435456
200114176	268435456
219607040	268435456
177790976	268435456
104050688	268435456
103972864	268435456
103972864	268435456
103972864	268435456
103960576	268435456
103960576	268435456
103944192	268435456
103944192	268435456
103944192	268435456
103944192	268435456
103944192	268435456
103944192	268435456
103944192	268435456
103944192	268435456
103944192	268435456
103944192	268435456
103944192	268435456
103944192	268435456
103944192	268435456
103944192	268435456
103944192	268435456
103944192	268435456
103944192	268435456
103944192	268435456
103944192	268435456
103944192	268435456
103944192	268435456
103944192	268435456
103944192	268435456
103944192	268435456
103944192	268435456
103944192	268435456
103944192	268435456
103944192	268435456
103944192	268435456
103944192	268435456
103944192	268435456
103944192	268435456
103944192	268435456
103944192	268435456
103944192	268435456
103944192	268435456
103944192	268435456
103944192	268435456
103944192	268435456
103944192	268435456
159268864	268435456
190730240	268435456
201580544	268435456
187908096	268435456
122658816	268435456
178475008	268435456
198656000	268435456
220360704	268435456
223113216	268435456
194920448	268435456
104411136	268435456
104366080	268435456
104366080	268435456
104366080	268435456
104366080	268435456
104366080	268435456
104366080	268435456
104366080	268435456
104366080	268435456
104366080	268435456
104366080	268435456
104366080	268435456
104366080	268435456
104366080	268435456
104366080	268435456
104366080	268435456
104366080	268435456
104366080	268435456
104366080	268435456
104366080	268435456
104366080	268435456
104366080	268435456
104366080	268435456
104366080	268435456
104366080	268435456
104366080	268435456
104366080	268435456
104366080	268435456
104366080	268435456
104366080	268435456
104366080	268435456
104366080	268435456
104366080	268435456
104366080	268435456
104366080	268435456
104366080	268435456
104366080	268435456
104366080	268435456
104366080	268435456
104366080	268435456
104366080	268435456
104366080	268435456
104366080	268435456
104366080	268435456
104366080	268435456
104366080	268435456
104366080	268435456
104366080	268435456
104366080	268435456
104366080	268435456
175779840	268435456
199962624	268435456
104534016	268435456
175800320	268435456
189583360	268435456
200433664	268435456
220577792	268435456
226062336	268435456
104468480	268435456
159539200	268435456
198967296	268435456
220803072	268435456
223457280	268435456
105086976	268435456
105086976	268435456
105086976	268435456
105062400	268435456
105062400	268435456
104800256	268435456
104800256	268435456
104800256	268435456
104800256	268435456
104800256	268435456
104783872	268435456
104783872	268435456
104783872	268435456
104783872	268435456
104783872	268435456
104747008	268435456
104747008	268435456
104747008	268435456
104747008	268435456
104747008	268435456
104747008	268435456
104747008	268435456
104747008	268435456
104747008	268435456
104747008	268435456
104747008	268435456
104747008	268435456
104747008	268435456
104747008	268435456
104747008	268435456
104747008	268435456
104747008	268435456
104747008	268435456
104747008	268435456
104747008	268435456
104747008	268435456
104747008	268435456
104747008	268435456
104747008	268435456
104747008	268435456
104747008	268435456
104747008	268435456
104747008	268435456
104747008	268435456
104747008	268435456
104747008	268435456
104747008	268435456
175677440	268435456
200540160	268435456
222519296	268435456
