219172864	271601664
219172864	271601664
219172864	271601664
219172864	271601664
219172864	271601664
219172864	271601664
219172864	271601664
219172864	271601664
219172864	271601664
219172864	271601664
219172864	271601664
219172864	271601664
219172864	271601664
219172864	271601664
219172864	271601664
219172864	271601664
219172864	271601664
219172864	271601664
219172864	271601664
219172864	271601664
219172864	271601664
219172864	271601664
219172864	271601664
219172864	271601664
219172864	271601664
219172864	271601664
219172864	271601664
219172864	271601664
219172864	271601664
219172864	271601664
219172864	271601664
219172864	271601664
219172864	271601664
219172864	271601664
219172864	271601664
219172864	271601664
219172864	271601664
219172864	271601664
219172864	271601664
219172864	271601664
219172864	271601664
219172864	271601664
219172864	271601664
219172864	271601664
219172864	271601664
219172864	271601664
219172864	271601664
219172864	271601664
219172864	271601664
219172864	271601664
219172864	271601664
219172864	271601664
219172864	271601664
219172864	271601664
219172864	271601664
219172864	271601664
219172864	271601664
219172864	271601664
219172864	271601664
219172864	271601664
223027200	271601664
249958400	271601664
274530304	292081664
275402752	292081664
275521536	292081664
326213632	333041664
315408384	333041664
318050304	333041664
328241152	333041664
391340032	394481664
391925760	394481664
268685312	394481664
268664832	394481664
268664832	394481664
268664832	394481664
268664832	394481664
268664832	394481664
268664832	394481664
268664832	394481664
268664832	394481664
268664832	394481664
268664832	394481664
268664832	394481664
268664832	394481664
268664832	394481664
268664832	394481664
268664832	394481664
268664832	394481664
268664832	394481664
268664832	394481664
268664832	394481664
268664832	394481664
268664832	394481664
268664832	394481664
268664832	394481664
268664832	394481664
268664832	394481664
268664832	394481664
268664832	394481664
268664832	321093632
268664832	321093632
268664832	321093632
268664832	321093632
268664832	321093632
268664832	321093632
268664832	321093632
268664832	321093632
268664832	321093632
268664832	321093632
268664832	321093632
268664832	321093632
268664832	321093632
268664832	321093632
268664832	321093632
268664832	321093632
268664832	321093632
268664832	321093632
268664832	321093632
268664832	321093632
268664832	321093632
268664832	321093632
268664832	321093632
268664832	321093632
268664832	321093632
268664832	321093632
268664832	321093632
268664832	321093632
268664832	321093632
268664832	321093632
268664832	321093632
268664832	321093632
268664832	321093632
268664832	321093632
268664832	321093632
268664832	321093632
268664832	321093632
268664832	321093632
268664832	321093632
268664832	321093632
268664832	321093632
268664832	321093632
268664832	321093632
268664832	321093632
268664832	321093632
268664832	321093632
268664832	321093632
268664832	321093632
268664832	321093632
268664832	321093632
268664832	321093632
268664832	321093632
268664832	321093632
268664832	321093632
268664832	321093632
268664832	321093632
268664832	321093632
268664832	321093632
268664832	321093632
268664832	321093632
268664832	321093632
268664832	321093632
268664832	321093632
268664832	321093632
268664832	321093632
268664832	321093632
268664832	321093632
268664832	321093632
268664832	321093632
268664832	321093632
268664832	321093632
268664832	321093632
268664832	321093632
268664832	321093632
268664832	321093632
268664832	321093632
268664832	321093632
268664832	321093632
268664832	321093632
268664832	321093632
268664832	321093632
268664832	321093632
268664832	321093632
268664832	321093632
268664832	321093632
268664832	321093632
268664832	321093632
268664832	321093632
268664832	321093632
268664832	321093632
268664832	321093632
268664832	321093632
268664832	321093632
268664832	321093632
268664832	321093632
268664832	321093632
268664832	321093632
268664832	321093632
268664832	321093632
268664832	321093632
268664832	321093632
268664832	321093632
268664832	321093632
268664832	321093632
268664832	321093632
268664832	321093632
268664832	321093632
268664832	321093632
268664832	321093632
268664832	321093632
268664832	321093632
268664832	321093632
268664832	321093632
268664832	321093632
268664832	321093632
268664832	321093632
268664832	321093632
268664832	321093632
268664832	321093632
268664832	321093632
268664832	321093632
268664832	321093632
268664832	321093632
268664832	321093632
268664832	321093632
268664832	321093632
268664832	321093632
268664832	321093632
268664832	321093632
268664832	321093632
268664832	321093632
268664832	321093632
268664832	321093632
268664832	321093632
268664832	321093632
268664832	321093632
268664832	321093632
268664832	321093632
268664832	321093632
268664832	321093632
268664832	321093632
268664832	321093632
268664832	321093632
268664832	321093632
268664832	321093632
268664832	321093632
268664832	321093632
268664832	321093632
268664832	321093632
268664832	321093632
268664832	321093632
268664832	321093632
268664832	321093632
268664832	321093632
268664832	321093632
268664832	321093632
268664832	321093632
268664832	321093632
268664832	321093632
268664832	321093632
268664832	321093632
268664832	321093632
268664832	321093632
268664832	321093632
268664832	321093632
268664832	321093632
268664832	321093632
268664832	321093632
268664832	321093632
268664832	321093632
268664832	321093632
268664832	321093632
268664832	321093632
268664832	321093632
268664832	321093632
268664832	321093632
268664832	321093632
268664832	321093632
268664832	321093632
268664832	321093632
268664832	321093632
268664832	321093632
268664832	321093632
