506630144	543121408
544677888	563601408
545976320	563601408
545984512	563601408
546172928	563601408
546746368	563601408
546975744	563601408
546975744	563601408
547098624	563601408
563294208	563601408
563118080	563601408
597286912	604561408
586543104	604561408
587071488	604561408
591511552	604561408
596934656	604561408
646602752	666001408
523661312	666001408
523661312	666001408
523661312	666001408
523661312	666001408
523661312	666001408
523661312	666001408
523661312	666001408
523661312	666001408
523661312	576090112
523661312	576090112
523661312	576090112
523661312	576090112
523661312	576090112
523661312	576090112
523661312	576090112
523661312	576090112
523661312	576090112
523661312	576090112
523661312	576090112
523661312	576090112
523661312	576090112
523661312	576090112
523661312	576090112
523661312	576090112
523661312	576090112
523661312	576090112
523661312	576090112
523661312	576090112
523661312	576090112
523661312	576090112
523661312	576090112
523661312	576090112
523661312	576090112
523661312	576090112
523661312	576090112
523661312	576090112
523661312	576090112
523661312	576090112
523661312	576090112
523661312	576090112
523661312	576090112
523661312	576090112
526901248	576090112
539168768	576090112
561729536	576090112
578080768	596570112
579170304	596570112
579678208	596570112
579715072	596570112
579878912	596570112
580009984	596570112
580030464	596570112
580169728	596570112
580141056	596570112
581439488	596570112
585531392	596570112
596348928	596570112
599777280	617050112
610836480	617050112
665022464	678490112
666263552	678490112
669032448	678490112
652271616	678490112
588058624	678490112
624836608	678490112
625561600	641990656
625790976	641990656
627007488	641990656
641892352	641990656
642019328	641990656
647786496	662470656
657080320	662470656
696537088	703430656
699404288	703430656
682680320	703430656
599846912	703430656
599838720	703430656
599822336	703430656
599785472	703430656
599785472	703430656
599785472	703430656
599785472	703430656
599785472	703430656
599785472	703430656
599785472	703430656
599785472	703430656
599785472	703430656
599785472	703430656
599785472	703430656
599785472	703430656
599785472	703430656
599785472	703430656
599785472	703430656
599785472	652214272
599785472	652214272
599785472	652214272
599785472	652214272
599785472	652214272
599785472	652214272
599785472	652214272
599785472	652214272
599785472	652214272
599785472	652214272
599785472	652214272
599785472	652214272
599785472	652214272
599785472	652214272
599785472	652214272
599785472	652214272
599785472	652214272
599785472	652214272
599785472	652214272
599785472	652214272
599785472	652214272
599785472	652214272
599785472	652214272
599785472	652214272
599785472	652214272
599785472	652214272
599785472	652214272
599785472	652214272
599785472	652214272
599785472	652214272
599785472	652214272
599785472	652214272
599785472	652214272
599785472	652214272
599785472	652214272
599785472	652214272
599785472	652214272
599785472	652214272
599785472	652214272
599785472	652214272
599785472	652214272
599785472	652214272
599785472	652214272
599785472	652214272
599785472	652214272
599785472	652214272
599785472	652214272
599785472	652214272
599785472	652214272
599785472	652214272
599785472	652214272
599785472	652214272
599785472	652214272
599785472	652214272
599785472	652214272
599785472	652214272
599785472	652214272
599785472	652214272
599785472	652214272
599785472	652214272
599785472	652214272
599785472	652214272
599785472	652214272
599785472	652214272
599785472	652214272
599785472	652214272
599785472	652214272
599785472	652214272
599785472	652214272
599785472	652214272
599785472	652214272
599785472	652214272
599785472	652214272
599785472	652214272
599785472	652214272
599785472	652214272
599785472	652214272
599785472	652214272
599785472	652214272
599785472	652214272
599785472	652214272
599785472	652214272
599785472	652214272
599785472	652214272
599785472	652214272
599785472	652214272
599785472	652214272
599785472	652214272
599785472	652214272
599785472	652214272
599785472	652214272
599785472	652214272
599785472	652214272
599785472	652214272
599785472	652214272
599785472	652214272
599785472	652214272
599785472	652214272
599785472	652214272
599785472	652214272
599785472	652214272
599785472	652214272
599785472	652214272
599785472	652214272
599785472	652214272
599785472	652214272
599785472	652214272
599785472	652214272
599785472	652214272
599785472	652214272
599785472	652214272
599785472	652214272
599785472	652214272
599785472	652214272
599785472	652214272
599785472	652214272
599785472	652214272
599785472	652214272
599785472	652214272
599785472	652214272
599785472	652214272
599785472	652214272
599785472	652214272
599785472	652214272
599785472	652214272
599785472	652214272
599785472	652214272
599785472	652214272
599785472	652214272
599785472	652214272
599785472	652214272
615153664	652214272
620994560	652214272
653684736	672694272
655106048	672694272
655077376	672694272
655163392	672694272
655544320	672694272
655618048	672694272
656052224	672694272
656171008	672694272
656171008	672694272
659177472	672694272
672473088	672694272
674668544	693174272
680046592	693174272
686026752	693174272
725499904	734134272
708407296	734134272
630480896	734134272
630480896	734134272
630480896	734134272
630480896	734134272
630480896	734134272
630480896	734134272
630480896	734134272
630480896	734134272
630480896	734134272
630480896	734134272
630480896	734134272
630480896	734134272
630480896	734134272
630480896	734134272
630480896	734134272
630480896	734134272
630480896	734134272
630480896	734134272
630480896	734134272
630480896	734134272
630480896	734134272
630480896	734134272
630480896	734134272
630480896	734134272
630480896	734134272
630480896	734134272
630480896	734134272
630480896	682909696
630480896	682909696
630480896	682909696
630480896	682909696
630480896	682909696
630480896	682909696
630480896	682909696
630480896	682909696
630480896	682909696
630480896	682909696
630480896	682909696
630480896	682909696
630480896	682909696
630480896	682909696
