1548660736	1565544448
1548660736	1565544448
1586221056	1586024448
1599045632	1606504448
1588150272	1606504448
1589248000	1606504448
1621716992	1626984448
1648414720	1667944448
1712545792	1729384448
1680232448	1729384448
1567027200	1729384448
1586151424	1729384448
1620672512	1729384448
1622679552	1729384448
1622900736	1729384448
1623011328	1675083776
1637449728	1675083776
1644658688	1675083776
1663135744	1675083776
1661579264	1695563776
1588928512	1695563776
1615556608	1695563776
1640112128	1695563776
1641893888	1695563776
1643741184	1695563776
1668685824	1695563776
1677344768	1695563776
1703718912	1716043776
1706360832	1716043776
1798651904	1818443776
1801175040	1818443776
1756876800	1818443776
1765097472	1818443776
1682755584	1818443776
1702256640	1818443776
1738493952	1818443776
1767288832	1818443776
1777487872	1818443776
1791344640	1818443776
1794027520	1818443776
1820594176	1838923776
1824722944	1838923776
1785839616	1838923776
1702322176	1838923776
1702322176	1838923776
1702322176	1838923776
1702322176	1838923776
1702322176	1838923776
1702322176	1754750976
1702322176	1754750976
1702322176	1754750976
1702322176	1754750976
1702322176	1754750976
1702322176	1754750976
1702322176	1754750976
1702322176	1754750976
1702322176	1754750976
1750990848	1754750976
1775656960	1795710976
1787523072	1795710976
1828282368	1836670976
1731735552	1836670976
1731735552	1836670976
1731735552	1836670976
1731735552	1836670976
1747234816	1836670976
1785626624	1836670976
1787830272	1836670976
1787957248	1836670976
1815580672	1836670976
1820807168	1836670976
1828089856	1836670976
1837387776	1836670976
1866153984	1877630976
1943687168	1980030976
1946210304	1980030976
1906450432	1980030976
1831251968	1980030976
1859039232	1980030976
1882419200	1980030976
1884286976	1980030976
1884340224	1980030976
1884450816	1980030976
1886330880	1980030976
1909698560	1980030976
1914298368	1980030976
1919447040	1980030976
1934348288	1980030976
1936306176	1980030976
1840476160	1980030976
1840279552	1980030976
1840279552	1980030976
1840279552	1980030976
1840279552	1980030976
1840279552	1980030976
1840279552	1980030976
1840279552	1980030976
1840279552	1980030976
1840279552	1980030976
1840279552	1980030976
1840279552	1980030976
1840279552	1980030976
1840279552	1980030976
1840279552	1980030976
1840279552	1892708352
1840279552	1892708352
1840279552	1892708352
1840279552	1892708352
1840279552	1892708352
1840279552	1892708352
1840279552	1892708352
1840279552	1892708352
1840279552	1892708352
1840279552	1892708352
1840279552	1892708352
1840279552	1892708352
1840279552	1892708352
1878536192	1892708352
1891577856	1892708352
1892835328	1913188352
1899298816	1913188352
1907228672	1913188352
1982423040	1995108352
1965412352	1995108352
1887621120	1995108352
1899466752	1995108352
1937539072	1995108352
1943011328	1995108352
1943498752	1995108352
1943588864	1995108352
1943801856	1995108352
1943941120	1995108352
1954938880	1995108352
1973579776	1995108352
1983799296	1995108352
2006286336	2015588352
2008731648	2015588352
2101100544	2117988352
2103107584	2117988352
2074902528	2117988352
1984188416	2117988352
1984188416	2117988352
1984188416	2117988352
1984188416	2117988352
1984188416	2117988352
1984188416	2117988352
1984188416	2117988352
1984188416	2117988352
1984180224	2117988352
1984180224	2117988352
1984180224	2117988352
1984180224	2117988352
1984180224	2117988352
1984180224	2117988352
1984180224	2117988352
1984180224	2117988352
1984180224	2117988352
1984180224	2117988352
1984180224	2117988352
1984180224	2117988352
1984180224	2117988352
1984180224	2117988352
1984180224	2117988352
1984180224	2036609024
1984180224	2036609024
1984180224	2036609024
1984180224	2036609024
1984180224	2036609024
1984180224	2036609024
1984180224	2036609024
1984180224	2036609024
1984180224	2036609024
1984180224	2036609024
1984180224	2036609024
1984180224	2036609024
1984180224	2036609024
1984180224	2036609024
2037264384	2057089024
2039676928	2057089024
2047066112	2057089024
2057060352	2057089024
2058301440	2077569024
2108932096	2118529024
2091540480	2118529024
2013687808	2118529024
2016690176	2118529024
2051665920	2118529024
2069012480	2118529024
2069012480	2118529024
2069590016	2118529024
2069815296	2118529024
2069954560	2118529024
2082398208	2118529024
2097135616	2118529024
2109173760	2118529024
2127208448	2139009024
2129887232	2139009024
2233741312	2220929024
2222821376	2241409024
2224066560	2241409024
2227191808	2241409024
2227191808	2241409024
2187919360	2241409024
2106454016	2241409024
2106454016	2241409024
2106454016	2241409024
2106454016	2241409024
2106454016	2241409024
2106454016	2241409024
2106454016	2241409024
2106454016	2241409024
2106454016	2241409024
2106454016	2241409024
2106454016	2241409024
2106454016	2241409024
2106454016	2241409024
2106454016	2241409024
2106454016	2241409024
2106454016	2241409024
2106454016	2241409024
2106454016	2241409024
2106454016	2158882816
2106454016	2158882816
2106454016	2158882816
2106454016	2158882816
2106454016	2158882816
2106454016	2158882816
2106454016	2158882816
2106454016	2158882816
2106454016	2158882816
2106454016	2158882816
2106454016	2158882816
2106454016	2158882816
2106454016	2158882816
2106454016	2158882816
2106454016	2158882816
2125570048	2158882816
2161876992	2179362816
2163138560	2179362816
2179276800	2179362816
2179178496	2179362816
2179203072	2179362816
2189225984	2199842816
2235449344	2240802816
2331725824	2343202816
2297294848	2343202816
2212368384	2343202816
2240020480	2343202816
2263715840	2343202816
2265542656	2317385728
2265886720	2317385728
2282885120	2317385728
2297888768	2317385728
2306207744	2317385728
2321817600	2337865728
2324447232	2337865728
2401173504	2419785728
2402484224	2419785728
2404110336	2419785728
2403987456	2419785728
2366840832	2419785728
2375319552	2419785728
2285412352	2419785728
2285412352	2419785728
2285412352	2419785728
2285412352	2419785728
2285412352	2419785728
2285412352	2419785728
2285412352	2419785728
2285412352	2419785728
2285412352	2419785728
2285412352	2419785728
2285412352	2419785728
2285412352	2419785728
2285412352	2419785728
2285412352	2419785728
2285412352	2419785728
2285412352	2419785728
2285412352	2419785728
2285412352	2337841152
2285412352	2337841152
2285412352	2337841152
2285412352	2337841152
2285412352	2337841152
2285412352	2337841152
2285412352	2337841152
2285412352	2337841152
2285412352	2337841152
2285412352	2337841152
2285412352	2337841152
2285412352	2337841152
2285412352	2337841152
2285412352	2337841152
2285412352	2337841152
2285412352	2337841152
2285412352	2337841152
2285412352	2337841152
2285412352	2337841152
2285412352	2337841152
2285412352	2337841152
