0.33844524235079476
0.33844524235079476
0.33840179475892207
0.3377066332889594
0.3377066332889594
0.33696802422712396
0.3367942338596333
0.33664216728807894
0.3364683769205883
0.337033195614933
0.33629458655309763
0.3369463004311877
0.3336877310407374
0.3314936276511676
0.3277788585460543
0.3265188783817469
0.3243899463799861
0.3266274973614286
0.32391202286938675
0.3248026985027765
0.32141378633670825
0.32323858519536036
0.32430305119624075
0.3240858132368774
0.3245637367474768
0.3245637367474768
0.32521545062556684
0.31882865462028437
0.31882865462028437
0.31978450164148314
0.31978450164148314
0.31978450164148314
0.31978450164148314
0.31819866453813067
0.31950209229431076
0.31950209229431076
0.31950209229431076
0.31950209229431076
0.31950209229431076
0.31950209229431076
0.31950209229431076
0.31950209229431076
0.31950209229431076
0.318806930824348
0.31945864470243807
0.31945864470243807
0.31945864470243807
0.31389735294273635
0.3152659520867255
0.3131804676768373
0.31294150592153763
0.313614943595564
0.3142232098817814
0.3142232098817814
0.3142232098817814
0.3139625243305454
0.31044326938885913
0.3109863642872675
0.31163807816535755
0.31152945918567587
0.3106170597563498
0.30990017449045076
0.3091181178367427
0.30890087987737935
0.3085967467342707
0.3065764337121915
0.30837950877490733
0.308683641918016
0.30790158526430794
0.3065112623243825
0.30670677648780953
0.30414336856732205
0.3050774917925844
0.303556826077041
0.3054685201194384
0.3062505767731465
0.3059898912219105
0.3059029960381651
0.30572920567067446
0.3041868161591947
0.303491654689232
0.30210133174930653
0.3046212920779214
0.3039261306079587
0.30446922550636707
0.3050774917925844
0.3049905966088391
0.30490370142509376
0.3048385300372847
0.30396957819983134
0.3011020371362351
0.3023837410964789
0.30346993089329566
0.3006892850134448
0.30131927509559847
0.30131927509559847
0.303752340240468
0.303752340240468
0.30305717877050525
0.3023185697086699
0.30401302579170403
0.3045561206901124
0.30247063628022425
0.3024054648924152
0.3029485597908236
0.3029268359948873
0.3014496178712165
0.30003757113535473
0.299342409665392
0.299277238277583
0.2978869153376576
0.30116720852404416
0.30179719860619786
0.3023837410964789
0.3016885796265162
0.30234029350460623
0.30229684591273354
0.3026444266477149
0.3019492651777522
0.30184064619807055
0.2997551617881824
0.2975176108067399
0.29604039268306914
0.2966486589692865
0.2977131249701669
0.29662693517335015
0.2985820768076203
0.3004503232581451
0.2997117141963097
0.2989948289304107
0.29786519154172125
0.2970179635002042
0.2946283459472074
0.2933466419869636
0.29743071562299456
0.294541450763462
0.2956928119480878
0.2968441731327135
0.29473696492688906
0.2953886788049791
0.29599694509119645
0.2965834875814775
0.2958231547237058
0.2957145357440241
0.2966921065611592
0.29786519154172125
0.2957362595399604
0.29562764056027874
0.29612728786681447
0.2966921065611592
0.29599694509119645
0.2952583360293611
0.29386801308943566
0.29317285161947293
0.2910873672095848
0.2914566717405025
0.2914566717405025
0.2912828813730118
0.29123943378113915
0.2925211377413829
0.29150011933237513
0.29278182329261887
0.2920866618226562
0.2932814705991546
0.2918911476592292
0.29119598618926645
0.29043565333149474
0.29043565333149474
0.2910439196177121
0.29095702443396676
0.2909353006380304
0.2918042524754838
0.2911090910055211
0.2910221958217758
0.2920866618226562
0.2919780428429745
0.29123943378113915
0.2918911476592292
0.2918911476592292
0.2918911476592292
0.06388265290357775
0.06388265290357775
0.06399612167292278
0.06356843169616078
0.06342877782619767
0.06276542194387294
0.0621020660615482
0.0615259938479504
0.06069679899504448
0.05880710756710625
0.013175205556662465
0.0021425498295773583
0.06484427435620034
0.06008970989432086
0.05995877524476824
0.05921817613323623
0.0591486171006614
0.0575610344748359
0.056693592421549796
0.055126468334716884
0.05460272973650641
0.05190629429728215
0.04767137672581462
0.04731539814734344
0.04742996596570198
0.04742996596570198
0.047196738621186375
0.05476639804844718
0.05489324099020128
0.05482368195762645
0.05469274730807383
0.05469274730807383
0.0389355805759758
0.03880464592642318
0.037957662412129674
0.009638952738577233
0.05877987003889807
0.023294392641993927
0.9883807591375667
0.016973895856303677
0.00020320841154005474
0.07138681055511735
0.051772930509594785
0.028432647032300706
0.014377981140324342
0.011591360757217919
0.07596271265538614
0.0750200490331352
1.0000000010654744
1.0000000010654744
1.0000000010654744
1.0000000010654744
0.33883930194374506
0.2729314036880333
0.2486796363322533
0.24112087062050036
0.18498437907876947
0.17979536497295293
0.08782892741881351
0.08397971762795549
2.1556679512737214e-05
0.07121704337672409
0.0706459641942694
0.06952760079529562
0.06789169688722226
0.06585127855824349
0.06466153026146287
0.06149679979202642
0.05542908347844525
0.05212753195487903
0.04908177631512064
0.04641674013033205
0.043501856803219524
0.025429580175121886
0.022098284944136147
0.01903468307992605
0.015988927440167656
0.03230632533051388
0.026131531670222453
0.0221994135493625
0.019546274847541716
0.016690878935268223
0.013835483022994732
0.09289063163655101
0.09026739933080265
0.08743147251377739
7.947284398221688e-05
0.04179486558134023
0.05313311914402389
0.05327491548487515
0.05308403579526769
0.05287679498940815
0.05276772088106102
0.05281135052439987
0.05281135052439987
0.05277317458647838
0.052642285656461826
0.050466257194936685
0.04806662681129993
0.02605547174685007
0.022914137426452867
0.021779766699642766
0.02170341482379978
0.03447053920583078
0.03463415036835146
0.10591827114741237
0.10708090920398407
0.10769488660464553
0.1069110856676309
0.10721154269348651
0.1013069089679763
0.09685230697594316
0.08504303952492274
0.07737485369112962
0.07408288975566818
0.07399144631301646
0.07476218390108086
0.07416126984936963
0.0741482065004194
0.07388693952141452
0.07221483085578331
0.09007242887076661
0.08815211657508076
0.0600789796810068
0.05685233249029657
0.05171843635285075
0.04586605602314152
0.04620570309584786
0.046310209887449806
0.046571476866454686
0.04531739536723128
0.06471646855834336
0.06418087125138336
0.06368446399127409
0.06431150474088579
0.063893477574478
0.06248263588785166
0.06245650918995117
0.06162045485713557
0.0576361334273112
0.050294531317274176
0.02071910929392216
0.1724543982300179
0.15282665822805006
0.15313163975971217
0.15268505965977838
0.16610424705291066
0.16655082715284444
0.16480807554334675
0.16378420897276685
0.1636643947996139
0.1618345056096413
0.16204145736326914
0.16132257232435135
0.16172558363404768
0.16130078792923264
0.1592639469856322
0.1591550250100386
0.1593401923685477
0.15975409587580341
0.15835989458820526
0.157052830881082
0.15806580525410252
0.1570201542884039
0.15676963374453862
0.15587647354467105
0.1560289643105021
0.1558873657422304
0.15476546939361627
0.1539267701815455
0.15319699294506833
0.15246721570859118
0.15211866538669164
0.1518463604477076
0.15222758736228523
0.15058286553082179
0.15134531935997703
0.1502996683942784
0.1495045379724451
0.14895992809447706
0.14812122888240628
0.14816479767264373
0.1476419721897944
0.146814165175283
0.14687951836063917
0.14602992695100905
0.14649829144606155
0.14626955529731497
0.14563780783887206
0.14486446181215745
0.14436342072442687
0.14411290018056158
0.14412379237812092
0.14210873582963923
0.14238104076862323
0.14150966496387438
0.1414225273833995
0.14123736002489037
0.14062739696156618
0.1407036423444817
0.1397342367616986
0.13887375315450912
0.13876483117891553
0.13786077878148859
0.1375775816449452
0.13784988658392922
0.13740330648399543
0.13628141013538128
0.13513772939164842
0.13486542445266442
0.13405940183327172
0.13354746854798177
0.13312267284316673
0.13200077649455258
0.13307910405292928
0.1313363524434316
0.13122743046783797
0.13045408444112336
0.1300292887363083
0.13036694686064848
0.13005107313142703
0.12946289446322154
0.12822118394145443
0.1280686931756234
0.12811226196586084
0.12724088616111198
0.12707750319772157
0.1263477259612444
0.1261298820100572
0.12560705652720788
0.1237771673372353
0.12299292911296135
0.12277508516177413
0.12207798451797505
0.12284043834713029
0.12196906254238145
0.12135909947905725
0.1207927052059705
0.12182746397410976
0.12113036333031067
0.11928958194277874
0.11908263018915088
0.11855980470630158
0.11824393097708011
0.11842909833558925
0.11776467428446825
0.11775378208690888
0.11739433956744999
0.11760129132107784
0.11655564035537921
0.11549909719212124
0.11573872553842718
0.11451879941177878
0.11425738667035414
0.11311370592662126
0.11228589891210985
0.11246017407305962
0.11194824078776967
0.11295032296323086
0.11190467199753223
0.11033619554898431
0.11040154873434047
0.10987872325149116
0.1094539275466761
0.10913805381745464
0.10866968932240213
0.10762403835670352
0.10709032067629484
0.10763493055426288
0.10614269948863048
0.10596842432768071
0.10589217894476517
0.10485742017662592
0.10491188116442272
0.10353946427194329
0.10344143449390904
0.10270076505987252
0.10235221473797297
0.1026789806647538
0.10257005868916019
0.10124121058691819
0.10184028145268303
0.10080552268454376
0.10025002060901637
0.09920436964331776
0.0635048755514419
0.0635048755514419
0.06367102165942064
0.06357032704852443
0.06357536177906924
0.06308699291622262
0.062427443214852454
0.06146580968079366
0.05956771626540012
0.0583543462041008
0.0582586863237494
0.055550001290641374
0.035239898272876005
0.03310013779133156
0.028956554552952558
0.027023218023745344
0.03617635815421075
0.03564267671646084
0.03503347432053878
0.03486732821256003
0.034383994080258225
0.034162465936286565
0.033835208450873885
0.033674097073439956
0.019466087475984852
0.007166240755012912
0.07835336151288341
0.06669724638690301
0.06555173968579384
0.06530861173290535
0.06530861173290535
0.06485976012757277
0.06485976012757277
0.06383114186535228
0.06363009375046373
0.06381243971513009
0.06246588489913235
0.06246588489913235
0.06251264027468784
0.06245653382402126
0.06230691662224373
0.062082490819577445
0.06222275694624387
0.06222275694624387
0.061904820392466635
0.061755203190689105
0.06050215912580233
0.05916495538491568
0.0557938928073658
0.047822101275156986
0.03606312432295454
0.034552925692512636
0.03478670257029002
0.03314091335073723
0.03181306068496169
0.02797911988941258
0.022681735838977042
0.006981280727447894
0.07278558711372556
0.07129740056193123
0.07083043293424211
0.08070221586725893
0.08032689609173309
0.07515533871966194
0.07103554955575042
0.05535067428551946
0.05346971122445392
0.05308566308205539
0.052801991158692836
0.05196843212235056
0.052051351607641155
0.06432779961408515
0.05949228436661272
0.05885074940146971
0.05888129868552414
0.05856707747810716
0.05841433105783502
0.05810010985041804
0.05810010985041804
0.0560707645525167
0.05581764191320858
0.05576090752853607
0.05584382701382666
0.05576527171197242
0.05569108059355452
0.05568671641011817
0.05561688947513662
0.05533758173521042
0.05466986166944933
0.05266233728872973
0.05266233728872973
0.058436151975016754
0.041524941159172296
0.041943902769061604
0.04193517440218891
0.042192661224933384
0.0420268222543522
0.042005001337170465
0.04172132941380791
0.0414420216738817
0.041943902769061604
0.04820650600021949
0.048162864165856016
0.04832433895300085
0.04804503121307465
0.04800138937871118
0.04798829682840214
0.047935926627165976
0.047970840094656755
0.04783118622469365
0.04783118622469365
0.04758242776882187
0.04785300714187538
0.047708989088475935
0.047708989088475935
0.04795774754434771
0.04753442175102206
0.047420952981677034
0.04748641573322224
0.047477687366349546
0.04733803349638644
0.04663103577969824
0.046761961282788644
0.04690597933618809
0.0471198243245691
0.04684051658464289
0.046836152401206546
0.03719567119031612
0.036894542533208174
0.03660650642640928
0.03667196917795448
0.036737431929499687
0.03659777805953658
0.03648867347362791
0.03648867347362791
0.035327800679559616
0.035794768307248745
0.03565511443728564
0.035519824750758884
0.03551109638388619
0.03558092331886774
0.035716213005394494
0.03571184882195815
0.035541645667940616
0.03566820698759468
0.03538453506423213
0.03524488119426902
0.035489275466704454
0.03544999781577733
0.03544563363234099
0.035305979762377884
0.035305979762377884
0.035768583206630664
0.035332164862995966
0.035332164862995966
0.03540199179797752
0.03525360956114172
0.03546309036608637
0.035323436496123274
0.03538453506423213
0.03496557345434282
0.035087770590560535
0.03548054709983176
0.03519251099303286
0.03449424164321735
0.03407528003332804
0.03376978719278376
0.03459025367881698
0.03445059980885388
0.03431094593889078
0.034153835335182285
0.03445496399229023
0.03428039665483635
0.03386143504494704
0.03385707086151069
0.03382652157745626
0.03380906484371088
0.03384397831120165
0.03397926799772841
0.03408837258363708
