668848128	689754112
689504256	689754112
710922240	730714112
775028736	792154112
629321728	792154112
660955136	792154112
685355008	792154112
687443968	792154112
714969088	792154112
722735104	792154112
736993280	792154112
717705216	792154112
641118208	788897792
641118208	788897792
641118208	788897792
641118208	788897792
641118208	788897792
641118208	788897792
641118208	788897792
641118208	788897792
641118208	788897792
641118208	788897792
641118208	788897792
641118208	788897792
641118208	788897792
641118208	788897792
641118208	788897792
641118208	788897792
641118208	788897792
641118208	788897792
641118208	788897792
641118208	788897792
641118208	788897792
641118208	788897792
641118208	788897792
641118208	788897792
641118208	788897792
641118208	788897792
641118208	788897792
641118208	788897792
641118208	693547008
641118208	693547008
641118208	693547008
658853888	693547008
680697856	693547008
692445184	693547008
693202944	693547008
699441152	714027008
705060864	714027008
705060864	714027008
712433664	714027008
784224256	795947008
767115264	795947008
689127424	795947008
689127424	795947008
689127424	795947008
689127424	795947008
689127424	795947008
704389120	795947008
726323200	795947008
745463808	795947008
747724800	795947008
767123456	795947008
770682880	795947008
783859712	795947008
824590336	836907008
806608896	836907008
727539712	836907008
727539712	836907008
727539712	836907008
727539712	836907008
727539712	836907008
727539712	836907008
727539712	836907008
727539712	836907008
727539712	836907008
727539712	836907008
727539712	836907008
727539712	836907008
727539712	836907008
727539712	836907008
727539712	836907008
727539712	836907008
727539712	836907008
727539712	836907008
727539712	836907008
727539712	836907008
727539712	836907008
727539712	836907008
727539712	836907008
727539712	836907008
727539712	836907008
727539712	836907008
727539712	836907008
727539712	836907008
727539712	836907008
727539712	779968512
727539712	779968512
727539712	779968512
727539712	779968512
727539712	779968512
727539712	779968512
727539712	779968512
745873408	779968512
781279232	800448512
782872576	800448512
783106048	800448512
783290368	800448512
783372288	800448512
783495168	800448512
783495168	800448512
788729856	800448512
800428032	800448512
812646400	820928512
854458368	861888512
948879360	964288512
951701504	964288512
830976000	964288512
849448960	964288512
884424704	964288512
886263808	964288512
886493184	964288512
886616064	964288512
911962112	964288512
913063936	964288512
921866240	964288512
937349120	964288512
940236800	964288512
965951488	984768512
967786496	984768512
970428416	984768512
970428416	984768512
970428416	984768512
931504128	984768512
849354752	984768512
849354752	984768512
849354752	984768512
849354752	984768512
849354752	984768512
849354752	984768512
849354752	984768512
849354752	984768512
849354752	984768512
849354752	984768512
849354752	984768512
849354752	984768512
849354752	984768512
849354752	984768512
849354752	984768512
849354752	984768512
849354752	984768512
849354752	984768512
849354752	984768512
849354752	901783552
849354752	901783552
849354752	901783552
849354752	901783552
849354752	901783552
849354752	901783552
849354752	901783552
849354752	901783552
849354752	901783552
849354752	901783552
868016128	901783552
902471680	922263552
903954432	922263552
904617984	922263552
904814592	922263552
904970240	922263552
906366976	922263552
911609856	922263552
922206208	922263552
931258368	942743552
975933440	983703552
1070166016	1086103552
1071992832	1086103552
1043894272	1086103552
971243520	1086103552
990695424	1086103552
1010925568	1086103552
1037877248	1086103552
1047982080	1086103552
1061183488	1086103552
996286464	1086103552
1020145664	1086103552
1033523200	1086103552
1047449600	1086103552
1063120896	1086103552
1091002368	1106583552
1049124864	1106583552
972587008	1106583552
972410880	1106583552
972410880	1106583552
972410880	1106583552
972410880	1106583552
972410880	1106583552
972410880	1106583552
972410880	1106583552
972410880	1106583552
972410880	1106583552
972410880	1106583552
972410880	1106583552
972410880	1106583552
972410880	1106583552
972410880	1106583552
972410880	1106583552
972410880	1106583552
972410880	1106583552
972410880	1106583552
972410880	1106583552
972410880	1106583552
972410880	1024839680
972410880	1024839680
972410880	1024839680
972410880	1024839680
972410880	1024839680
972410880	1024839680
972410880	1024839680
972410880	1024839680
972410880	1024839680
972410880	1024839680
972410880	1024839680
972410880	1024839680
991948800	1024839680
1025916928	1045319680
1027923968	1045319680
1028182016	1045319680
1028182016	1045319680
1028308992	1045319680
1045262336	1045319680
1056346112	1065799680
1099563008	1106759680
1192685568	1209159680
1153138688	1209159680
1075953664	1209159680
1075953664	1209159680
1108078592	1209159680
1131917312	1209159680
1157087232	1209159680
1161535488	1209159680
1173241856	1209159680
1185402880	1209159680
1213693952	1229639680
1177567232	1229639680
1114927104	1229639680
1149120512	1229639680
1151336448	1229639680
1153187840	1229639680
1178578944	1229639680
1184051200	1229639680
1192484864	1229639680
1203412992	1229639680
1107419136	1229639680
1107419136	1229639680
1107419136	1229639680
1107419136	1229639680
1107419136	1229639680
1107419136	1229639680
1107419136	1229639680
1107419136	1229639680
1107419136	1229639680
1107419136	1229639680
1107419136	1229639680
1107419136	1229639680
1107419136	1229639680
1107419136	1229639680
1107419136	1229639680
1107419136	1229639680
1107419136	1229639680
1107419136	1159847936
1107419136	1159847936
1107419136	1159847936
1107419136	1159847936
1107419136	1159847936
1107419136	1159847936
1107419136	1159847936
1107419136	1159847936
1107419136	1159847936
1107419136	1159847936
1107419136	1159847936
1107419136	1159847936
1107419136	1159847936
1107419136	1159847936
1138368512	1159847936
1158602752	1159847936
1159847936	1159847936
1159806976	1159847936
1170083840	1180327936
1195089920	1200807936
1256284160	1262247936
1235943424	1262247936
1157787648	1262247936
1157787648	1262247936
1157787648	1262247936
1157787648	1262247936
1157787648	1262247936
1157787648	1262247936
1157787648	1262247936
1157787648	1210216448
1157787648	1210216448
