16621568	20000000000
16506880	22000000000
16748544	110000000
16449536	110000000
16580608	110000000
17125376	110000000
16777216	110000000
16826368	110000000
17137664	110000000
17571840	110000000
17231872	110000000
16764928	110000000
16756736	110000000
16748544	110000000
17166336	110000000
16646144	110000000
17719296	110000000
17076224	110000000
17264640	110000000
17625088	110000000
17072128	110000000
17735680	110000000
16969728	110000000
17698816	110000000
16846848	110000000
16650240	110000000
17362944	110000000
17235968	110000000
17051648	110000000
17317888	110000000
17424384	110000000
17711104	110000000
17162240	110000000
16977920	110000000
16707584	110000000
17035264	110000000
17412096	110000000
17326080	110000000
17293312	110000000
17293312	110000000
17215488	110000000
17289216	110000000
17190912	110000000
16986112	110000000
17166336	110000000
17305600	110000000
17567744	110000000
17035264	110000000
17686528	110000000
17043456	110000000
17268736	110000000
16842752	110000000
17051648	110000000
16863232	110000000
17313792	110000000
17457152	110000000
17113088	110000000
17068032	110000000
17510400	110000000
16982016	110000000
17510400	110000000
17248256	110000000
16818176	110000000
17367040	110000000
17166336	110000000
17043456	110000000
17326080	110000000
17186816	110000000
17399808	110000000
17158144	110000000
17473536	110000000
17252352	110000000
17240064	110000000
15867904	110000000
15867904	110000000
15867904	110000000
15867904	110000000
15867904	110000000
17219584	110000000
16973824	110000000
17416192	110000000
16818176	110000000
17301504	110000000
17006592	110000000
17117184	110000000
17022976	110000000
16609280	110000000
17059840	110000000
17088512	110000000
17039360	110000000
17166336	110000000
17162240	110000000
17235968	110000000
16842752	110000000
17375232	110000000
16891904	110000000
17010688	110000000
17207296	110000000
17444864	110000000
17264640	110000000
16977920	110000000
17285120	110000000
17244160	110000000
17141760	110000000
17100800	110000000
16748544	110000000
17383424	110000000
17219584	110000000
17612800	110000000
16744448	110000000
17059840	110000000
17309696	110000000
16769024	110000000
16875520	110000000
17575936	110000000
17195008	110000000
17199104	110000000
17489920	110000000
17293312	110000000
17371136	110000000
