2916352.0	20000000000.0
2916352.0	22000000000.0
2916352.0	110000000.0
2916352.0	110000000.0
2916352.0	110000000.0
2916352.0	110000000.0
2916352.0	110000000.0
2916352.0	110000000.0
2916352.0	110000000.0
2916352.0	110000000.0
2916352.0	110000000.0
2916352.0	110000000.0
2916352.0	110000000.0
2916352.0	110000000.0
2916352.0	110000000.0
2916352.0	110000000.0
2916352.0	110000000.0
2916352.0	110000000.0
2916352.0	110000000.0
2916352.0	110000000.0
2916352.0	110000000.0
2916352.0	110000000.0
2916352.0	110000000.0
2916352.0	110000000.0
2916352.0	110000000.0
2916352.0	110000000.0
2916352.0	110000000.0
2916352.0	110000000.0
2916352.0	110000000.0
2916352.0	110000000.0
2916352.0	110000000.0
2916352.0	110000000.0
2916352.0	110000000.0
2916352.0	110000000.0
2916352.0	110000000.0
2916352.0	110000000.0
2916352.0	110000000.0
2916352.0	110000000.0
2916352.0	110000000.0
2916352.0	110000000.0
2916352.0	110000000.0
2916352.0	110000000.0
2916352.0	110000000.0
2916352.0	110000000.0
2916352.0	110000000.0
2916352.0	110000000.0
2916352.0	110000000.0
2916352.0	110000000.0
2916352.0	110000000.0
2916352.0	110000000.0
2916352.0	110000000.0
2916352.0	110000000.0
2916352.0	110000000.0
2916352.0	110000000.0
2916352.0	110000000.0
2916352.0	110000000.0
2916352.0	110000000.0
2916352.0	110000000.0
2916352.0	110000000.0
2916352.0	110000000.0
2916352.0	110000000.0
2916352.0	110000000.0
2916352.0	110000000.0
2916352.0	110000000.0
2916352.0	110000000.0
2916352.0	110000000.0
2916352.0	110000000.0
2916352.0	110000000.0
2916352.0	110000000.0
2916352.0	110000000.0
2916352.0	110000000.0
2916352.0	110000000.0
2916352.0	110000000.0
2916352.0	110000000.0
2916352.0	110000000.0
2916352.0	110000000.0
2916352.0	110000000.0
2916352.0	110000000.0
2916352.0	110000000.0
2916352.0	110000000.0
2916352.0	110000000.0
2916352.0	110000000.0
2916352.0	110000000.0
2916352.0	110000000.0
2916352.0	110000000.0
2916352.0	110000000.0
2916352.0	110000000.0
2916352.0	110000000.0
2916352.0	110000000.0
2916352.0	110000000.0
2916352.0	110000000.0
2916352.0	110000000.0
2916352.0	110000000.0
2916352.0	110000000.0
2916352.0	110000000.0
2916352.0	110000000.0
2916352.0	110000000.0
2916352.0	110000000.0
2916352.0	110000000.0
2916352.0	110000000.0
2916352.0	110000000.0
2916352.0	110000000.0
2916352.0	110000000.0
2916352.0	110000000.0
2916352.0	110000000.0
2916352.0	110000000.0
2916352.0	110000000.0
2916352.0	110000000.0
2916352.0	110000000.0
2916352.0	110000000.0
2916352.0	110000000.0
2916352.0	110000000.0
2916352.0	110000000.0
2916352.0	110000000.0
2916352.0	110000000.0
2916352.0	110000000.0
2916352.0	110000000.0
2916352.0	110000000.0
2916352.0	110000000.0
2916352.0	110000000.0
