64372736.0	114888704.0
65449984.0	114888704.0
66838528.0	114888704.0
66785280.0	114888704.0
66875392.0	114888704.0
67469312.0	114888704.0
67350528.0	114888704.0
67416064.0	114888704.0
67567616.0	114888704.0
67686400.0	114888704.0
67547136.0	114888704.0
67792896.0	114888704.0
67694592.0	114888704.0
67407872.0	114888704.0
67657728.0	114888704.0
68083712.0	114888704.0
67706880.0	114888704.0
68263936.0	114888704.0
68145152.0	114888704.0
68169728.0	114888704.0
68681728.0	114888704.0
68673536.0	114888704.0
68685824.0	114888704.0
68608000.0	114888704.0
68501504.0	114888704.0
68521984.0	114888704.0
68468736.0	114888704.0
68599808.0	114888704.0
68595712.0	114888704.0
68562944.0	114888704.0
68694016.0	114888704.0
68689920.0	114888704.0
68608000.0	114888704.0
68722688.0	114888704.0
68632576.0	114888704.0
68890624.0	114888704.0
68902912.0	114888704.0
69033984.0	114888704.0
69148672.0	114888704.0
69279744.0	114888704.0
69525504.0	114888704.0
70332416.0	114888704.0
70053888.0	114888704.0
70434816.0	114888704.0
70209536.0	114888704.0
70090752.0	114888704.0
69767168.0	114888704.0
69758976.0	114888704.0
69890048.0	114888704.0
70082560.0	114888704.0
70197248.0	114888704.0
69931008.0	114888704.0
70197248.0	114888704.0
70070272.0	114888704.0
70225920.0	114888704.0
70602752.0	114888704.0
70365184.0	114888704.0
70324224.0	114888704.0
70586368.0	114888704.0
70578176.0	114888704.0
70897664.0	114888704.0
71151616.0	114888704.0
71892992.0	114888704.0
71663616.0	114888704.0
71839744.0	114888704.0
72007680.0	114888704.0
72122368.0	114888704.0
72192000.0	114888704.0
72138752.0	114888704.0
71782400.0	114888704.0
72159232.0	114888704.0
72134656.0	114888704.0
72249344.0	114888704.0
72175616.0	114888704.0
72437760.0	114888704.0
72949760.0	114888704.0
72679424.0	114888704.0
72450048.0	114888704.0
72695808.0	114888704.0
72560640.0	114888704.0
72552448.0	114888704.0
72462336.0	114888704.0
73011200.0	114888704.0
72744960.0	114888704.0
72937472.0	114888704.0
73056256.0	114888704.0
72818688.0	114888704.0
72720384.0	114888704.0
72843264.0	114888704.0
73052160.0	114888704.0
73678848.0	114888704.0
73105408.0	114888704.0
73289728.0	114888704.0
73478144.0	114888704.0
73355264.0	114888704.0
73342976.0	114888704.0
73592832.0	114888704.0
73732096.0	114888704.0
73998336.0	114888704.0
74141696.0	114888704.0
74309632.0	114888704.0
74317824.0	114888704.0
74301440.0	114888704.0
74452992.0	114888704.0
74506240.0	114888704.0
74768384.0	114888704.0
74526720.0	114888704.0
74629120.0	114888704.0
75190272.0	114888704.0
75689984.0	114888704.0
75960320.0	114888704.0
75763712.0	114888704.0
75755520.0	114888704.0
75804672.0	114888704.0
75722752.0	114888704.0
75780096.0	114888704.0
76054528.0	114888704.0
76083200.0	114888704.0
76673024.0	114888704.0
76865536.0	114888704.0
77213696.0	114888704.0
77058048.0	114888704.0
77221888.0	114888704.0
77295616.0	114888704.0
77348864.0	114888704.0
77164544.0	114888704.0
77230080.0	114888704.0
77750272.0	114888704.0
77832192.0	114888704.0
77930496.0	114888704.0
77651968.0	114888704.0
77680640.0	114888704.0
77500416.0	114888704.0
77561856.0	114888704.0
77631488.0	114888704.0
77615104.0	114888704.0
77991936.0	114888704.0
78364672.0	114888704.0
78364672.0	114888704.0
78487552.0	114888704.0
