0	50000
50017	50000
50404	50000
50038	50000
49671	50000
49071	50000
50018	50000
16268	50000
0	50000
0	50000
0	50000
0	50000
0	50000
0	50000
0	50000
0	50000
0	50000
0	50000
0	50000
0	50000
0	50000
0	50000
0	50000
0	50000
0	50000
45948	50000
49939	50000
46780	50000
50001	50000
49997	50000
49983	50000
49557	50000
50000	50000
49364	50000
49222	50000
48365	50000
267	50000
0	50000
0	50000
0	50000
14736	50000
47624	50000
48668	50000
49968	50000
49998	50000
49947	50000
50001	50000
48632	50000
49609	50000
50550	50000
1191	50000
0	50000
0	50000
0	50000
0	50000
0	50000
0	50000
0	50000
0	50000
0	50000
0	50000
0	50000
0	50000
0	50000
0	50000
0	50000
0	50000
0	50000
0	50000
0	50000
0	50000
0	50000
0	50000
0	50000
0	50000
0	50000
0	50000
0	50000
0	50000
0	50000
0	50000
0	50000
0	50000
0	50000
25789	50000
49635	50000
44834	50000
50004	50000
50005	50000
49602	50000
49964	50000
49993	50000
49981	50000
49601	50000
49789	50000
49592	50000
50020	50000
27066	50000
0	50000
16874	50000
49542	50000
36722	50000
50105	50000
52743	50000
46215	50000
15037	50000
0	50000
0	50000
0	50000
0	50000
0	50000
0	50000
0	50000
0	50000
0	50000
0	50000
0	50000
0	50000
0	50000
0	50000
0	50000
0	50000
0	50000
0	50000
0	50000
0	50000
0	50000
0	50000
0	50000
0	50000
0	50000
0	50000
0	50000
0	50000
0	50000
0	50000
0	50000
0	50000
0	50000
0	50000
0	50000
0	50000
0	50000
0	50000
20074	50000
49315	50000
47822	50000
49594	50000
49962	50000
49964	50000
49911	50000
49943	50000
48291	50000
49955	50000
22266	50000
0	50000
0	50000
0	50000
0	50000
0	50000
0	50000
0	50000
0	50000
0	50000
0	50000
0	50000
0	50000
0	50000
0	50000
0	50000
0	50000
0	50000
0	50000
0	50000
0	50000
0	50000
0	50000
0	50000
0	50000
0	50000
0	50000
0	50000
0	50000
0	50000
0	50000
0	50000
0	50000
0	50000
0	50000
0	50000
0	50000
0	50000
0	50000
0	50000
0	50000
0	50000
0	50000
0	50000
0	50000
0	50000
0	50000
0	50000
0	50000
0	50000
33463	50000
45128	50000
50972	50000
49959	50000
49829	50000
49992	50000
50186	50000
48818	50000
20352	50000
0	50000
0	50000
44624	50000
47287	50000
49983	50000
50354	50000
49933	50000
47749	50000
17675	50000
0	50000
0	50000
0	50000
0	50000
0	50000
0	50000
0	50000
0	50000
0	50000
0	50000
0	50000
0	50000
0	50000
0	50000
0	50000
0	50000
0	50000
0	50000
0	50000
0	50000
0	50000
0	50000
0	50000
0	50000
0	50000
0	50000
0	50000
0	50000
0	50000
0	50000
0	50000
0	50000
0	50000
0	50000
0	50000
0	50000
0	50000
0	50000
0	50000
0	50000
0	50000
0	50000
22605	50000
45227	50000
47506	50000
50368	50000
49954	50000
50049	50000
48751	50000
8236	50000
0	50000
0	50000
0	50000
0	50000
0	50000
0	50000
0	50000
0	50000
0	50000
0	50000
0	50000
0	50000
0	50000
0	50000
0	50000
0	50000
0	50000
0	50000
0	50000
0	50000
0	50000
0	50000
0	50000
0	50000
0	50000
0	50000
0	50000
0	50000
