0	50000
50036	50000
50022	50000
53347	50000
45373	50000
50018	50000
8285	50000
0	50000
0	50000
0	50000
0	50000
0	50000
0	50000
0	50000
0	50000
0	50000
0	50000
0	50000
0	50000
0	50000
0	50000
0	50000
0	50000
18505	50000
48022	50000
34501	50000
49623	50000
50430	50000
49632	50000
50049	50000
48622	50000
49997	50000
18906	50000
0	50000
0	50000
0	50000
0	50000
0	50000
28646	50000
49984	50000
36564	50000
49967	50000
49950	50000
48830	50000
46752	50000
49658	50000
46217	50000
49983	50000
49982	50000
47750	50000
40298	50000
0	50000
0	50000
0	50000
0	50000
0	50000
0	50000
0	50000
0	50000
0	50000
0	50000
0	50000
0	50000
0	50000
0	50000
0	50000
0	50000
0	50000
0	50000
0	50000
0	50000
0	50000
0	50000
0	50000
0	50000
0	50000
0	50000
0	50000
0	50000
0	50000
0	50000
0	50000
0	50000
32742	50000
49988	50000
40905	50000
50019	50000
49994	50000
50005	50000
49612	50000
49988	50000
49876	50000
49983	50000
49973	50000
47627	50000
49568	50000
49981	50000
41721	50000
49584	50000
49553	50000
49975	50000
50052	50000
48415	50000
38221	50000
0	50000
0	50000
0	50000
0	50000
0	50000
0	50000
0	50000
0	50000
0	50000
0	50000
0	50000
0	50000
0	50000
0	50000
0	50000
0	50000
0	50000
0	50000
0	50000
0	50000
0	50000
0	50000
0	50000
0	50000
0	50000
0	50000
0	50000
0	50000
0	50000
0	50000
0	50000
0	50000
0	50000
0	50000
0	50000
0	50000
0	50000
0	50000
0	50000
34195	50000
44847	50000
49775	50000
49899	50000
49996	50000
49613	50000
49611	50000
49644	50000
49975	50000
50390	50000
49599	50000
49113	50000
49970	50000
35771	50000
46926	50000
47594	50000
49983	50000
49993	50000
49032	50000
49998	50000
21749	50000
32290	50000
38280	50000
50377	50000
49979	50000
49556	50000
41983	50000
0	50000
0	50000
0	50000
0	50000
0	50000
0	50000
0	50000
0	50000
0	50000
0	50000
0	50000
0	50000
0	50000
0	50000
0	50000
0	50000
0	50000
0	50000
0	50000
0	50000
0	50000
0	50000
0	50000
0	50000
0	50000
0	50000
0	50000
0	50000
0	50000
0	50000
0	50000
0	50000
0	50000
37937	50000
48096	50000
49988	50000
50412	50000
50836	50000
48389	50000
7756	50000
0	50000
0	50000
48240	50000
50406	50000
45513	50000
49949	50000
49957	50000
49963	50000
50365	50000
49963	50000
50374	50000
48724	50000
50376	50000
23193	50000
0	50000
0	50000
0	50000
0	50000
0	50000
0	50000
0	50000
0	50000
0	50000
0	50000
0	50000
0	50000
0	50000
0	50000
0	50000
0	50000
0	50000
0	50000
0	50000
0	50000
0	50000
0	50000
0	50000
0	50000
0	50000
0	50000
0	50000
0	50000
0	50000
0	50000
0	50000
0	50000
0	50000
0	50000
0	50000
0	50000
0	50000
0	50000
0	50000
37835	50000
44634	50000
49578	50000
49987	50000
49381	50000
36365	50000
0	50000
0	50000
0	50000
0	50000
0	50000
0	50000
0	50000
0	50000
0	50000
0	50000
0	50000
0	50000
0	50000
0	50000
0	50000
0	50000
0	50000
0	50000
0	50000
0	50000
0	50000
0	50000
0	50000
0	50000
0	50000
0	50000
0	50000
0	50000
0	50000
0	50000
0	50000
