0.0	30000.0
1008.0	30000.0
250.0	30000.0
200.0	30000.0
2190.0	30000.0
1392.0	30000.0
1302.0	30000.0
30730.0	210000.0
99839.0	107520.0
78192.0	147209.0
0.0	147209.0
0.0	147209.0
0.0	147209.0
0.0	30000.0
0.0	30000.0
77807.0	253987.0
14283.0	104032.0
4.0	104032.0
178.0	42611.0
0.0	34088.0
70219.0	107520.0
112327.0	287520.0
47373.0	94213.0
91633.0	201836.0
10828.0	66136.0
5.0	42326.0
4069.0	30000.0
313.0	30000.0
37.0	30000.0
46384.0	138664.0
100245.0	105931.0
104327.0	105931.0
77973.0	75478.0
27720.0	75478.0
0.0	75478.0
0.0	30000.0
0.0	30000.0
0.0	30000.0
0.0	30000.0
0.0	30000.0
0.0	30000.0
0.0	30000.0
0.0	30000.0
0.0	30000.0
0.0	30000.0
0.0	30000.0
0.0	30000.0
0.0	30000.0
0.0	30000.0
0.0	30000.0
0.0	30000.0
0.0	30000.0
0.0	30000.0
0.0	30000.0
0.0	30000.0
0.0	30000.0
0.0	30000.0
0.0	30000.0
0.0	30000.0
0.0	30000.0
0.0	30000.0
0.0	30000.0
0.0	30000.0
0.0	30000.0
0.0	30000.0
0.0	30000.0
0.0	30000.0
0.0	30000.0
0.0	30000.0
0.0	30000.0
0.0	30000.0
0.0	30000.0
0.0	30000.0
0.0	30000.0
0.0	30000.0
96663.0	180000.0
3872.0	78643.0
157.0	30000.0
26.0	30000.0
748.0	30000.0
53.0	30000.0
4610.0	30000.0
197.0	30000.0
256.0	30000.0
87.0	30000.0
866.0	30000.0
0.0	30000.0
46667.0	55647.0
97892.0	113628.0
99936.0	101180.0
47033.0	79459.0
0.0	162255.0
74184.0	99784.0
3592.0	70229.0
1439.0	30000.0
0.0	30000.0
487.0	30000.0
3541.0	30000.0
1836.0	30000.0
25094.0	30000.0
99860.0	140612.0
77339.0	187192.0
0.0	95841.0
0.0	95841.0
0.0	95841.0
0.0	30000.0
0.0	30000.0
0.0	30000.0
0.0	30000.0
0.0	30000.0
0.0	30000.0
0.0	30000.0
0.0	30000.0
0.0	30000.0
0.0	30000.0
0.0	30000.0
0.0	30000.0
0.0	30000.0
0.0	30000.0
0.0	30000.0
0.0	30000.0
0.0	30000.0
0.0	30000.0
0.0	30000.0
0.0	30000.0
0.0	30000.0
0.0	30000.0
0.0	30000.0
0.0	30000.0
0.0	30000.0
0.0	30000.0
0.0	30000.0
0.0	30000.0
0.0	30000.0
0.0	30000.0
63908.0	114688.0
660.0	46976.0
105.0	30000.0
908.0	30000.0
0.0	30000.0
917.0	30000.0
2891.0	30000.0
104.0	30000.0
188.0	30000.0
2419.0	30000.0
75072.0	176190.0
100718.0	107761.0
131900.0	162761.0
100686.0	99994.0
22074.0	51196.0
99551.0	100841.0
2094.0	51629.0
510.0	30000.0
50.0	30000.0
212.0	30000.0
529.0	30000.0
77036.0	90000.0
106120.0	108568.0
5459.0	59916.0
0.0	59916.0
0.0	59916.0
0.0	30000.0
0.0	30000.0
0.0	30000.0
0.0	30000.0
0.0	30000.0
0.0	30000.0
0.0	30000.0
0.0	30000.0
0.0	30000.0
0.0	30000.0
0.0	30000.0
0.0	30000.0
0.0	30000.0
0.0	30000.0
0.0	30000.0
0.0	30000.0
0.0	30000.0
0.0	30000.0
0.0	30000.0
0.0	30000.0
0.0	30000.0
0.0	30000.0
0.0	30000.0
0.0	30000.0
0.0	30000.0
0.0	30000.0
0.0	30000.0
0.0	30000.0
0.0	30000.0
0.0	30000.0
0.0	30000.0
0.0	30000.0
0.0	30000.0
0.0	30000.0
115880.0	220000.0
494.0	91750.0
3948.0	30064.0
0.0	30000.0
7.0	30000.0
20.0	30000.0
1107.0	30000.0
0.0	30000.0
1608.0	30000.0
2080.0	30000.0
100253.0	107520.0
121424.0	150588.0
100338.0	117134.0
5251.0	71765.0
6693.0	36743.0
80172.0	212338.0
3208.0	69577.0
0.0	30000.0
53.0	30000.0
163.0	30000.0
1371.0	30000.0
0.0	30000.0
100338.0	120808.0
87361.0	137515.0
90984.0	84009.0
0.0	67207.0
0.0	67207.0
0.0	67207.0
0.0	30000.0
0.0	30000.0
0.0	30000.0
0.0	30000.0
0.0	30000.0
0.0	30000.0
0.0	30000.0
0.0	30000.0
0.0	30000.0
0.0	30000.0
0.0	30000.0
0.0	30000.0
0.0	30000.0
0.0	30000.0
0.0	30000.0
0.0	30000.0
0.0	30000.0
0.0	30000.0
0.0	30000.0
0.0	30000.0
0.0	30000.0
0.0	30000.0
0.0	30000.0
0.0	30000.0
0.0	30000.0
0.0	30000.0
0.0	30000.0
0.0	30000.0
0.0	30000.0
0.0	30000.0
0.0	30000.0
0.0	30000.0
0.0	30000.0
21440.0	40960.0
32628.0	90504.0
923.0	30000.0
626.0	30000.0
44.0	30000.0
760.0	30000.0
18208.0	30000.0
97598.0	110592.0
99294.0	105592.0
136577.0	225592.0
96143.0	111977.0
0.0	89581.0
0.0	89581.0
0.0	30000.0
0.0	30000.0
0.0	30000.0
0.0	30000.0
0.0	30000.0
0.0	30000.0
0.0	30000.0
0.0	30000.0
0.0	30000.0
0.0	30000.0
0.0	30000.0
0.0	30000.0
0.0	30000.0
0.0	30000.0
0.0	30000.0
0.0	30000.0
0.0	30000.0
0.0	30000.0
0.0	30000.0
0.0	30000.0
0.0	30000.0
0.0	30000.0
0.0	30000.0
0.0	30000.0
0.0	30000.0
0.0	30000.0
0.0	30000.0
0.0	30000.0
0.0	30000.0
0.0	30000.0
0.0	30000.0
