38394.0	210000.0
100239.0	107520.0
99697.0	104012.0
104261.0	114693.0
24796.0	56162.0
1385.0	80000.0
66994.0	147968.0
7307.0	31030.0
688.0	30000.0
101.0	30000.0
962.0	30000.0
380.0	30000.0
125.0	30000.0
14.0	30000.0
230.0	30000.0
2269.0	30000.0
1170.0	30000.0
1137.0	30000.0
295.0	30000.0
13373.0	90000.0
99176.0	107520.0
99738.0	102520.0
94820.0	103431.0
112385.0	116092.0
75358.0	67898.0
32954.0	124000.0
44900.0	63962.0
843.0	32748.0
1409.0	30000.0
200.0	30000.0
1415.0	30000.0
1208.0	30000.0
782.0	30000.0
1044.0	30000.0
337.0	30000.0
38.0	30000.0
62522.0	120000.0
100194.0	110000.0
126612.0	210321.0
27064.0	128916.0
37951.0	140000.0
45994.0	68156.0
276.0	30000.0
1642.0	30000.0
321.0	30000.0
825.0	30000.0
611.0	30000.0
212.0	30000.0
1260.0	30000.0
1149.0	30000.0
1364.0	30000.0
1086.0	30000.0
72698.0	103100.0
116487.0	163100.0
79835.0	92765.0
11086.0	37996.0
78827.0	142332.0
2169.0	46638.0
989.0	30000.0
364.0	30000.0
2573.0	30000.0
64702.0	107520.0
99208.0	102520.0
112824.0	162520.0
66778.0	92575.0
24372.0	80000.0
45092.0	52428.0
1253.0	30000.0
528.0	30000.0
1518.0	30000.0
260.0	30000.0
1089.0	30000.0
172.0	30000.0
1190.0	30000.0
46359.0	168000.0
103668.0	107212.0
82728.0	65326.0
49510.0	213446.0
28936.0	30000.0
188.0	30000.0
960.0	30000.0
1286.0	30000.0
55912.0	134400.0
115210.0	167520.0
43379.0	75370.0
