7829.0	54000.0
123.0	30000.0
92.0	30000.0
112.0	30000.0
582.0	30000.0
54.0	30000.0
29109.0	39124.0
46830.0	51724.0
52467.0	51724.0
52379.0	51724.0
52417.0	51282.0
51800.0	51282.0
52443.0	51282.0
50391.0	51282.0
52017.0	51282.0
52419.0	51282.0
14261.0	51282.0
52994.0	53911.0
14293.0	30000.0
877.0	30000.0
845.0	30000.0
12.0	30000.0
200.0	30000.0
1545.0	30000.0
1682.0	30000.0
782.0	30000.0
541.0	30000.0
647.0	30000.0
576.0	30000.0
41.0	30000.0
32098.0	38832.0
47551.0	51282.0
53869.0	51282.0
53570.0	51282.0
54144.0	51282.0
59366.0	51464.0
62474.0	61309.0
82832.0	86252.0
11107.0	44928.0
58792.0	79184.0
5081.0	30000.0
432.0	30000.0
236.0	30000.0
2306.0	30000.0
2097.0	30000.0
917.0	30000.0
15226.0	30000.0
39266.0	51282.0
51672.0	51282.0
52429.0	51282.0
52032.0	51282.0
51187.0	51282.0
43904.0	51282.0
32799.0	51282.0
40570.0	98219.0
5.0	78575.0
206.0	50288.0
6.0	40230.0
38309.0	92184.0
106306.0	123184.0
89218.0	124747.0
85620.0	69527.0
8.0	55621.0
236.0	30000.0
32.0	30000.0
19482.0	30000.0
42847.0	51282.0
52449.0	51282.0
53933.0	51282.0
56766.0	56025.0
67218.0	69476.0
68083.0	69476.0
88659.0	93163.0
26288.0	30527.0
30066.0	30932.0
27124.0	41025.0
2275.0	30000.0
678.0	30000.0
1457.0	30000.0
1491.0	30000.0
25679.0	38832.0
44395.0	61538.0
53220.0	51282.0
53796.0	51282.0
19495.0	41025.0
34877.0	57618.0
48244.0	34483.0
2375.0	30000.0
5.0	30000.0
5.0	30000.0
274.0	30000.0
1877.0	30000.0
1286.0	30000.0
765.0	30000.0
64.0	30000.0
2151.0	30000.0
624.0	30000.0
387.0	30000.0
35086.0	38832.0
49008.0	51282.0
54721.0	51282.0
52771.0	51282.0
51265.0	51282.0
55623.0	61538.0
46755.0	35707.0
45987.0	51282.0
11733.0	30000.0
1895.0	30000.0
191.0	30000.0
2846.0	30000.0
2640.0	30000.0
1204.0	30000.0
17281.0	30000.0
39924.0	51282.0
51521.0	51282.0
52320.0	51282.0
52277.0	51282.0
51181.0	51282.0
51933.0	51282.0
50756.0	51282.0
51540.0	51282.0
21737.0	41025.0
51861.0	80000.0
33100.0	82635.0
1460.0	42308.0
706.0	30000.0
1532.0	30000.0
372.0	30000.0
1439.0	30000.0
651.0	30000.0
1257.0	30000.0
1239.0	30000.0
1439.0	30000.0
33050.0	38832.0
48024.0	51282.0
51489.0	51282.0
50557.0	51627.0
52056.0	51625.0
23000.0	33038.0
38608.0	39528.0
40868.0	52502.0
4002.0	30000.0
401.0	30000.0
1982.0	30000.0
957.0	30000.0
4353.0	30000.0
34339.0	38832.0
50104.0	51282.0
51909.0	51282.0
55203.0	61538.0
51955.0	51282.0
51882.0	51282.0
51526.0	51282.0
26446.0	41025.0
12129.0	30000.0
54766.0	67314.0
3890.0	35908.0
1682.0	30000.0
800.0	30000.0
9.0	30000.0
1766.0	30000.0
1113.0	30000.0
157.0	30000.0
808.0	30000.0
478.0	30000.0
6215.0	30000.0
40395.0	62560.0
64402.0	62557.0
54901.0	51282.0
52834.0	51282.0
53183.0	51282.0
