0.0	134400.0
109833.0	162520.0
39416.0	144649.0
0.0	144649.0
0.0	144649.0
0.0	30000.0
0.0	30000.0
0.0	30000.0
0.0	30000.0
0.0	30000.0
0.0	30000.0
0.0	30000.0
0.0	30000.0
0.0	30000.0
23311.0	160000.0
73431.0	46976.0
4865.0	30000.0
7312.0	90000.0
99595.0	107520.0
98840.0	117767.0
45754.0	171370.0
22337.0	70192.0
192.0	35937.0
27.0	30000.0
76825.0	127309.0
100028.0	101847.0
99998.0	101847.0
98691.0	129868.0
81966.0	83115.0
77499.0	93910.0
15115.0	30000.0
353.0	30000.0
45620.0	139745.0
100210.0	106796.0
101114.0	106788.0
63686.0	85430.0
0.0	85430.0
0.0	85430.0
0.0	85430.0
0.0	30000.0
0.0	30000.0
0.0	30000.0
0.0	30000.0
0.0	30000.0
0.0	30000.0
0.0	30000.0
0.0	30000.0
0.0	30000.0
0.0	30000.0
0.0	30000.0
0.0	30000.0
0.0	30000.0
0.0	30000.0
0.0	30000.0
0.0	30000.0
0.0	30000.0
0.0	30000.0
0.0	30000.0
0.0	30000.0
0.0	30000.0
0.0	30000.0
0.0	30000.0
0.0	30000.0
0.0	30000.0
0.0	30000.0
0.0	30000.0
0.0	30000.0
0.0	30000.0
0.0	30000.0
0.0	30000.0
0.0	30000.0
0.0	30000.0
0.0	30000.0
0.0	30000.0
65649.0	224000.0
29053.0	46976.0
1673.0	30000.0
519.0	30000.0
1033.0	30000.0
2018.0	30000.0
2262.0	30000.0
603.0	30000.0
70032.0	107520.0
98820.0	131849.0
105784.0	102185.0
33621.0	52318.0
55903.0	140689.0
31653.0	30000.0
1638.0	30000.0
2223.0	30000.0
1371.0	30000.0
69604.0	160438.0
99977.0	102680.0
110402.0	222680.0
60602.0	115785.0
8678.0	92628.0
0.0	92628.0
0.0	30000.0
0.0	30000.0
0.0	30000.0
0.0	30000.0
0.0	30000.0
0.0	30000.0
0.0	30000.0
0.0	30000.0
0.0	30000.0
0.0	30000.0
0.0	30000.0
0.0	30000.0
0.0	30000.0
0.0	30000.0
0.0	30000.0
0.0	30000.0
0.0	30000.0
0.0	30000.0
0.0	30000.0
0.0	30000.0
0.0	30000.0
0.0	30000.0
0.0	30000.0
0.0	30000.0
0.0	30000.0
0.0	30000.0
0.0	30000.0
0.0	30000.0
0.0	30000.0
0.0	30000.0
0.0	30000.0
0.0	30000.0
0.0	30000.0
0.0	30000.0
0.0	30000.0
0.0	30000.0
0.0	30000.0
52678.0	280000.0
31898.0	58720.0
2918.0	30000.0
380.0	30000.0
1527.0	30000.0
971.0	30000.0
2111.0	30000.0
22100.0	150000.0
99798.0	107520.0
99957.0	104012.0
103668.0	104012.0
96736.0	109693.0
46333.0	83754.0
12209.0	30000.0
58267.0	84963.0
8891.0	32962.0
1511.0	30000.0
258.0	30000.0
1919.0	30000.0
1657.0	30000.0
60072.0	101456.0
100220.0	101456.0
89798.0	101456.0
104027.0	103817.0
3314.0	53153.0
0.0	53153.0
0.0	53153.0
0.0	30000.0
0.0	30000.0
0.0	30000.0
0.0	30000.0
0.0	30000.0
0.0	30000.0
0.0	30000.0
0.0	30000.0
0.0	30000.0
0.0	30000.0
0.0	30000.0
0.0	30000.0
0.0	30000.0
0.0	30000.0
0.0	30000.0
0.0	30000.0
0.0	30000.0
0.0	30000.0
0.0	30000.0
0.0	30000.0
0.0	30000.0
0.0	30000.0
0.0	30000.0
0.0	30000.0
0.0	30000.0
0.0	30000.0
0.0	30000.0
0.0	30000.0
0.0	30000.0
0.0	30000.0
0.0	30000.0
0.0	30000.0
0.0	30000.0
41236.0	160000.0
52844.0	46976.0
2499.0	30000.0
7.0	30000.0
1568.0	30000.0
574.0	30000.0
1271.0	30000.0
23237.0	150000.0
99787.0	107520.0
100154.0	102520.0
109203.0	115719.0
100184.0	105719.0
78628.0	67660.0
48510.0	154641.0
64714.0	48364.0
1378.0	30000.0
3598.0	30000.0
38514.0	183831.0
99773.0	107651.0
99748.0	102651.0
105868.0	115772.0
1961.0	59274.0
0.0	59274.0
0.0	59274.0
0.0	59274.0
0.0	30000.0
0.0	30000.0
0.0	30000.0
0.0	30000.0
0.0	30000.0
0.0	30000.0
0.0	30000.0
0.0	30000.0
0.0	30000.0
0.0	30000.0
0.0	30000.0
0.0	30000.0
0.0	30000.0
0.0	30000.0
0.0	30000.0
0.0	30000.0
0.0	30000.0
0.0	30000.0
0.0	30000.0
0.0	30000.0
0.0	30000.0
0.0	30000.0
0.0	30000.0
0.0	30000.0
0.0	30000.0
0.0	30000.0
0.0	30000.0
0.0	30000.0
0.0	30000.0
0.0	30000.0
0.0	30000.0
0.0	30000.0
0.0	30000.0
0.0	30000.0
0.0	30000.0
0.0	30000.0
72322.0	166400.0
20501.0	30000.0
302.0	30000.0
3251.0	30000.0
53816.0	134400.0
99788.0	102520.0
99751.0	102520.0
113850.0	115719.0
15393.0	88575.0
0.0	88575.0
0.0	88575.0
0.0	88575.0
0.0	30000.0
0.0	30000.0
0.0	30000.0
0.0	30000.0
0.0	30000.0
0.0	30000.0
0.0	30000.0
0.0	30000.0
0.0	30000.0
0.0	30000.0
0.0	30000.0
0.0	30000.0
0.0	30000.0
0.0	30000.0
0.0	30000.0
0.0	30000.0
0.0	30000.0
0.0	30000.0
0.0	30000.0
0.0	30000.0
0.0	30000.0
0.0	30000.0
0.0	30000.0
0.0	30000.0
0.0	30000.0
0.0	30000.0
0.0	30000.0
0.0	30000.0
0.0	30000.0
0.0	30000.0
0.0	30000.0
0.0	30000.0
0.0	30000.0
