0.0	47687.0
72271.0	107785.0
111769.0	208289.0
36781.0	96988.0
0.0	96988.0
0.0	30000.0
0.0	30000.0
0.0	30000.0
0.0	30000.0
0.0	30000.0
0.0	30000.0
0.0	30000.0
0.0	30000.0
0.0	30000.0
0.0	30000.0
93337.0	174080.0
2863.0	30000.0
491.0	30000.0
97.0	30000.0
584.0	30000.0
254.0	30000.0
2299.0	30000.0
952.0	30000.0
3192.0	30000.0
86121.0	107520.0
99785.0	102520.0
100175.0	102520.0
98773.0	102520.0
89235.0	91905.0
28106.0	47055.0
56081.0	133388.0
3463.0	30000.0
1003.0	30000.0
5012.0	30000.0
29638.0	57322.0
61824.0	122992.0
99813.0	112114.0
99661.0	102114.0
112600.0	225691.0
100223.0	110552.0
64810.0	105552.0
0.0	105552.0
0.0	105552.0
0.0	30000.0
0.0	30000.0
0.0	30000.0
0.0	30000.0
0.0	30000.0
0.0	30000.0
0.0	30000.0
0.0	30000.0
0.0	30000.0
0.0	30000.0
0.0	30000.0
0.0	30000.0
0.0	30000.0
0.0	30000.0
0.0	30000.0
0.0	30000.0
0.0	30000.0
0.0	30000.0
0.0	30000.0
0.0	30000.0
0.0	30000.0
0.0	30000.0
0.0	30000.0
0.0	30000.0
0.0	30000.0
0.0	30000.0
0.0	30000.0
0.0	30000.0
0.0	30000.0
0.0	30000.0
0.0	30000.0
21926.0	100000.0
64745.0	57244.0
1784.0	30000.0
541.0	30000.0
878.0	30000.0
1135.0	30000.0
1555.0	30000.0
714.0	30000.0
1474.0	30000.0
67675.0	107520.0
99811.0	102520.0
100103.0	102520.0
106115.0	102520.0
94626.0	113562.0
63758.0	86849.0
28705.0	89714.0
43946.0	42567.0
1619.0	30000.0
444.0	30000.0
183.0	30000.0
1381.0	30000.0
7993.0	30000.0
92553.0	107520.0
99820.0	102520.0
101090.0	142412.0
99816.0	108929.0
24215.0	103929.0
0.0	103929.0
0.0	103929.0
0.0	30000.0
0.0	30000.0
0.0	30000.0
0.0	30000.0
0.0	30000.0
0.0	30000.0
0.0	30000.0
0.0	30000.0
0.0	30000.0
0.0	30000.0
0.0	30000.0
0.0	30000.0
0.0	30000.0
0.0	30000.0
0.0	30000.0
0.0	30000.0
0.0	30000.0
0.0	30000.0
0.0	30000.0
0.0	30000.0
0.0	30000.0
0.0	30000.0
0.0	30000.0
0.0	30000.0
0.0	30000.0
0.0	30000.0
0.0	30000.0
0.0	30000.0
0.0	30000.0
0.0	30000.0
0.0	30000.0
1436.0	100000.0
58263.0	184960.0
48976.0	38788.0
1969.0	30000.0
1185.0	30000.0
197.0	30000.0
896.0	30000.0
1230.0	30000.0
1572.0	30000.0
67400.0	107520.0
100188.0	102520.0
113620.0	223669.0
56428.0	73291.0
11434.0	75037.0
74647.0	107800.0
1972.0	30000.0
1611.0	30000.0
384.0	30000.0
2923.0	30000.0
1758.0	30000.0
29.0	30000.0
78997.0	107520.0
99775.0	102520.0
100164.0	102520.0
106369.0	106816.0
64986.0	85452.0
0.0	85452.0
0.0	85452.0
0.0	85452.0
0.0	30000.0
0.0	30000.0
0.0	30000.0
0.0	30000.0
0.0	30000.0
0.0	30000.0
0.0	30000.0
0.0	30000.0
0.0	30000.0
0.0	30000.0
0.0	30000.0
0.0	30000.0
0.0	30000.0
0.0	30000.0
0.0	30000.0
0.0	30000.0
0.0	30000.0
0.0	30000.0
0.0	30000.0
0.0	30000.0
0.0	30000.0
0.0	30000.0
0.0	30000.0
0.0	30000.0
0.0	30000.0
0.0	30000.0
0.0	30000.0
0.0	30000.0
0.0	30000.0
0.0	30000.0
0.0	30000.0
1257.0	100000.0
80761.0	85196.0
3037.0	30000.0
223.0	30000.0
1633.0	30000.0
1916.0	30000.0
1523.0	30000.0
778.0	30000.0
20.0	30000.0
43.0	30000.0
36949.0	168000.0
99991.0	102520.0
99951.0	102520.0
95683.0	104012.0
110006.0	136826.0
99573.0	107198.0
26401.0	56492.0
53697.0	58468.0
1705.0	30000.0
830.0	30000.0
809.0	30000.0
1227.0	30000.0
1548.0	30000.0
22576.0	130563.0
100154.0	104450.0
99787.0	104450.0
109005.0	102041.0
78765.0	81632.0
0.0	81632.0
0.0	81632.0
0.0	81632.0
0.0	30000.0
0.0	30000.0
0.0	30000.0
0.0	30000.0
0.0	30000.0
0.0	30000.0
0.0	30000.0
0.0	30000.0
0.0	30000.0
0.0	30000.0
0.0	30000.0
0.0	30000.0
0.0	30000.0
0.0	30000.0
0.0	30000.0
0.0	30000.0
0.0	30000.0
0.0	30000.0
0.0	30000.0
0.0	30000.0
0.0	30000.0
0.0	30000.0
0.0	30000.0
0.0	30000.0
0.0	30000.0
0.0	30000.0
0.0	30000.0
0.0	30000.0
0.0	30000.0
0.0	30000.0
13699.0	51200.0
79516.0	119275.0
1899.0	30000.0
1552.0	30000.0
31523.0	210000.0
100198.0	107520.0
92136.0	142016.0
112281.0	139593.0
96323.0	106328.0
17692.0	85062.0
0.0	85062.0
0.0	85062.0
0.0	30000.0
0.0	30000.0
0.0	30000.0
0.0	30000.0
0.0	30000.0
0.0	30000.0
0.0	30000.0
0.0	30000.0
0.0	30000.0
0.0	30000.0
0.0	30000.0
0.0	30000.0
0.0	30000.0
0.0	30000.0
0.0	30000.0
0.0	30000.0
0.0	30000.0
0.0	30000.0
0.0	30000.0
0.0	30000.0
0.0	30000.0
0.0	30000.0
0.0	30000.0
0.0	30000.0
0.0	30000.0
0.0	30000.0
0.0	30000.0
0.0	30000.0
0.0	30000.0
0.0	30000.0
0.0	30000.0
0.0	30000.0
0.0	30000.0
