14098.0	30000.0
535.0	30000.0
34.0	30000.0
63103.0	74468.0
93619.0	109523.0
99504.0	116523.0
112607.0	118523.0
96599.0	109018.0
11325.0	30000.0
34255.0	78000.0
30400.0	72960.0
1526.0	46694.0
567.0	30000.0
918.0	30000.0
309.0	30000.0
1445.0	30000.0
1693.0	30000.0
748.0	30000.0
794.0	30000.0
12252.0	30000.0
45568.0	68156.0
72632.0	74468.0
89505.0	89861.0
38451.0	83947.0
43666.0	103157.0
37413.0	52083.0
1953.0	30000.0
42.0	30000.0
2162.0	30000.0
715.0	30000.0
929.0	30000.0
1847.0	30000.0
626.0	30000.0
341.0	30000.0
39005.0	90000.0
98882.0	109000.0
102982.0	152000.0
99275.0	97024.0
34895.0	61571.0
687.0	39404.0
11442.0	30000.0
66856.0	91200.0
416.0	46694.0
1428.0	30000.0
391.0	30000.0
1472.0	30000.0
201.0	30000.0
969.0	30000.0
1321.0	30000.0
1003.0	30000.0
938.0	30000.0
760.0	30000.0
62599.0	114000.0
98855.0	110200.0
99767.0	105200.0
108153.0	107960.0
83394.0	82368.0
1924.0	52715.0
2680.0	33737.0
51351.0	90000.0
32804.0	58368.0
190.0	37355.0
1655.0	30000.0
858.0	30000.0
1164.0	30000.0
7.0	30000.0
184.0	30000.0
1113.0	30000.0
3077.0	30000.0
1375.0	30000.0
52091.0	102000.0
99803.0	102000.0
100886.0	102000.0
96535.0	75184.0
77600.0	59574.0
1627.0	47659.0
