0.0	30000.0
17884.0	150000.0
100235.0	107520.0
99820.0	102520.0
98497.0	90081.0
61568.0	106842.0
0.0	106842.0
0.0	106842.0
0.0	106842.0
0.0	30000.0
0.0	30000.0
0.0	30000.0
0.0	30000.0
0.0	30000.0
0.0	30000.0
60688.0	220000.0
43516.0	89128.0
218.0	36505.0
4088.0	90000.0
356.0	30000.0
14.0	30000.0
3.0	30000.0
21509.0	150000.0
99834.0	107520.0
100146.0	102520.0
109316.0	98772.0
47120.0	50570.0
12104.0	30000.0
41322.0	82755.0
34277.0	53336.0
2833.0	30000.0
762.0	30000.0
1429.0	30000.0
27427.0	150000.0
100219.0	111553.0
99790.0	106553.0
111220.0	113434.0
3987.0	86747.0
0.0	86747.0
0.0	30000.0
0.0	30000.0
0.0	30000.0
0.0	30000.0
0.0	30000.0
0.0	30000.0
0.0	30000.0
0.0	30000.0
0.0	30000.0
0.0	30000.0
0.0	30000.0
0.0	30000.0
0.0	30000.0
0.0	30000.0
0.0	30000.0
0.0	30000.0
0.0	30000.0
0.0	30000.0
0.0	30000.0
0.0	30000.0
0.0	30000.0
0.0	30000.0
0.0	30000.0
0.0	30000.0
0.0	30000.0
0.0	30000.0
0.0	30000.0
0.0	30000.0
0.0	30000.0
0.0	30000.0
0.0	30000.0
0.0	30000.0
0.0	30000.0
0.0	30000.0
0.0	30000.0
0.0	30000.0
8656.0	64000.0
69842.0	79953.0
5154.0	30000.0
99.0	30000.0
1361.0	30000.0
595.0	30000.0
392.0	30000.0
461.0	30000.0
533.0	30000.0
130.0	30000.0
223.0	30000.0
1057.0	30000.0
1990.0	30000.0
7039.0	30000.0
41950.0	63496.0
73005.0	70649.0
85374.0	94917.0
129000.0	277726.0
58474.0	72803.0
0.0	72803.0
0.0	72803.0
0.0	72803.0
0.0	30000.0
0.0	30000.0
0.0	30000.0
0.0	30000.0
0.0	30000.0
0.0	30000.0
0.0	30000.0
0.0	30000.0
0.0	30000.0
0.0	30000.0
0.0	30000.0
0.0	30000.0
0.0	30000.0
0.0	30000.0
0.0	30000.0
0.0	30000.0
0.0	30000.0
0.0	30000.0
0.0	30000.0
0.0	30000.0
0.0	30000.0
0.0	30000.0
0.0	30000.0
0.0	30000.0
0.0	30000.0
0.0	30000.0
0.0	30000.0
0.0	30000.0
0.0	30000.0
0.0	30000.0
0.0	30000.0
0.0	30000.0
0.0	30000.0
0.0	30000.0
0.0	30000.0
0.0	30000.0
0.0	30000.0
0.0	30000.0
1913.0	64000.0
53274.0	220960.0
25822.0	57922.0
1822.0	30000.0
927.0	30000.0
444.0	30000.0
1042.0	30000.0
150.0	30000.0
206.0	30000.0
2890.0	30000.0
1043.0	30000.0
942.0	30000.0
11.0	30000.0
42.0	30000.0
63102.0	100925.0
97728.0	116824.0
104658.0	111824.0
30967.0	72000.0
57548.0	67834.0
2059.0	30000.0
183.0	30000.0
11291.0	30000.0
78953.0	108134.0
113497.0	197131.0
23763.0	100930.0
0.0	100930.0
0.0	100930.0
0.0	100930.0
0.0	30000.0
0.0	30000.0
0.0	30000.0
0.0	30000.0
0.0	30000.0
0.0	30000.0
0.0	30000.0
0.0	30000.0
0.0	30000.0
0.0	30000.0
0.0	30000.0
0.0	30000.0
0.0	30000.0
0.0	30000.0
0.0	30000.0
0.0	30000.0
0.0	30000.0
0.0	30000.0
0.0	30000.0
0.0	30000.0
0.0	30000.0
0.0	30000.0
0.0	30000.0
0.0	30000.0
0.0	30000.0
0.0	30000.0
0.0	30000.0
0.0	30000.0
0.0	30000.0
0.0	30000.0
0.0	30000.0
0.0	30000.0
2426.0	80000.0
65403.0	141414.0
16960.0	46337.0
1315.0	30000.0
807.0	30000.0
1112.0	30000.0
197.0	30000.0
43.0	30000.0
3148.0	30000.0
1535.0	30000.0
294.0	30000.0
18.0	30000.0
18541.0	46729.0
77987.0	91965.0
89777.0	116912.0
30518.0	110359.0
31707.0	101626.0
42775.0	108611.0
3568.0	30000.0
140.0	30000.0
2640.0	30000.0
41996.0	152628.0
99701.0	121001.0
96454.0	99631.0
97744.0	134088.0
72318.0	85816.0
0.0	85816.0
0.0	85816.0
0.0	30000.0
0.0	30000.0
0.0	30000.0
0.0	30000.0
0.0	30000.0
0.0	30000.0
0.0	30000.0
0.0	30000.0
0.0	30000.0
0.0	30000.0
0.0	30000.0
0.0	30000.0
0.0	30000.0
0.0	30000.0
0.0	30000.0
0.0	30000.0
0.0	30000.0
0.0	30000.0
0.0	30000.0
0.0	30000.0
0.0	30000.0
0.0	30000.0
0.0	30000.0
0.0	30000.0
0.0	30000.0
0.0	30000.0
0.0	30000.0
0.0	30000.0
0.0	30000.0
0.0	30000.0
0.0	30000.0
0.0	30000.0
0.0	30000.0
0.0	30000.0
0.0	30000.0
30494.0	100960.0
49417.0	46337.0
1785.0	30000.0
1509.0	30000.0
30358.0	107203.0
100171.0	107009.0
99986.0	177607.0
117518.0	288668.0
62326.0	94589.0
0.0	94589.0
0.0	94589.0
0.0	30000.0
0.0	30000.0
0.0	30000.0
0.0	30000.0
0.0	30000.0
0.0	30000.0
0.0	30000.0
0.0	30000.0
0.0	30000.0
0.0	30000.0
0.0	30000.0
0.0	30000.0
0.0	30000.0
0.0	30000.0
0.0	30000.0
0.0	30000.0
0.0	30000.0
0.0	30000.0
0.0	30000.0
0.0	30000.0
0.0	30000.0
0.0	30000.0
0.0	30000.0
0.0	30000.0
0.0	30000.0
0.0	30000.0
0.0	30000.0
0.0	30000.0
0.0	30000.0
0.0	30000.0
0.0	30000.0
