60677.0	105479.0
88022.0	100479.0
114700.0	179506.0
35114.0	58819.0
8467.0	80000.0
73318.0	106496.0
1575.0	43619.0
1564.0	30000.0
146.0	30000.0
217.0	30000.0
1588.0	30000.0
999.0	30000.0
931.0	30000.0
1482.0	30000.0
915.0	30000.0
313.0	30000.0
14416.0	90000.0
99279.0	172800.0
99805.0	105592.0
66555.0	182778.0
40287.0	113264.0
70027.0	76435.0
1578.0	30000.0
927.0	30000.0
1188.0	30000.0
2307.0	30000.0
1277.0	30000.0
17533.0	150000.0
99796.0	107520.0
98718.0	102520.0
112950.0	284012.0
82526.0	71251.0
57860.0	260000.0
32901.0	68156.0
431.0	30000.0
1328.0	30000.0
252.0	30000.0
2165.0	30000.0
890.0	30000.0
866.0	30000.0
609.0	30000.0
555.0	30000.0
353.0	30000.0
37.0	30000.0
85061.0	107520.0
99217.0	104012.0
100196.0	104012.0
99304.0	104012.0
111882.0	181767.0
46059.0	74451.0
76921.0	176414.0
9486.0	90323.0
1020.0	30000.0
1103.0	30000.0
245.0	30000.0
1535.0	30000.0
974.0	30000.0
6181.0	30000.0
92513.0	107520.0
115044.0	282520.0
47832.0	92575.0
97424.0	143360.0
2629.0	73400.0
8.0	46976.0
1426.0	30000.0
1240.0	30000.0
2984.0	30000.0
1341.0	30000.0
257.0	30000.0
246.0	30000.0
28533.0	210000.0
100150.0	102520.0
113506.0	282520.0
76575.0	74060.0
26805.0	107398.0
59309.0	58700.0
995.0	30000.0
796.0	30000.0
636.0	30000.0
264.0	30000.0
1454.0	30000.0
678.0	30000.0
660.0	30000.0
29823.0	210000.0
99855.0	107520.0
81568.0	148489.0
96545.0	293791.0
60338.0	92268.0
64794.0	208000.0
27525.0	68156.0
757.0	43619.0
578.0	30000.0
1077.0	30000.0
10.0	30000.0
1641.0	30000.0
859.0	30000.0
727.0	30000.0
977.0	30000.0
314.0	30000.0
52110.0	134400.0
99793.0	82016.0
96822.0	103431.0
115549.0	223431.0
88132.0	196223.0
70885.0	64297.0
18182.0	41149.0
70089.0	90582.0
1539.0	37101.0
292.0	30000.0
940.0	30000.0
633.0	30000.0
347.0	30000.0
1322.0	30000.0
1444.0	30000.0
42494.0	120000.0
105950.0	110000.0
77691.0	95027.0
31780.0	160000.0
65391.0	174080.0
3782.0	57041.0
3.0	45632.0
8.0	36505.0
2899.0	30000.0
1716.0	30000.0
2180.0	30000.0
542.0	30000.0
31604.0	210000.0
99769.0	107520.0
118908.0	190016.0
78496.0	65013.0
