5.0	30000.0
1440.0	30000.0
12355.0	43200.0
4828.0	30000.0
100.0	30000.0
8418.0	30000.0
33741.0	37230.0
47423.0	48780.0
51394.0	48780.0
48432.0	48780.0
53043.0	48780.0
48021.0	48780.0
1760.0	39024.0
9190.0	31219.0
49401.0	103219.0
18464.0	42278.0
971.0	30000.0
455.0	30000.0
314.0	30000.0
199.0	30000.0
399.0	30000.0
16.0	30000.0
1982.0	30000.0
1567.0	30000.0
21787.0	30000.0
39038.0	36995.0
48261.0	47619.0
62415.0	59605.0
59414.0	59605.0
58757.0	49030.0
50677.0	48052.0
56906.0	58880.0
63266.0	47619.0
47853.0	47619.0
36391.0	38095.0
