69618.0	78512.0
83694.0	110468.0
99082.0	109974.0
101543.0	104974.0
101970.0	114223.0
11022.0	58481.0
2349.0	46784.0
57561.0	109427.0
15453.0	56025.0
514.0	30000.0
331.0	30000.0
1069.0	30000.0
14.0	30000.0
174.0	30000.0
2702.0	30000.0
2031.0	30000.0
543.0	30000.0
1042.0	30000.0
342.0	30000.0
48.0	30000.0
36252.0	90000.0
99552.0	108992.0
99794.0	103992.0
113852.0	121593.0
76194.0	109019.0
13620.0	69772.0
62274.0	105116.0
1243.0	43054.0
538.0	30000.0
639.0	30000.0
117.0	30000.0
303.0	30000.0
461.0	30000.0
10.0	30000.0
283.0	30000.0
2154.0	30000.0
1158.0	30000.0
728.0	30000.0
830.0	30000.0
39.0	30000.0
11151.0	42000.0
85692.0	115200.0
105823.0	116960.0
98050.0	106960.0
10263.0	35048.0
64557.0	119048.0
3507.0	30000.0
1864.0	30000.0
2070.0	30000.0
3974.0	30000.0
31667.0	32280.0
55607.0	60671.0
71845.0	86381.0
89941.0	86375.0
93721.0	83478.0
10923.0	81558.0
40710.0	77246.0
28217.0	70052.0
2280.0	30000.0
657.0	30000.0
1449.0	30000.0
215.0	30000.0
1300.0	30000.0
2762.0	30000.0
1206.0	30000.0
608.0	30000.0
37.0	30000.0
67868.0	114000.0
99833.0	104000.0
104651.0	104000.0
100185.0	107000.0
76074.0	65280.0
9343.0	33423.0
68043.0	93938.0
2623.0	30780.0
1014.0	30000.0
44.0	30000.0
1947.0	30000.0
1160.0	30000.0
6379.0	30000.0
83043.0	114000.0
100237.0	104000.0
100331.0	72413.0
73544.0	72413.0
17897.0	67199.0
31927.0	62524.0
56990.0	56375.0
877.0	30000.0
1434.0	30000.0
668.0	30000.0
1734.0	30000.0
24.0	30000.0
223.0	30000.0
1371.0	30000.0
511.0	30000.0
200.0	30000.0
1804.0	30000.0
28431.0	53241.0
55619.0	57453.0
69331.0	70469.0
72283.0	71447.0
89874.0	89109.0
100174.0	109687.0
54866.0	53599.0
64051.0	113599.0
2296.0	46529.0
739.0	30000.0
195.0	30000.0
36.0	30000.0
1956.0	30000.0
752.0	30000.0
14253.0	30000.0
52414.0	70869.0
73398.0	70869.0
64195.0	70469.0
21.0	56375.0
21091.0	56375.0
63756.0	70469.0
10168.0	42224.0
811.0	30000.0
242.0	30000.0
2484.0	30000.0
2948.0	30000.0
852.0	30000.0
60556.0	93000.0
92602.0	93000.0
95795.0	97240.0
96025.0	98666.0
38467.0	80142.0
