0.0	30000.0
68981.0	107520.0
115590.0	230016.0
21169.0	117767.0
0.0	117767.0
0.0	30000.0
0.0	30000.0
0.0	30000.0
0.0	30000.0
0.0	30000.0
0.0	30000.0
0.0	30000.0
0.0	30000.0
0.0	30000.0
0.0	30000.0
0.0	30000.0
37510.0	160000.0
57175.0	73400.0
7.0	58720.0
338.0	30000.0
3912.0	30000.0
353.0	30000.0
7.0	30000.0
50.0	30000.0
82062.0	110464.0
105721.0	105464.0
85150.0	79577.0
60283.0	100290.0
46811.0	47633.0
4098.0	30000.0
8326.0	30000.0
88904.0	111434.0
112136.0	99281.0
21840.0	99281.0
0.0	99281.0
0.0	30000.0
0.0	30000.0
0.0	30000.0
0.0	30000.0
0.0	30000.0
0.0	30000.0
0.0	30000.0
0.0	30000.0
0.0	30000.0
0.0	30000.0
0.0	30000.0
0.0	30000.0
0.0	30000.0
0.0	30000.0
0.0	30000.0
0.0	30000.0
0.0	30000.0
0.0	30000.0
0.0	30000.0
0.0	30000.0
0.0	30000.0
0.0	30000.0
0.0	30000.0
0.0	30000.0
0.0	30000.0
0.0	30000.0
0.0	30000.0
0.0	30000.0
0.0	30000.0
0.0	30000.0
0.0	30000.0
0.0	30000.0
0.0	30000.0
0.0	30000.0
0.0	30000.0
0.0	30000.0
0.0	30000.0
0.0	30000.0
0.0	30000.0
0.0	30000.0
0.0	30000.0
29320.0	160000.0
38379.0	57671.0
2024.0	30000.0
936.0	30000.0
376.0	30000.0
136.0	30000.0
195.0	30000.0
1272.0	30000.0
2835.0	30000.0
33908.0	210000.0
99648.0	102520.0
99586.0	111387.0
7057.0	45623.0
60520.0	171980.0
27761.0	30000.0
941.0	30000.0
1346.0	30000.0
10.0	30000.0
2513.0	30000.0
2625.0	30000.0
44.0	30000.0
55048.0	134400.0
98390.0	102520.0
102036.0	102520.0
95522.0	103820.0
0.0	83056.0
0.0	83056.0
0.0	30000.0
0.0	30000.0
0.0	30000.0
0.0	30000.0
0.0	30000.0
0.0	30000.0
0.0	30000.0
0.0	30000.0
0.0	30000.0
0.0	30000.0
0.0	30000.0
0.0	30000.0
0.0	30000.0
0.0	30000.0
0.0	30000.0
0.0	30000.0
0.0	30000.0
0.0	30000.0
0.0	30000.0
0.0	30000.0
0.0	30000.0
0.0	30000.0
0.0	30000.0
0.0	30000.0
0.0	30000.0
0.0	30000.0
0.0	30000.0
0.0	30000.0
0.0	30000.0
0.0	30000.0
0.0	30000.0
0.0	30000.0
0.0	30000.0
8341.0	51200.0
67741.0	108936.0
4395.0	35695.0
1226.0	30000.0
1847.0	30000.0
182.0	30000.0
10.0	30000.0
1626.0	30000.0
1986.0	30000.0
61196.0	107520.0
100213.0	102520.0
101096.0	162520.0
61911.0	43398.0
66066.0	93008.0
2340.0	30476.0
1453.0	30000.0
227.0	30000.0
3922.0	30000.0
1599.0	30000.0
39.0	30000.0
87352.0	99585.0
99722.0	102134.0
107181.0	102134.0
92035.0	111776.0
27137.0	85420.0
0.0	85420.0
0.0	85420.0
0.0	30000.0
0.0	30000.0
0.0	30000.0
0.0	30000.0
0.0	30000.0
0.0	30000.0
0.0	30000.0
0.0	30000.0
0.0	30000.0
0.0	30000.0
0.0	30000.0
0.0	30000.0
0.0	30000.0
0.0	30000.0
0.0	30000.0
0.0	30000.0
0.0	30000.0
0.0	30000.0
0.0	30000.0
0.0	30000.0
0.0	30000.0
0.0	30000.0
0.0	30000.0
0.0	30000.0
0.0	30000.0
0.0	30000.0
0.0	30000.0
0.0	30000.0
0.0	30000.0
0.0	30000.0
0.0	30000.0
0.0	30000.0
0.0	30000.0
4487.0	80000.0
81212.0	79953.0
1307.0	32748.0
1185.0	30000.0
612.0	30000.0
286.0	30000.0
25.0	30000.0
1338.0	30000.0
1715.0	30000.0
19367.0	108614.0
99817.0	102912.0
99748.0	112574.0
22938.0	36887.0
39089.0	43824.0
33994.0	58868.0
2239.0	30000.0
1231.0	30000.0
678.0	30000.0
1482.0	30000.0
1807.0	30000.0
31668.0	120000.0
99746.0	110000.0
93206.0	109609.0
0.0	109609.0
0.0	109609.0
0.0	30000.0
0.0	30000.0
0.0	30000.0
0.0	30000.0
0.0	30000.0
0.0	30000.0
0.0	30000.0
0.0	30000.0
0.0	30000.0
0.0	30000.0
0.0	30000.0
0.0	30000.0
0.0	30000.0
0.0	30000.0
0.0	30000.0
0.0	30000.0
0.0	30000.0
0.0	30000.0
0.0	30000.0
0.0	30000.0
0.0	30000.0
0.0	30000.0
0.0	30000.0
0.0	30000.0
0.0	30000.0
0.0	30000.0
0.0	30000.0
0.0	30000.0
0.0	30000.0
0.0	30000.0
0.0	30000.0
0.0	30000.0
0.0	30000.0
0.0	30000.0
0.0	30000.0
0.0	30000.0
0.0	30000.0
0.0	30000.0
0.0	30000.0
0.0	30000.0
0.0	30000.0
0.0	30000.0
0.0	30000.0
0.0	30000.0
0.0	30000.0
0.0	30000.0
0.0	30000.0
0.0	30000.0
0.0	30000.0
0.0	30000.0
0.0	30000.0
0.0	30000.0
0.0	30000.0
0.0	30000.0
0.0	30000.0
0.0	30000.0
0.0	30000.0
0.0	30000.0
0.0	30000.0
0.0	30000.0
0.0	30000.0
0.0	30000.0
0.0	30000.0
0.0	30000.0
0.0	30000.0
0.0	30000.0
0.0	30000.0
0.0	30000.0
0.0	30000.0
0.0	30000.0
0.0	30000.0
0.0	30000.0
0.0	30000.0
0.0	30000.0
0.0	30000.0
0.0	30000.0
0.0	30000.0
0.0	30000.0
0.0	30000.0
