329.0	30000.0
1476.0	30000.0
15267.0	30000.0
123.0	30000.0
538.0	30000.0
32218.0	42000.0
63885.0	63282.0
61363.0	57369.0
79697.0	96467.0
4810.0	39512.0
45793.0	66000.0
27863.0	36939.0
658.0	30000.0
2142.0	30000.0
1161.0	30000.0
1640.0	30000.0
6072.0	30000.0
84462.0	102000.0
99731.0	102000.0
100278.0	109000.0
93022.0	88800.0
21326.0	71040.0
48723.0	55627.0
2118.0	30000.0
1167.0	30000.0
580.0	30000.0
17.0	30000.0
1308.0	30000.0
892.0	30000.0
6860.0	30000.0
50370.0	55200.0
56622.0	55198.0
54281.0	48780.0
49031.0	48780.0
50317.0	48780.0
32467.0	31219.0
34724.0	37541.0
40286.0	48780.0
3260.0	30000.0
266.0	30000.0
25.0	30000.0
1978.0	30000.0
1323.0	30000.0
31030.0	37230.0
45148.0	48780.0
55849.0	56481.0
56321.0	54249.0
53004.0	48780.0
49887.0	48780.0
48287.0	48780.0
51172.0	48780.0
50314.0	48780.0
38034.0	39024.0
32774.0	60150.0
52010.0	68088.0
1513.0	30000.0
849.0	30000.0
4.0	30000.0
236.0	30000.0
1551.0	30000.0
608.0	30000.0
618.0	30000.0
51597.0	102000.0
98320.0	103200.0
99912.0	105200.0
97162.0	107618.0
34027.0	68875.0
50584.0	55100.0
49934.0	48780.0
5226.0	30000.0
1724.0	30000.0
311.0	30000.0
4603.0	30000.0
12425.0	30000.0
44733.0	48780.0
50681.0	48780.0
50310.0	48780.0
56300.0	48780.0
61478.0	58536.0
54796.0	48780.0
50685.0	48780.0
6055.0	58536.0
9532.0	37462.0
57388.0	107792.0
3002.0	35320.0
1602.0	30000.0
666.0	30000.0
393.0	30000.0
475.0	30000.0
222.0	30000.0
1327.0	30000.0
176.0	30000.0
1282.0	30000.0
892.0	30000.0
32213.0	37230.0
48719.0	57907.0
56995.0	49758.0
54317.0	48780.0
50595.0	48780.0
50386.0	48780.0
56719.0	53509.0
53912.0	53509.0
53098.0	48780.0
46886.0	48780.0
1802.0	39024.0
15600.0	32588.0
35857.0	77627.0
17583.0	52032.0
526.0	30000.0
1314.0	30000.0
4.0	30000.0
183.0	30000.0
26.0	30000.0
2931.0	30000.0
1069.0	30000.0
822.0	30000.0
18027.0	30000.0
40781.0	48780.0
64807.0	67248.0
70339.0	61640.0
60985.0	56584.0
59395.0	48780.0
51095.0	48780.0
50271.0	48780.0
49850.0	48780.0
50310.0	48780.0
38428.0	48780.0
