1159.0	30000.0
7519.0	30000.0
4632.0	30000.0
650.0	30000.0
31963.0	78000.0
99936.0	102000.0
97513.0	102000.0
99672.0	102000.0
98283.0	94620.0
71505.0	56936.0
66209.0	71155.0
3221.0	30000.0
2022.0	30000.0
3156.0	30000.0
536.0	30000.0
942.0	30000.0
6324.0	30000.0
82036.0	102000.0
100997.0	98044.0
48237.0	97031.0
72649.0	113624.0
11101.0	46540.0
2955.0	30000.0
6.0	30000.0
192.0	30000.0
24.0	30000.0
2578.0	30000.0
4098.0	30000.0
19048.0	30000.0
41138.0	48780.0
50343.0	48780.0
55656.0	49998.0
53182.0	48780.0
51868.0	48780.0
52795.0	48780.0
54398.0	89060.0
102741.0	94132.0
48955.0	61353.0
2344.0	30000.0
74686.0	102000.0
8295.0	65280.0
1933.0	30000.0
446.0	30000.0
850.0	30000.0
194.0	30000.0
1828.0	30000.0
631.0	30000.0
1106.0	30000.0
39041.0	48780.0
51964.0	48780.0
50144.0	48780.0
51106.0	48780.0
47406.0	48624.0
17787.0	30000.0
39184.0	48780.0
24419.0	30000.0
1719.0	30000.0
126.0	30000.0
293.0	30000.0
3792.0	30000.0
13174.0	30000.0
37172.0	48780.0
50001.0	48780.0
51193.0	48780.0
50634.0	58536.0
50019.0	48780.0
51100.0	48780.0
43129.0	48780.0
8550.0	43219.0
69711.0	73740.0
1949.0	30000.0
1048.0	30000.0
726.0	30000.0
82.0	30000.0
194.0	30000.0
1182.0	30000.0
771.0	30000.0
1642.0	30000.0
1181.0	30000.0
19243.0	30000.0
39936.0	40090.0
48631.0	48780.0
78467.0	107005.0
99279.0	102004.0
98928.0	102004.0
60413.0	65434.0
29010.0	48762.0
56913.0	76358.0
3524.0	31275.0
873.0	30000.0
2033.0	30000.0
31974.0	37230.0
45472.0	48780.0
51054.0	48780.0
50277.0	48780.0
49950.0	48780.0
8818.0	39024.0
69790.0	110364.0
3844.0	30000.0
3.0	30000.0
2651.0	30000.0
1908.0	30000.0
1821.0	30000.0
1271.0	30000.0
8899.0	30000.0
44439.0	86160.0
71524.0	51303.0
51609.0	56303.0
56245.0	56303.0
62314.0	72271.0
71556.0	72270.0
82636.0	89490.0
96024.0	103772.0
42214.0	42504.0
42436.0	48780.0
10832.0	30000.0
1744.0	30000.0
15499.0	30000.0
35975.0	48780.0
51475.0	48780.0
51836.0	48780.0
47891.0	48780.0
22760.0	48780.0
