196075520.0	248504320.0
196075520.0	248504320.0
196075520.0	248504320.0
196075520.0	248504320.0
196075520.0	248504320.0
196075520.0	248504320.0
196075520.0	248504320.0
196075520.0	248504320.0
196075520.0	248504320.0
196075520.0	248504320.0
196075520.0	248504320.0
196075520.0	248504320.0
196075520.0	248504320.0
196075520.0	248504320.0
196075520.0	248504320.0
196075520.0	248504320.0
196075520.0	248504320.0
196075520.0	248504320.0
215191552.0	248504320.0
250114048.0	268984320.0
251740160.0	268984320.0
251736064.0	268984320.0
252137472.0	268984320.0
252235776.0	268984320.0
252448768.0	268984320.0
254042112.0	268984320.0
268820480.0	268984320.0
268980224.0	268984320.0
274481152.0	289464320.0
283918336.0	289464320.0
326463488.0	330424320.0
226975744.0	330424320.0
226967552.0	330424320.0
226967552.0	330424320.0
226967552.0	330424320.0
226967552.0	330424320.0
226967552.0	330424320.0
226967552.0	330424320.0
226967552.0	330424320.0
226967552.0	330424320.0
226967552.0	330424320.0
226967552.0	330424320.0
226967552.0	330424320.0
226967552.0	330424320.0
226967552.0	330424320.0
226967552.0	330424320.0
226967552.0	330424320.0
226967552.0	330424320.0
226967552.0	330424320.0
226967552.0	330424320.0
226967552.0	330424320.0
226967552.0	330424320.0
226967552.0	330424320.0
226967552.0	330424320.0
226967552.0	330424320.0
226967552.0	279396352.0
226967552.0	279396352.0
226967552.0	279396352.0
226967552.0	279396352.0
226967552.0	279396352.0
226967552.0	279396352.0
226967552.0	279396352.0
226967552.0	279396352.0
226967552.0	279396352.0
226967552.0	279396352.0
226967552.0	279396352.0
226967552.0	279396352.0
226967552.0	279396352.0
226967552.0	279396352.0
226967552.0	279396352.0
226967552.0	279396352.0
226967552.0	279396352.0
226967552.0	279396352.0
226967552.0	279396352.0
226967552.0	279396352.0
226967552.0	279396352.0
226967552.0	279396352.0
230203392.0	279396352.0
245719040.0	279396352.0
280633344.0	299876352.0
282255360.0	299876352.0
282505216.0	299876352.0
282730496.0	299876352.0
282890240.0	299876352.0
283004928.0	299876352.0
283004928.0	299876352.0
283144192.0	299876352.0
292175872.0	299876352.0
299868160.0	299876352.0
312995840.0	320356352.0
353431552.0	361316352.0
257445888.0	361316352.0
257445888.0	361316352.0
257445888.0	361316352.0
257445888.0	361316352.0
257445888.0	361316352.0
257445888.0	361316352.0
257445888.0	361316352.0
257445888.0	361316352.0
257445888.0	361316352.0
257445888.0	361316352.0
257445888.0	361316352.0
257445888.0	361316352.0
257445888.0	361316352.0
257445888.0	361316352.0
257445888.0	361316352.0
257445888.0	361316352.0
257445888.0	309874688.0
257445888.0	309874688.0
257445888.0	309874688.0
257445888.0	309874688.0
257445888.0	309874688.0
257445888.0	309874688.0
257445888.0	309874688.0
257445888.0	309874688.0
257445888.0	309874688.0
257445888.0	309874688.0
257445888.0	309874688.0
257445888.0	309874688.0
257445888.0	309874688.0
257445888.0	309874688.0
257445888.0	309874688.0
257445888.0	309874688.0
257445888.0	309874688.0
257445888.0	309874688.0
257445888.0	309874688.0
257445888.0	309874688.0
257445888.0	309874688.0
257445888.0	309874688.0
257445888.0	309874688.0
257445888.0	309874688.0
257445888.0	309874688.0
257445888.0	309874688.0
257445888.0	309874688.0
257445888.0	309874688.0
257445888.0	309874688.0
257445888.0	309874688.0
257445888.0	309874688.0
263352320.0	309874688.0
298844160.0	309874688.0
311136256.0	330354688.0
312172544.0	330354688.0
312889344.0	330354688.0
312811520.0	330354688.0
312963072.0	330354688.0
313196544.0	330354688.0
313204736.0	330354688.0
325570560.0	330354688.0
330100736.0	330354688.0
334315520.0	350834688.0
342142976.0	350834688.0
383102976.0	391794688.0
385523712.0	391794688.0
287539200.0	391794688.0
287539200.0	391794688.0
287539200.0	391794688.0
287539200.0	391794688.0
287539200.0	391794688.0
287539200.0	339968000.0
287539200.0	339968000.0
287539200.0	339968000.0
287539200.0	339968000.0
287539200.0	339968000.0
287539200.0	339968000.0
287539200.0	339968000.0
287539200.0	339968000.0
287539200.0	339968000.0
287539200.0	339968000.0
287539200.0	339968000.0
287539200.0	339968000.0
287539200.0	339968000.0
287539200.0	339968000.0
287539200.0	339968000.0
287539200.0	339968000.0
287539200.0	339968000.0
287539200.0	339968000.0
287539200.0	339968000.0
287539200.0	339968000.0
287539200.0	339968000.0
287539200.0	339968000.0
287539200.0	339968000.0
287539200.0	339968000.0
287539200.0	339968000.0
287539200.0	339968000.0
287539200.0	339968000.0
287539200.0	339968000.0
287539200.0	339968000.0
287539200.0	339968000.0
287539200.0	339968000.0
287539200.0	339968000.0
287539200.0	339968000.0
287539200.0	339968000.0
287539200.0	339968000.0
287539200.0	339968000.0
287539200.0	339968000.0
287539200.0	339968000.0
287539200.0	339968000.0
290680832.0	339968000.0
318783488.0	339968000.0
341168128.0	360448000.0
342388736.0	360448000.0
342896640.0	360448000.0
343404544.0	360448000.0
343543808.0	360448000.0
343543808.0	360448000.0
345284608.0	360448000.0
352772096.0	360448000.0
360247296.0	360448000.0
372977664.0	380928000.0
413794304.0	421888000.0
317935616.0	421888000.0
317935616.0	421888000.0
317935616.0	421888000.0
317935616.0	421888000.0
317935616.0	421888000.0
317935616.0	421888000.0
317935616.0	421888000.0
317935616.0	421888000.0
317935616.0	421888000.0
317935616.0	421888000.0
317935616.0	421888000.0
317935616.0	421888000.0
317935616.0	421888000.0
317935616.0	421888000.0
317935616.0	421888000.0
317935616.0	421888000.0
317935616.0	421888000.0
317935616.0	421888000.0
317935616.0	421888000.0
317935616.0	421888000.0
317935616.0	421888000.0
317935616.0	421888000.0
317935616.0	421888000.0
317935616.0	421888000.0
317935616.0	421888000.0
317935616.0	421888000.0
317935616.0	370364416.0
317935616.0	370364416.0
317935616.0	370364416.0
317935616.0	370364416.0
317935616.0	370364416.0
317935616.0	370364416.0
317935616.0	370364416.0
317935616.0	370364416.0
317935616.0	370364416.0
317935616.0	370364416.0
317935616.0	370364416.0
317935616.0	370364416.0
317935616.0	370364416.0
317935616.0	370364416.0
317935616.0	370364416.0
317935616.0	370364416.0
317935616.0	370364416.0
317935616.0	370364416.0
317935616.0	370364416.0
317935616.0	370364416.0
317935616.0	370364416.0
317935616.0	370364416.0
317935616.0	370364416.0
317935616.0	370364416.0
317935616.0	370364416.0
317935616.0	370364416.0
317935616.0	370364416.0
317935616.0	370364416.0
317935616.0	370364416.0
317935616.0	370364416.0
317935616.0	370364416.0
317935616.0	370364416.0
317935616.0	370364416.0
317935616.0	370364416.0
317935616.0	370364416.0
317935616.0	370364416.0
317935616.0	370364416.0
317935616.0	370364416.0
317935616.0	370364416.0
317935616.0	370364416.0
317935616.0	370364416.0
317935616.0	370364416.0
317935616.0	370364416.0
317935616.0	370364416.0
317935616.0	370364416.0
317935616.0	370364416.0
317935616.0	370364416.0
317935616.0	370364416.0
317935616.0	370364416.0
317935616.0	370364416.0
317935616.0	370364416.0
317935616.0	370364416.0
317935616.0	370364416.0
317935616.0	370364416.0
317935616.0	370364416.0
317935616.0	370364416.0
317935616.0	370364416.0
317935616.0	370364416.0
317935616.0	370364416.0
317935616.0	370364416.0
317935616.0	370364416.0
317935616.0	370364416.0
317935616.0	370364416.0
317935616.0	370364416.0
