1221922816.0	1236045824.0
1236041728.0	1236045824.0
1293398016.0	1297485824.0
1296183296.0	1297485824.0
1403404288.0	1420365824.0
1404416000.0	1420365824.0
1371852800.0	1420365824.0
1272856576.0	1420365824.0
1310392320.0	1420365824.0
1313816576.0	1420365824.0
1314529280.0	1420365824.0
1314598912.0	1420365824.0
1314734080.0	1420365824.0
1316970496.0	1420365824.0
1331572736.0	1420365824.0
1338224640.0	1420365824.0
1339867136.0	1420365824.0
1352548352.0	1420365824.0
1366544384.0	1420365824.0
1354665984.0	1420365824.0
1270607872.0	1420365824.0
1270607872.0	1420365824.0
1270607872.0	1420365824.0
1270607872.0	1323036672.0
1270607872.0	1323036672.0
1270607872.0	1323036672.0
1270607872.0	1323036672.0
1270607872.0	1323036672.0
1270607872.0	1323036672.0
1270607872.0	1323036672.0
1270607872.0	1323036672.0
1270607872.0	1323036672.0
1270607872.0	1323036672.0
1270607872.0	1323036672.0
1270607872.0	1323036672.0
1270607872.0	1323036672.0
1270607872.0	1323036672.0
1270607872.0	1323036672.0
1270607872.0	1323036672.0
1270607872.0	1323036672.0
1270607872.0	1323036672.0
1270607872.0	1323036672.0
1270607872.0	1323036672.0
1270607872.0	1323036672.0
1270607872.0	1323036672.0
1270607872.0	1323036672.0
1270607872.0	1323036672.0
1270607872.0	1323036672.0
1270607872.0	1323036672.0
1270607872.0	1323036672.0
1270607872.0	1323036672.0
1270607872.0	1323036672.0
1270607872.0	1323036672.0
1270607872.0	1323036672.0
1270607872.0	1323036672.0
1270607872.0	1323036672.0
1270607872.0	1323036672.0
1270607872.0	1323036672.0
1270607872.0	1323036672.0
1270607872.0	1323036672.0
1270607872.0	1323036672.0
1290428416.0	1323036672.0
1323032576.0	1323036672.0
1321689088.0	1323036672.0
1321824256.0	1323036672.0
1322688512.0	1323036672.0
1322799104.0	1323036672.0
1326608384.0	1343516672.0
1333252096.0	1343516672.0
1333252096.0	1343516672.0
1361788928.0	1363996672.0
1418002432.0	1425436672.0
1320013824.0	1425436672.0
1320013824.0	1425436672.0
1322909696.0	1425436672.0
1373634560.0	1425436672.0
1374924800.0	1425436672.0
1375830016.0	1425436672.0
1375793152.0	1425436672.0
1377382400.0	1425436672.0
1396723712.0	1425436672.0
1415708672.0	1425436672.0
1437405184.0	1445916672.0
1531322368.0	1548316672.0
1535115264.0	1548316672.0
1414533120.0	1548316672.0
1414443008.0	1548316672.0
1414443008.0	1548316672.0
1414443008.0	1548316672.0
1414443008.0	1548316672.0
1414443008.0	1548316672.0
1414443008.0	1548316672.0
1414443008.0	1548316672.0
1414443008.0	1548316672.0
1414443008.0	1548316672.0
1414443008.0	1548316672.0
1414443008.0	1548316672.0
1414443008.0	1548316672.0
1414443008.0	1548316672.0
1414443008.0	1548316672.0
1414443008.0	1548316672.0
1414443008.0	1548316672.0
1414443008.0	1548316672.0
1414443008.0	1548316672.0
1414443008.0	1548316672.0
1414443008.0	1548316672.0
1414443008.0	1466871808.0
1414443008.0	1466871808.0
1414443008.0	1466871808.0
1414443008.0	1466871808.0
1414443008.0	1466871808.0
1414443008.0	1466871808.0
1414443008.0	1466871808.0
1414443008.0	1466871808.0
1414443008.0	1466871808.0
1414443008.0	1466871808.0
1414443008.0	1466871808.0
1414443008.0	1466871808.0
1414443008.0	1466871808.0
1414443008.0	1466871808.0
1414443008.0	1466871808.0
1434038272.0	1466871808.0
1469775872.0	1487351808.0
1469796352.0	1487351808.0
1470234624.0	1487351808.0
1470545920.0	1487351808.0
1470652416.0	1487351808.0
1470787584.0	1487351808.0
1472262144.0	1487351808.0
1487282176.0	1487351808.0
1487265792.0	1487351808.0
1501233152.0	1507831808.0
1543733248.0	1548791808.0
1637617664.0	1651191808.0
1595043840.0	1651191808.0
1518436352.0	1651191808.0
1533796352.0	1651191808.0
1572765696.0	1651191808.0
1574080512.0	1651191808.0
1574756352.0	1651191808.0
1574850560.0	1651191808.0
1574948864.0	1651191808.0
1575079936.0	1651191808.0
1600282624.0	1651191808.0
1614495744.0	1651191808.0
1626214400.0	1651191808.0
1629147136.0	1651191808.0
1530814464.0	1651191808.0
1530806272.0	1651191808.0
1530806272.0	1651191808.0
1530806272.0	1651191808.0
1530806272.0	1651191808.0
1530806272.0	1651191808.0
1530806272.0	1651191808.0
1530806272.0	1651191808.0
1530806272.0	1651191808.0
1530806272.0	1651191808.0
1530806272.0	1651191808.0
1530806272.0	1651191808.0
1530806272.0	1651191808.0
1530806272.0	1651191808.0
1530806272.0	1651191808.0
1530806272.0	1583235072.0
1530806272.0	1583235072.0
1530806272.0	1583235072.0
1530806272.0	1583235072.0
1530806272.0	1583235072.0
1530806272.0	1583235072.0
1530806272.0	1583235072.0
1530806272.0	1583235072.0
1530806272.0	1583235072.0
1530806272.0	1583235072.0
1530806272.0	1583235072.0
1530806272.0	1583235072.0
1530806272.0	1583235072.0
1530806272.0	1583235072.0
1530806272.0	1583235072.0
1530806272.0	1583235072.0
1530806272.0	1583235072.0
1530806272.0	1583235072.0
1530806272.0	1583235072.0
1583230976.0	1583235072.0
1582157824.0	1583235072.0
1582063616.0	1583235072.0
1582063616.0	1583235072.0
1583149056.0	1583235072.0
1582977024.0	1603715072.0
1594093568.0	1603715072.0
1619046400.0	1624195072.0
1676521472.0	1685635072.0
1578491904.0	1685635072.0
1593475072.0	1685635072.0
1632546816.0	1685635072.0
1633779712.0	1685635072.0
1634443264.0	1685635072.0
1634652160.0	1685635072.0
1635856384.0	1685635072.0
1652793344.0	1685635072.0
1666891776.0	1685635072.0
1692504064.0	1706115072.0
1772548096.0	1788035072.0
1777262592.0	1788035072.0
1738309632.0	1788035072.0
1656246272.0	1788035072.0
1656246272.0	1788035072.0
1656246272.0	1788035072.0
1656246272.0	1788035072.0
1656246272.0	1788035072.0
1656246272.0	1788035072.0
1656246272.0	1788035072.0
1656246272.0	1788035072.0
1656246272.0	1788035072.0
1656246272.0	1788035072.0
1656246272.0	1788035072.0
1656246272.0	1788035072.0
1656246272.0	1788035072.0
1656246272.0	1788035072.0
1656246272.0	1788035072.0
1656246272.0	1708675072.0
1656246272.0	1708675072.0
1656246272.0	1708675072.0
1656246272.0	1708675072.0
1656246272.0	1708675072.0
1656246272.0	1708675072.0
1656246272.0	1708675072.0
1656246272.0	1708675072.0
1656246272.0	1708675072.0
1656246272.0	1708675072.0
1656246272.0	1708675072.0
1656246272.0	1708675072.0
1656246272.0	1708675072.0
1656246272.0	1708675072.0
1656246272.0	1708675072.0
1656246272.0	1708675072.0
1656246272.0	1708675072.0
1656246272.0	1708675072.0
1656246272.0	1708675072.0
1656246272.0	1708675072.0
1656246272.0	1708675072.0
1656246272.0	1708675072.0
1656246272.0	1708675072.0
1692606464.0	1708675072.0
1710927872.0	1729155072.0
1710911488.0	1729155072.0
1711554560.0	1729155072.0
1711587328.0	1729155072.0
1711828992.0	1729155072.0
1711960064.0	1729155072.0
1712926720.0	1729155072.0
1713217536.0	1729155072.0
1722937344.0	1729155072.0
1729142784.0	1729155072.0
1740181504.0	1749635072.0
1782714368.0	1790595072.0
1875447808.0	1892995072.0
1877938176.0	1892995072.0
1837342720.0	1892995072.0
1759428608.0	1892995072.0
1759424512.0	1892995072.0
1759424512.0	1892995072.0
1759424512.0	1892995072.0
1759424512.0	1892995072.0
1759424512.0	1892995072.0
1759424512.0	1892995072.0
1759424512.0	1892995072.0
1759424512.0	1892995072.0
1759424512.0	1892995072.0
1759424512.0	1892995072.0
1759424512.0	1892995072.0
1759424512.0	1892995072.0
1759424512.0	1892995072.0
1759424512.0	1892995072.0
1759424512.0	1892995072.0
1759424512.0	1892995072.0
1759424512.0	1811853312.0
1759424512.0	1811853312.0
1759424512.0	1811853312.0
1759424512.0	1811853312.0
1759424512.0	1811853312.0
1759424512.0	1811853312.0
1759424512.0	1811853312.0
1759424512.0	1811853312.0
1759424512.0	1811853312.0
1759424512.0	1811853312.0
1759424512.0	1811853312.0
1759424512.0	1811853312.0
1759424512.0	1811853312.0
1759424512.0	1811853312.0
1759424512.0	1811853312.0
1759424512.0	1811853312.0
1759424512.0	1811853312.0
1759424512.0	1811853312.0
1759424512.0	1811853312.0
1759424512.0	1811853312.0
1759424512.0	1811853312.0
1759424512.0	1811853312.0
1759424512.0	1811853312.0
1759424512.0	1811853312.0
1759424512.0	1811853312.0
1759424512.0	1811853312.0
