650756096.0	737308672.0
652759040.0	737308672.0
652877824.0	737308672.0
653008896.0	737308672.0
665989120.0	737308672.0
676278272.0	737308672.0
678227968.0	737308672.0
678227968.0	737308672.0
691109888.0	737308672.0
708038656.0	737308672.0
723316736.0	737308672.0
695214080.0	737308672.0
624062464.0	737308672.0
658898944.0	737308672.0
661450752.0	737308672.0
692101120.0	737308672.0
709423104.0	737308672.0
692903936.0	737308672.0
638906368.0	737308672.0
670830592.0	737308672.0
685490176.0	737308672.0
692076544.0	737308672.0
710512640.0	737308672.0
720687104.0	737308672.0
723423232.0	737308672.0
682725376.0	737308672.0
606834688.0	737308672.0
606670848.0	737308672.0
606670848.0	737308672.0
606670848.0	737308672.0
606670848.0	737308672.0
606670848.0	737308672.0
606670848.0	737308672.0
606670848.0	737308672.0
606670848.0	737308672.0
606670848.0	737308672.0
606670848.0	737308672.0
606670848.0	737308672.0
606670848.0	737308672.0
606670848.0	737308672.0
606670848.0	737308672.0
606670848.0	737308672.0
606670848.0	737308672.0
606670848.0	737308672.0
606670848.0	737308672.0
606670848.0	737308672.0
606670848.0	737308672.0
606670848.0	737308672.0
606670848.0	737308672.0
606670848.0	737308672.0
606670848.0	737308672.0
606670848.0	659099648.0
624390144.0	659099648.0
661303296.0	679579648.0
662061056.0	679579648.0
662200320.0	679579648.0
662327296.0	679579648.0
662458368.0	679579648.0
664600576.0	679579648.0
679575552.0	679579648.0
679485440.0	679579648.0
679419904.0	679579648.0
679419904.0	679579648.0
689463296.0	700059648.0
733536256.0	741019648.0
713957376.0	741019648.0
637100032.0	741019648.0
671002624.0	741019648.0
692232192.0	741019648.0
693125120.0	741019648.0
693256192.0	741019648.0
695894016.0	741019648.0
706564096.0	741019648.0
718479360.0	741019648.0
723652608.0	741019648.0
735301632.0	741019648.0
774770688.0	761499648.0
849674240.0	863899648.0
813121536.0	863899648.0
729649152.0	863899648.0
729649152.0	863899648.0
729649152.0	863899648.0
729649152.0	863899648.0
729649152.0	863899648.0
729649152.0	863899648.0
729649152.0	863899648.0
729649152.0	863899648.0
729649152.0	863899648.0
729649152.0	863899648.0
729649152.0	863899648.0
729649152.0	863899648.0
729649152.0	863899648.0
729649152.0	863899648.0
729649152.0	863899648.0
729649152.0	863899648.0
729649152.0	863899648.0
729649152.0	863899648.0
729649152.0	863899648.0
729649152.0	863899648.0
729649152.0	863899648.0
729649152.0	863899648.0
729649152.0	782077952.0
729649152.0	782077952.0
729649152.0	782077952.0
729649152.0	782077952.0
729649152.0	782077952.0
729649152.0	782077952.0
729649152.0	782077952.0
729649152.0	782077952.0
729649152.0	782077952.0
729649152.0	782077952.0
729649152.0	782077952.0
732647424.0	782077952.0
782106624.0	782077952.0
785108992.0	802557952.0
785637376.0	802557952.0
785637376.0	802557952.0
786845696.0	802557952.0
793141248.0	802557952.0
802488320.0	802557952.0
802492416.0	802557952.0
807108608.0	823037952.0
854511616.0	863997952.0
841465856.0	863997952.0
759869440.0	863997952.0
759869440.0	863997952.0
778350592.0	863997952.0
815157248.0	863997952.0
815939584.0	863997952.0
816148480.0	863997952.0
817045504.0	863997952.0
817790976.0	863997952.0
834121728.0	863997952.0
848769024.0	863997952.0
874811392.0	884477952.0
779132928.0	884477952.0
779132928.0	884477952.0
779132928.0	884477952.0
779132928.0	884477952.0
779132928.0	884477952.0
779132928.0	884477952.0
779132928.0	884477952.0
779132928.0	884477952.0
779132928.0	884477952.0
779132928.0	884477952.0
779132928.0	884477952.0
779132928.0	884477952.0
779132928.0	884477952.0
779132928.0	884477952.0
779132928.0	884477952.0
779132928.0	884477952.0
779132928.0	884477952.0
779132928.0	884477952.0
779132928.0	884477952.0
779132928.0	884477952.0
779132928.0	884477952.0
779132928.0	884477952.0
779132928.0	831561728.0
779132928.0	831561728.0
779132928.0	831561728.0
779132928.0	831561728.0
779132928.0	831561728.0
779132928.0	831561728.0
779132928.0	831561728.0
779132928.0	831561728.0
779132928.0	831561728.0
779132928.0	831561728.0
779132928.0	831561728.0
779132928.0	831561728.0
779132928.0	831561728.0
779132928.0	831561728.0
779132928.0	831561728.0
797548544.0	831561728.0
833351680.0	852041728.0
834011136.0	852041728.0
834248704.0	852041728.0
834244608.0	852041728.0
834375680.0	852041728.0
835555328.0	852041728.0
844857344.0	852041728.0
851881984.0	852041728.0
852860928.0	872521728.0
902742016.0	913481728.0
885772288.0	913481728.0
811888640.0	913481728.0
839999488.0	913481728.0
864034816.0	913481728.0
864669696.0	913481728.0
864927744.0	913481728.0
866258944.0	913481728.0
889737216.0	913481728.0
921837568.0	933961728.0
1016365056.0	1036361728.0
1019809792.0	1036361728.0
901230592.0	1036361728.0
901226496.0	1036361728.0
901226496.0	1036361728.0
901226496.0	1036361728.0
901226496.0	1036361728.0
901226496.0	1036361728.0
901226496.0	1036361728.0
901226496.0	1036361728.0
901226496.0	1036361728.0
901226496.0	1036361728.0
901226496.0	1036361728.0
901226496.0	1036361728.0
901226496.0	1036361728.0
901226496.0	1036361728.0
901226496.0	1036361728.0
901226496.0	1036361728.0
901226496.0	1036361728.0
901226496.0	1036361728.0
901226496.0	953655296.0
901226496.0	953655296.0
901226496.0	953655296.0
901226496.0	953655296.0
901226496.0	953655296.0
901226496.0	953655296.0
901226496.0	953655296.0
901226496.0	953655296.0
901226496.0	953655296.0
901226496.0	953655296.0
901226496.0	953655296.0
901226496.0	953655296.0
901226496.0	953655296.0
901226496.0	953655296.0
901226496.0	953655296.0
901226496.0	953655296.0
901226496.0	953655296.0
901226496.0	953655296.0
901226496.0	953655296.0
901226496.0	953655296.0
919195648.0	953655296.0
955531264.0	974135296.0
956076032.0	974135296.0
956444672.0	974135296.0
956559360.0	974135296.0
956690432.0	974135296.0
958017536.0	974135296.0
973950976.0	974135296.0
986472448.0	994615296.0
1029480448.0	1035575296.0
1122119680.0	1137975296.0
1125904384.0	1137975296.0
1004412928.0	1137975296.0
1023143936.0	1137975296.0
1060012032.0	1137975296.0
1060265984.0	1137975296.0
1087467520.0	1137975296.0
1099571200.0	1137975296.0
1111744512.0	1137975296.0
1137606656.0	1158455296.0
1141760000.0	1158455296.0
1111425024.0	1158455296.0
1021181952.0	1158455296.0
1021181952.0	1158455296.0
1021181952.0	1158455296.0
1021181952.0	1158455296.0
1021181952.0	1158455296.0
1021181952.0	1158455296.0
1021181952.0	1158455296.0
1021181952.0	1158455296.0
1021181952.0	1158455296.0
1021181952.0	1158455296.0
1021181952.0	1158455296.0
1021181952.0	1158455296.0
1021181952.0	1158455296.0
1021181952.0	1158455296.0
1021181952.0	1158455296.0
1021181952.0	1073610752.0
1021181952.0	1073610752.0
1021181952.0	1073610752.0
1021181952.0	1073610752.0
1021181952.0	1073610752.0
1021181952.0	1073610752.0
1021181952.0	1073610752.0
1021181952.0	1073610752.0
1021181952.0	1073610752.0
1021181952.0	1073610752.0
1021181952.0	1073610752.0
1021181952.0	1073610752.0
1021181952.0	1073610752.0
1021181952.0	1073610752.0
1021181952.0	1073610752.0
1021181952.0	1073610752.0
1021181952.0	1073610752.0
1021181952.0	1073610752.0
1021181952.0	1073610752.0
1021181952.0	1073610752.0
1021181952.0	1073610752.0
1021181952.0	1073610752.0
1021181952.0	1073610752.0
1021181952.0	1073610752.0
1021181952.0	1073610752.0
1021181952.0	1073610752.0
1021181952.0	1073610752.0
1021181952.0	1073610752.0
1021181952.0	1073610752.0
1021181952.0	1073610752.0
1021181952.0	1073610752.0
