521023488.0	582033408.0
535609344.0	582033408.0
547848192.0	582033408.0
565833728.0	582033408.0
570396672.0	582033408.0
449470464.0	582033408.0
449470464.0	582033408.0
449470464.0	582033408.0
449470464.0	582033408.0
449470464.0	582033408.0
449470464.0	582033408.0
449470464.0	582033408.0
449470464.0	582033408.0
449470464.0	582033408.0
463933440.0	582033408.0
503607296.0	582033408.0
504786944.0	582033408.0
505507840.0	582033408.0
505647104.0	582033408.0
506843136.0	582033408.0
524959744.0	582033408.0
542105600.0	582033408.0
534495232.0	582033408.0
475340800.0	582033408.0
511401984.0	582033408.0
525889536.0	528023552.0
526012416.0	528023552.0
527323136.0	528023552.0
524263424.0	528023552.0
547192832.0	548503552.0
561364992.0	568983552.0
461615104.0	568983552.0
461615104.0	568983552.0
461615104.0	568983552.0
461615104.0	568983552.0
461615104.0	568983552.0
461615104.0	568983552.0
461615104.0	568983552.0
461615104.0	568983552.0
461615104.0	568983552.0
461615104.0	568983552.0
461615104.0	568983552.0
461615104.0	568983552.0
461615104.0	568983552.0
461615104.0	568983552.0
461615104.0	568983552.0
461615104.0	568983552.0
461615104.0	568983552.0
461615104.0	568983552.0
461615104.0	568983552.0
461615104.0	568983552.0
461615104.0	568983552.0
461615104.0	514043904.0
461615104.0	514043904.0
461615104.0	514043904.0
461615104.0	514043904.0
461615104.0	514043904.0
461615104.0	514043904.0
461615104.0	514043904.0
461615104.0	514043904.0
461615104.0	514043904.0
461615104.0	514043904.0
461615104.0	514043904.0
461615104.0	514043904.0
461615104.0	514043904.0
461615104.0	514043904.0
461615104.0	514043904.0
461615104.0	514043904.0
461615104.0	514043904.0
461615104.0	514043904.0
461615104.0	514043904.0
461615104.0	514043904.0
461615104.0	514043904.0
461615104.0	514043904.0
487456768.0	514043904.0
516546560.0	534523904.0
517443584.0	534523904.0
517541888.0	534523904.0
517681152.0	534523904.0
518533120.0	534523904.0
524627968.0	534523904.0
532176896.0	534523904.0
534466560.0	534523904.0
534511616.0	534523904.0
587517952.0	595963904.0
681267200.0	698363904.0
683913216.0	698363904.0
644354048.0	698363904.0
565194752.0	698363904.0
570920960.0	698363904.0
595591168.0	698363904.0
620871680.0	698363904.0
621436928.0	698363904.0
621527040.0	698363904.0
621629440.0	698363904.0
621768704.0	698363904.0
628428800.0	698363904.0
642408448.0	698363904.0
660033536.0	698363904.0
674074624.0	698363904.0
656486400.0	698363904.0
577794048.0	698363904.0
577794048.0	698363904.0
577794048.0	698363904.0
577794048.0	698363904.0
577794048.0	630222848.0
577794048.0	630222848.0
577794048.0	630222848.0
577794048.0	630222848.0
577794048.0	630222848.0
577794048.0	630222848.0
577794048.0	630222848.0
577794048.0	630222848.0
577794048.0	630222848.0
577794048.0	630222848.0
577794048.0	630222848.0
577794048.0	630222848.0
577794048.0	630222848.0
577794048.0	630222848.0
577794048.0	630222848.0
577794048.0	630222848.0
577794048.0	630222848.0
577794048.0	630222848.0
577794048.0	630222848.0
577794048.0	630222848.0
577794048.0	630222848.0
577794048.0	630222848.0
577794048.0	630222848.0
577794048.0	630222848.0
577794048.0	630222848.0
577794048.0	630222848.0
577794048.0	630222848.0
577794048.0	630222848.0
577794048.0	630222848.0
603471872.0	630222848.0
628817920.0	630222848.0
629149696.0	630222848.0
629084160.0	630222848.0
629219328.0	630222848.0
630145024.0	630222848.0
630190080.0	630222848.0
640143360.0	650702848.0
666734592.0	671182848.0
709406720.0	732622848.0
611418112.0	732622848.0
649863168.0	732622848.0
665763840.0	732622848.0
666968064.0	732622848.0
667504640.0	732622848.0
667750400.0	732622848.0
667889664.0	732622848.0
680648704.0	732622848.0
692989952.0	732622848.0
694247424.0	732622848.0
708788224.0	732622848.0
721874944.0	732622848.0
778973184.0	794062848.0
749277184.0	794062848.0
660488192.0	794062848.0
660488192.0	794062848.0
660488192.0	794062848.0
660488192.0	794062848.0
660488192.0	794062848.0
660488192.0	794062848.0
660488192.0	794062848.0
660488192.0	794062848.0
660488192.0	794062848.0
660488192.0	794062848.0
660488192.0	794062848.0
660488192.0	794062848.0
660488192.0	794062848.0
660488192.0	794062848.0
660488192.0	794062848.0
660488192.0	794062848.0
660488192.0	794062848.0
660488192.0	794062848.0
660488192.0	794062848.0
660488192.0	794062848.0
660488192.0	794062848.0
660488192.0	794062848.0
660488192.0	794062848.0
660488192.0	794062848.0
660488192.0	712916992.0
660488192.0	712916992.0
660488192.0	712916992.0
660488192.0	712916992.0
660488192.0	712916992.0
660488192.0	712916992.0
660488192.0	712916992.0
660488192.0	712916992.0
660488192.0	712916992.0
660488192.0	712916992.0
660488192.0	712916992.0
660488192.0	712916992.0
679788544.0	712916992.0
715108352.0	733396992.0
715886592.0	733396992.0
716152832.0	733396992.0
716156928.0	733396992.0
716292096.0	733396992.0
720408576.0	733396992.0
733364224.0	733396992.0
744554496.0	753876992.0
788590592.0	794836992.0
767922176.0	794836992.0
693714944.0	794836992.0
709419008.0	794836992.0
744751104.0	794836992.0
746450944.0	792772608.0
746848256.0	792772608.0
746987520.0	792772608.0
750006272.0	792772608.0
760475648.0	792772608.0
779259904.0	792772608.0
805462016.0	813252608.0
899866624.0	915652608.0
859086848.0	915652608.0
783667200.0	915652608.0
783667200.0	915652608.0
783667200.0	915652608.0
783667200.0	915652608.0
783667200.0	915652608.0
783667200.0	915652608.0
783667200.0	915652608.0
783667200.0	915652608.0
783667200.0	915652608.0
783667200.0	915652608.0
783667200.0	915652608.0
783667200.0	915652608.0
783667200.0	915652608.0
783667200.0	915652608.0
783667200.0	915652608.0
783667200.0	915652608.0
783667200.0	915652608.0
783667200.0	836096000.0
783667200.0	836096000.0
783667200.0	836096000.0
783667200.0	836096000.0
783667200.0	836096000.0
783667200.0	836096000.0
783667200.0	836096000.0
783667200.0	836096000.0
783667200.0	836096000.0
783667200.0	836096000.0
783667200.0	836096000.0
783667200.0	836096000.0
783667200.0	836096000.0
783667200.0	836096000.0
783667200.0	836096000.0
783667200.0	836096000.0
783667200.0	836096000.0
783667200.0	836096000.0
783667200.0	836096000.0
783667200.0	836096000.0
783667200.0	836096000.0
816041984.0	836096000.0
838430720.0	856576000.0
839401472.0	856576000.0
839540736.0	856576000.0
843153408.0	856576000.0
857919488.0	877056000.0
868687872.0	877056000.0
910082048.0	918016000.0
1004285952.0	1020416000.0
1007968256.0	1020416000.0
968527872.0	1020416000.0
887128064.0	1020416000.0
887128064.0	1020416000.0
887128064.0	1020416000.0
887128064.0	1020416000.0
887128064.0	1020416000.0
887128064.0	1020416000.0
887128064.0	1020416000.0
887128064.0	1020416000.0
887128064.0	1020416000.0
887128064.0	1020416000.0
887128064.0	1020416000.0
887128064.0	1020416000.0
887128064.0	1020416000.0
887128064.0	1020416000.0
887128064.0	1020416000.0
887128064.0	1020416000.0
887128064.0	1020416000.0
887128064.0	1020416000.0
887128064.0	1020416000.0
887128064.0	939556864.0
887128064.0	939556864.0
887128064.0	939556864.0
887128064.0	939556864.0
887128064.0	939556864.0
887128064.0	939556864.0
887128064.0	939556864.0
887128064.0	939556864.0
887128064.0	939556864.0
887128064.0	939556864.0
887128064.0	939556864.0
887128064.0	939556864.0
887128064.0	939556864.0
887128064.0	939556864.0
887128064.0	939556864.0
