244072448.0	244047872.0
278179840.0	285007872.0
267468800.0	285007872.0
267747328.0	285007872.0
285003776.0	285007872.0
324845568.0	325967872.0
388878336.0	407887872.0
391946240.0	407887872.0
361070592.0	407887872.0
251760640.0	407887872.0
277438464.0	407887872.0
300908544.0	407887872.0
302026752.0	407887872.0
302518272.0	407887872.0
302809088.0	407887872.0
303042560.0	407887872.0
305119232.0	407887872.0
314703872.0	407887872.0
321777664.0	407887872.0
328347648.0	407887872.0
330559488.0	407887872.0
341159936.0	407887872.0
354635776.0	407887872.0
358789120.0	407887872.0
259203072.0	407887872.0
259203072.0	407887872.0
259203072.0	407887872.0
259203072.0	407887872.0
259203072.0	407887872.0
259203072.0	311631872.0
259203072.0	311631872.0
259203072.0	311631872.0
259203072.0	311631872.0
259203072.0	311631872.0
259203072.0	311631872.0
259203072.0	311631872.0
259203072.0	311631872.0
259203072.0	311631872.0
259203072.0	311631872.0
259203072.0	311631872.0
259203072.0	311631872.0
259203072.0	311631872.0
259203072.0	311631872.0
259203072.0	311631872.0
259203072.0	311631872.0
259203072.0	311631872.0
259203072.0	311631872.0
259203072.0	311631872.0
259203072.0	311631872.0
259203072.0	311631872.0
259203072.0	311631872.0
259203072.0	311631872.0
259203072.0	311631872.0
259203072.0	311631872.0
259203072.0	311631872.0
259203072.0	311631872.0
259203072.0	311631872.0
259203072.0	311631872.0
259203072.0	311631872.0
259203072.0	311631872.0
259203072.0	311631872.0
259203072.0	311631872.0
259203072.0	311631872.0
259203072.0	311631872.0
259203072.0	311631872.0
259203072.0	311631872.0
259203072.0	311631872.0
259203072.0	311631872.0
259203072.0	311631872.0
259203072.0	311631872.0
259203072.0	311631872.0
259203072.0	311631872.0
259203072.0	311631872.0
259203072.0	311631872.0
259203072.0	311631872.0
259203072.0	311631872.0
259203072.0	311631872.0
259203072.0	311631872.0
259203072.0	311631872.0
259203072.0	311631872.0
259203072.0	311631872.0
259203072.0	311631872.0
259203072.0	311631872.0
259203072.0	311631872.0
259203072.0	311631872.0
259203072.0	311631872.0
259203072.0	311631872.0
259203072.0	311631872.0
259203072.0	311631872.0
259203072.0	311631872.0
259203072.0	311631872.0
259203072.0	311631872.0
259203072.0	311631872.0
259203072.0	311631872.0
259203072.0	311631872.0
259203072.0	311631872.0
259203072.0	311631872.0
259203072.0	311631872.0
259203072.0	311631872.0
259203072.0	311631872.0
259203072.0	311631872.0
259203072.0	311631872.0
259203072.0	311631872.0
259203072.0	311631872.0
259203072.0	311631872.0
259203072.0	311631872.0
259203072.0	311631872.0
259203072.0	311631872.0
259203072.0	311631872.0
259203072.0	311631872.0
259203072.0	311631872.0
259203072.0	311631872.0
259203072.0	311631872.0
259203072.0	311631872.0
259203072.0	311631872.0
259203072.0	311631872.0
259203072.0	311631872.0
259203072.0	311631872.0
259203072.0	311631872.0
259203072.0	311631872.0
259203072.0	311631872.0
259203072.0	311631872.0
259203072.0	311631872.0
259203072.0	311631872.0
285761536.0	311631872.0
309809152.0	311631872.0
310476800.0	311631872.0
310476800.0	311631872.0
311386112.0	311631872.0
311365632.0	311631872.0
311578624.0	311631872.0
311926784.0	332111872.0
318382080.0	332111872.0
322658304.0	332111872.0
330608640.0	332111872.0
406249472.0	393551872.0
405811200.0	414031872.0
384901120.0	414031872.0
307781632.0	414031872.0
307781632.0	414031872.0
307781632.0	360210432.0
307781632.0	360210432.0
307781632.0	360210432.0
307781632.0	360210432.0
307781632.0	360210432.0
307781632.0	360210432.0
307781632.0	360210432.0
307781632.0	360210432.0
307781632.0	360210432.0
307781632.0	360210432.0
307781632.0	360210432.0
307781632.0	360210432.0
307781632.0	360210432.0
307781632.0	360210432.0
307781632.0	360210432.0
307781632.0	360210432.0
307781632.0	360210432.0
307781632.0	360210432.0
307781632.0	360210432.0
307781632.0	360210432.0
307781632.0	360210432.0
307781632.0	360210432.0
307781632.0	360210432.0
307781632.0	360210432.0
307781632.0	360210432.0
307781632.0	360210432.0
307781632.0	360210432.0
307781632.0	360210432.0
307781632.0	360210432.0
307781632.0	360210432.0
307781632.0	360210432.0
307781632.0	360210432.0
307781632.0	360210432.0
307781632.0	360210432.0
307781632.0	360210432.0
307781632.0	360210432.0
307781632.0	360210432.0
307781632.0	360210432.0
307781632.0	360210432.0
307781632.0	360210432.0
307781632.0	360210432.0
307781632.0	360210432.0
307781632.0	360210432.0
307941376.0	360210432.0
326934528.0	360210432.0
361754624.0	380690432.0
361955328.0	380690432.0
363438080.0	380690432.0
363655168.0	380690432.0
364150784.0	380690432.0
364412928.0	380690432.0
365150208.0	380690432.0
369680384.0	380690432.0
377831424.0	380690432.0
380637184.0	380690432.0
380653568.0	380690432.0
391290880.0	401170432.0
436502528.0	462610432.0
487636992.0	503570432.0
490414080.0	503570432.0
455806976.0	503570432.0
368189440.0	503570432.0
368189440.0	503570432.0
368189440.0	503570432.0
368189440.0	503570432.0
368189440.0	503570432.0
368189440.0	503570432.0
368189440.0	503570432.0
368189440.0	503570432.0
368189440.0	503570432.0
368189440.0	503570432.0
368189440.0	503570432.0
368189440.0	503570432.0
368189440.0	503570432.0
368189440.0	503570432.0
368189440.0	503570432.0
368189440.0	503570432.0
368189440.0	503570432.0
368189440.0	503570432.0
368189440.0	503570432.0
368189440.0	503570432.0
368189440.0	503570432.0
368189440.0	503570432.0
368189440.0	503570432.0
368189440.0	420618240.0
368189440.0	420618240.0
368189440.0	420618240.0
368189440.0	420618240.0
368189440.0	420618240.0
368189440.0	420618240.0
368189440.0	420618240.0
368189440.0	420618240.0
368189440.0	420618240.0
368189440.0	420618240.0
368189440.0	420618240.0
368189440.0	420618240.0
368189440.0	420618240.0
368189440.0	420618240.0
368189440.0	420618240.0
368189440.0	420618240.0
368189440.0	420618240.0
368189440.0	420618240.0
368189440.0	420618240.0
368189440.0	420618240.0
378769408.0	420618240.0
399028224.0	420618240.0
422248448.0	441098240.0
422531072.0	441098240.0
423620608.0	441098240.0
424095744.0	441098240.0
424660992.0	441098240.0
424558592.0	441098240.0
424689664.0	441098240.0
425443328.0	441098240.0
440918016.0	441098240.0
440885248.0	441098240.0
451661824.0	461578240.0
497434624.0	523018240.0
548065280.0	563978240.0
550686720.0	563978240.0
516530176.0	563978240.0
428486656.0	563978240.0
428486656.0	563978240.0
428486656.0	563978240.0
428486656.0	563978240.0
428486656.0	563978240.0
428486656.0	563978240.0
428486656.0	563978240.0
428486656.0	563978240.0
428486656.0	563978240.0
428486656.0	563978240.0
428486656.0	563978240.0
428486656.0	563978240.0
428486656.0	563978240.0
428486656.0	563978240.0
428486656.0	563978240.0
428486656.0	563978240.0
428486656.0	563978240.0
428486656.0	563978240.0
428486656.0	563978240.0
428486656.0	480915456.0
428486656.0	480915456.0
428486656.0	480915456.0
428486656.0	480915456.0
428486656.0	480915456.0
428486656.0	480915456.0
428486656.0	480915456.0
428486656.0	480915456.0
428486656.0	480915456.0
428486656.0	480915456.0
428486656.0	480915456.0
428486656.0	480915456.0
428486656.0	480915456.0
428486656.0	480915456.0
428486656.0	480915456.0
428486656.0	480915456.0
428486656.0	480915456.0
428486656.0	480915456.0
428486656.0	480915456.0
428486656.0	480915456.0
