1334075392.0	1351471104.0
1334136832.0	1351471104.0
1334943744.0	1351471104.0
1335173120.0	1351471104.0
1351266304.0	1351471104.0
1373306880.0	1392431104.0
1384550400.0	1392431104.0
1384550400.0	1392431104.0
1384812544.0	1392431104.0
1376350208.0	1392431104.0
1384026112.0	1392431104.0
1392377856.0	1392431104.0
1430855680.0	1433391104.0
1431629824.0	1433391104.0
1308524544.0	1433391104.0
1330073600.0	1433391104.0
1357971456.0	1433391104.0
1362288640.0	1433391104.0
1364279296.0	1433391104.0
1365700608.0	1433391104.0
1368944640.0	1433391104.0
1373478912.0	1433391104.0
1377067008.0	1433391104.0
1383305216.0	1433391104.0
1389682688.0	1433391104.0
1392226304.0	1433391104.0
1397334016.0	1433391104.0
1402695680.0	1433391104.0
1406590976.0	1433391104.0
1416351744.0	1433391104.0
1417269248.0	1433391104.0
1399738368.0	1433391104.0
1320230912.0	1433391104.0
1320230912.0	1433391104.0
1320230912.0	1433391104.0
1320230912.0	1433391104.0
1320230912.0	1433391104.0
1320230912.0	1433391104.0
1320230912.0	1433391104.0
1320230912.0	1433391104.0
1320230912.0	1433391104.0
1320230912.0	1433391104.0
1320230912.0	1433391104.0
1320230912.0	1433391104.0
1320230912.0	1433391104.0
1320230912.0	1433391104.0
1320230912.0	1433391104.0
1320230912.0	1433391104.0
1320230912.0	1433391104.0
1320230912.0	1433391104.0
1320230912.0	1433391104.0
1320230912.0	1433391104.0
1320230912.0	1433391104.0
1320230912.0	1433391104.0
1320230912.0	1433391104.0
1320230912.0	1433391104.0
1320230912.0	1372659712.0
1320230912.0	1372659712.0
1320230912.0	1372659712.0
1320230912.0	1372659712.0
1320230912.0	1372659712.0
1320230912.0	1372659712.0
1320230912.0	1372659712.0
1320230912.0	1372659712.0
1320230912.0	1372659712.0
1320230912.0	1372659712.0
1320230912.0	1372659712.0
1320230912.0	1372659712.0
1320230912.0	1372659712.0
1320230912.0	1372659712.0
1320230912.0	1372659712.0
1320230912.0	1372659712.0
1320230912.0	1372659712.0
1320230912.0	1372659712.0
1343922176.0	1372659712.0
1372622848.0	1372659712.0
1371369472.0	1372659712.0
1371344896.0	1372659712.0
1371471872.0	1372659712.0
1371439104.0	1372659712.0
1372438528.0	1372659712.0
1372663808.0	1372659712.0
1372770304.0	1372659712.0
1373208576.0	1393139712.0
1379090432.0	1393139712.0
1385205760.0	1393139712.0
1390788608.0	1393139712.0
1409036288.0	1413619712.0
1462669312.0	1475059712.0
1463717888.0	1475059712.0
1443667968.0	1475059712.0
1368502272.0	1475059712.0
1368502272.0	1475059712.0
1368502272.0	1475059712.0
1368502272.0	1475059712.0
1368502272.0	1475059712.0
1368502272.0	1475059712.0
1368502272.0	1475059712.0
1392340992.0	1475059712.0
1423851520.0	1475059712.0
1424666624.0	1475059712.0
1424797696.0	1475059712.0
1424850944.0	1475059712.0
1426616320.0	1475059712.0
1428021248.0	1475059712.0
1438203904.0	1475059712.0
1452027904.0	1475059712.0
1459630080.0	1475059712.0
1465745408.0	1475059712.0
1482043392.0	1495539712.0
1483382784.0	1495539712.0
1550209024.0	1536499712.0
1562513408.0	1597939712.0
1564217344.0	1597939712.0
1566707712.0	1597939712.0
1527500800.0	1597939712.0
1535905792.0	1597939712.0
1445842944.0	1597939712.0
1445842944.0	1597939712.0
1445842944.0	1597939712.0
1445842944.0	1597939712.0
1445842944.0	1597939712.0
1445842944.0	1597939712.0
1445842944.0	1597939712.0
1445842944.0	1597939712.0
1445834752.0	1597939712.0
1445834752.0	1597939712.0
1445834752.0	1597939712.0
1445834752.0	1597939712.0
1445834752.0	1597939712.0
1445834752.0	1597939712.0
1445834752.0	1597939712.0
1445834752.0	1597939712.0
1457254400.0	1597939712.0
1476624384.0	1597939712.0
1499504640.0	1597939712.0
1501360128.0	1597939712.0
1501417472.0	1597939712.0
1501503488.0	1597939712.0
1501630464.0	1597939712.0
1502527488.0	1553932288.0
1508392960.0	1553932288.0
1515773952.0	1553932288.0
1523027968.0	1553932288.0
1528688640.0	1553932288.0
1536368640.0	1553932288.0
1541857280.0	1553932288.0
1558839296.0	1574412288.0
1560567808.0	1574412288.0
1638850560.0	1656332288.0
1640660992.0	1656332288.0
1600475136.0	1656332288.0
1523359744.0	1656332288.0
1526444032.0	1656332288.0
1544962048.0	1656332288.0
1577095168.0	1656332288.0
1578971136.0	1656332288.0
1579085824.0	1656332288.0
1579208704.0	1656332288.0
1580646400.0	1656332288.0
1598681088.0	1656332288.0
1604771840.0	1656332288.0
1604816896.0	1656332288.0
1612378112.0	1656332288.0
1621409792.0	1656332288.0
1631739904.0	1656332288.0
1610260480.0	1656332288.0
1535262720.0	1656332288.0
1535254528.0	1656332288.0
1535254528.0	1656332288.0
1535172608.0	1656332288.0
1535156224.0	1656332288.0
1535156224.0	1656332288.0
1535156224.0	1656332288.0
1535156224.0	1656332288.0
1535156224.0	1656332288.0
1535156224.0	1656332288.0
1535156224.0	1656332288.0
1535156224.0	1656332288.0
1535156224.0	1656332288.0
1535156224.0	1656332288.0
1535156224.0	1656332288.0
1535156224.0	1656332288.0
1535156224.0	1656332288.0
1535156224.0	1656332288.0
1535156224.0	1656332288.0
1535156224.0	1656332288.0
1535156224.0	1656332288.0
1535156224.0	1656332288.0
1535156224.0	1656332288.0
1535156224.0	1656332288.0
1535156224.0	1656332288.0
1535156224.0	1656332288.0
1548775424.0	1656332288.0
1574023168.0	1656332288.0
1590185984.0	1656332288.0
1590185984.0	1656332288.0
1590185984.0	1642614784.0
1590312960.0	1642614784.0
1590312960.0	1642614784.0
1611845632.0	1642614784.0
1633570816.0	1642614784.0
1535492096.0	1642614784.0
1535483904.0	1642614784.0
1535483904.0	1642614784.0
1535483904.0	1642614784.0
1535483904.0	1642614784.0
1535483904.0	1642614784.0
1535483904.0	1642614784.0
1535483904.0	1642614784.0
1558056960.0	1642614784.0
1590730752.0	1642614784.0
1609732096.0	1642614784.0
1617747968.0	1642614784.0
1631354880.0	1642614784.0
1618235392.0	1642614784.0
1535619072.0	1642614784.0
1535619072.0	1642614784.0
1535619072.0	1642614784.0
1535619072.0	1642614784.0
1535619072.0	1642614784.0
1535619072.0	1642614784.0
1535619072.0	1642614784.0
1535619072.0	1642614784.0
1535619072.0	1642614784.0
1535619072.0	1642614784.0
1535619072.0	1588047872.0
1535619072.0	1588047872.0
1535619072.0	1588047872.0
1535619072.0	1588047872.0
1535619072.0	1588047872.0
1535619072.0	1588047872.0
1535619072.0	1588047872.0
1535619072.0	1588047872.0
1535619072.0	1588047872.0
1535619072.0	1588047872.0
1535619072.0	1588047872.0
1535619072.0	1588047872.0
1535619072.0	1588047872.0
1535619072.0	1588047872.0
1535619072.0	1588047872.0
1535619072.0	1588047872.0
1535619072.0	1588047872.0
1535619072.0	1588047872.0
1535619072.0	1588047872.0
1535619072.0	1588047872.0
1535619072.0	1588047872.0
1535619072.0	1588047872.0
1535619072.0	1588047872.0
1535619072.0	1588047872.0
1535619072.0	1588047872.0
1535619072.0	1588047872.0
1535619072.0	1588047872.0
1535619072.0	1588047872.0
1573072896.0	1588047872.0
1587892224.0	1588047872.0
1586700288.0	1588047872.0
1587113984.0	1588047872.0
1587965952.0	1588047872.0
1588019200.0	1588047872.0
1587896320.0	1588047872.0
1592696832.0	1608527872.0
1601699840.0	1608527872.0
1622237184.0	1629007872.0
1676718080.0	1690447872.0
1679278080.0	1690447872.0
1752162304.0	1751887872.0
1759518720.0	1792847872.0
1762471936.0	1792847872.0
1723760640.0	1792847872.0
1727979520.0	1792847872.0
1641758720.0	1792847872.0
1641758720.0	1792847872.0
1641758720.0	1792847872.0
1641758720.0	1792847872.0
1641758720.0	1792847872.0
1641758720.0	1792847872.0
1641758720.0	1792847872.0
1641758720.0	1792847872.0
1641758720.0	1792847872.0
1641758720.0	1792847872.0
1641758720.0	1792847872.0
1641758720.0	1792847872.0
1641758720.0	1792847872.0
1641758720.0	1694187520.0
1641758720.0	1694187520.0
1641758720.0	1694187520.0
1641758720.0	1694187520.0
1641758720.0	1694187520.0
1641758720.0	1694187520.0
1641758720.0	1694187520.0
1641758720.0	1694187520.0
1641758720.0	1694187520.0
1641758720.0	1694187520.0
1641758720.0	1694187520.0
1641758720.0	1694187520.0
1641758720.0	1694187520.0
1641758720.0	1694187520.0
1641758720.0	1694187520.0
1641758720.0	1694187520.0
