1051893760.0	1069559808.0
1052311552.0	1069559808.0
1052381184.0	1069559808.0
1052360704.0	1069559808.0
1052360704.0	1069559808.0
1075359744.0	1090039808.0
1102884864.0	1110519808.0
1102888960.0	1110519808.0
1102888960.0	1110519808.0
1092198400.0	1110519808.0
1092198400.0	1110519808.0
1092198400.0	1110519808.0
1101656064.0	1110519808.0
1110519808.0	1110519808.0
1143984128.0	1130999808.0
1168498688.0	1171959808.0
1152167936.0	1171959808.0
1045643264.0	1171959808.0
1061060608.0	1171959808.0
1077637120.0	1171959808.0
1102020608.0	1171959808.0
1103085568.0	1171959808.0
1109831680.0	1171959808.0
1121136640.0	1171959808.0
1127477248.0	1171959808.0
1134563328.0	1171959808.0
1140228096.0	1171959808.0
1144291328.0	1171959808.0
1153835008.0	1171959808.0
1154981888.0	1171959808.0
1136898048.0	1171959808.0
1058025472.0	1171959808.0
1058025472.0	1171959808.0
1058025472.0	1171959808.0
1058025472.0	1171959808.0
1058025472.0	1171959808.0
1058025472.0	1171959808.0
1058025472.0	1171959808.0
1058025472.0	1171959808.0
1058025472.0	1171959808.0
1058025472.0	1171959808.0
1058025472.0	1171959808.0
1058025472.0	1171959808.0
1058025472.0	1171959808.0
1058025472.0	1171959808.0
1058025472.0	1171959808.0
1058025472.0	1171959808.0
1058025472.0	1171959808.0
1058025472.0	1171959808.0
1058025472.0	1171959808.0
1058025472.0	1171959808.0
1058025472.0	1171959808.0
1058025472.0	1171959808.0
1058025472.0	1171959808.0
1058025472.0	1171959808.0
1058025472.0	1171959808.0
1058025472.0	1110454272.0
1058025472.0	1110454272.0
1077551104.0	1110454272.0
1110450176.0	1110454272.0
1109151744.0	1110454272.0
1109151744.0	1110454272.0
1109258240.0	1110454272.0
1110249472.0	1110454272.0
1110302720.0	1110454272.0
1112170496.0	1130934272.0
1115459584.0	1130934272.0
1118257152.0	1130934272.0
1122217984.0	1130934272.0
1122254848.0	1130934272.0
1122947072.0	1130934272.0
1124941824.0	1130934272.0
1148272640.0	1151414272.0
1201864704.0	1212854272.0
1203122176.0	1212854272.0
1204563968.0	1212854272.0
1296723968.0	1315254272.0
1298993152.0	1315254272.0
1301864448.0	1315254272.0
1263034368.0	1315254272.0
1267654656.0	1315254272.0
1179697152.0	1315254272.0
1179697152.0	1315254272.0
1179697152.0	1232125952.0
1179697152.0	1232125952.0
1179697152.0	1232125952.0
1179697152.0	1232125952.0
1179697152.0	1232125952.0
1179697152.0	1232125952.0
1179697152.0	1232125952.0
1179697152.0	1232125952.0
1179697152.0	1232125952.0
1179697152.0	1232125952.0
1179697152.0	1232125952.0
1179697152.0	1232125952.0
1179697152.0	1232125952.0
1179697152.0	1232125952.0
1179697152.0	1232125952.0
1179697152.0	1232125952.0
1179697152.0	1232125952.0
1179697152.0	1232125952.0
1179697152.0	1232125952.0
1179697152.0	1232125952.0
1179697152.0	1232125952.0
1179697152.0	1232125952.0
1179697152.0	1232125952.0
1179697152.0	1232125952.0
1179697152.0	1232125952.0
1179697152.0	1232125952.0
1179697152.0	1232125952.0
1179697152.0	1232125952.0
1179697152.0	1232125952.0
1179697152.0	1232125952.0
1179697152.0	1232125952.0
1179697152.0	1232125952.0
1179697152.0	1232125952.0
1179697152.0	1232125952.0
1198526464.0	1232125952.0
1216741376.0	1232125952.0
1232678912.0	1252605952.0
1233895424.0	1252605952.0
1234866176.0	1252605952.0
1234862080.0	1252605952.0
1235742720.0	1252605952.0
1235861504.0	1252605952.0
1239724032.0	1252605952.0
1243471872.0	1252605952.0
1249464320.0	1252605952.0
1252569088.0	1252605952.0
1252511744.0	1252605952.0
1253466112.0	1273085952.0
1256833024.0	1273085952.0
1264627712.0	1273085952.0
1304461312.0	1314045952.0
1284952064.0	1314045952.0
1209249792.0	1314045952.0
1232748544.0	1314045952.0
1259139072.0	1314045952.0
1265655808.0	1314045952.0
1266241536.0	1314045952.0
1267220480.0	1314045952.0
1272135680.0	1314045952.0
1287651328.0	1314045952.0
1296277504.0	1314045952.0
1299681280.0	1314045952.0
1308786688.0	1314045952.0
1326780416.0	1334525952.0
1419087872.0	1436925952.0
1421557760.0	1436925952.0
1424703488.0	1436925952.0
1424703488.0	1436925952.0
1394339840.0	1436925952.0
1302585344.0	1436925952.0
1302585344.0	1436925952.0
1302585344.0	1436925952.0
1302372352.0	1436925952.0
1302372352.0	1436925952.0
1302372352.0	1436925952.0
1302372352.0	1436925952.0
1302372352.0	1436925952.0
1302372352.0	1436925952.0
1302372352.0	1436925952.0
1302372352.0	1436925952.0
1302372352.0	1436925952.0
1302372352.0	1436925952.0
1302372352.0	1436925952.0
1302372352.0	1436925952.0
1302372352.0	1436925952.0
1302372352.0	1436925952.0
1302372352.0	1436925952.0
1302372352.0	1436925952.0
1302372352.0	1354801152.0
1302372352.0	1354801152.0
1302372352.0	1354801152.0
1302372352.0	1354801152.0
1302372352.0	1354801152.0
1302372352.0	1354801152.0
1302372352.0	1354801152.0
1335066624.0	1354801152.0
1356095488.0	1375281152.0
1357119488.0	1375281152.0
1357623296.0	1375281152.0
1357819904.0	1375281152.0
1358082048.0	1375281152.0
1358082048.0	1375281152.0
1358192640.0	1375281152.0
1358966784.0	1375281152.0
1361989632.0	1375281152.0
1364951040.0	1375281152.0
1375264768.0	1375281152.0
1375203328.0	1375281152.0
1379110912.0	1395761152.0
1386831872.0	1395761152.0
1426182144.0	1436721152.0
1427755008.0	1436721152.0
1409679360.0	1436721152.0
1337569280.0	1436721152.0
1360158720.0	1436721152.0
1386356736.0	1436721152.0
1388617728.0	1436721152.0
1388703744.0	1436721152.0
1390608384.0	1436721152.0
1402978304.0	1436721152.0
1418539008.0	1436721152.0
1428090880.0	1436721152.0
1429499904.0	1436721152.0
1445818368.0	1457201152.0
1447129088.0	1457201152.0
1428557824.0	1457201152.0
1351462912.0	1457201152.0
1351421952.0	1457201152.0
1351421952.0	1457201152.0
1351421952.0	1457201152.0
1351368704.0	1457201152.0
1351368704.0	1457201152.0
1351368704.0	1457201152.0
1351368704.0	1457201152.0
1351368704.0	1457201152.0
1351368704.0	1457201152.0
1351368704.0	1457201152.0
1351368704.0	1457201152.0
1351368704.0	1457201152.0
1351368704.0	1457201152.0
1351368704.0	1457201152.0
1351368704.0	1457201152.0
1351368704.0	1457201152.0
1351368704.0	1457201152.0
1351368704.0	1457201152.0
1351368704.0	1457201152.0
1351368704.0	1403797504.0
1351368704.0	1403797504.0
1351368704.0	1403797504.0
1351368704.0	1403797504.0
1351368704.0	1403797504.0
1351368704.0	1403797504.0
1351368704.0	1403797504.0
1351368704.0	1403797504.0
1351368704.0	1403797504.0
1375289344.0	1403797504.0
1405140992.0	1424277504.0
1406492672.0	1424277504.0
1406607360.0	1424277504.0
1407483904.0	1424277504.0
1407483904.0	1424277504.0
1408364544.0	1424277504.0
1408487424.0	1424277504.0
1411702784.0	1424277504.0
1416339456.0	1424277504.0
1422766080.0	1424277504.0
1424248832.0	1424277504.0
1424306176.0	1424277504.0
1429090304.0	1444757504.0
1438519296.0	1444757504.0
1477505024.0	1485717504.0
1480892416.0	1485717504.0
1394552832.0	1485717504.0
1413718016.0	1485717504.0
1436385280.0	1485717504.0
1438334976.0	1471770624.0
1442889728.0	1471770624.0
1459191808.0	1471770624.0
1470189568.0	1471770624.0
1487761408.0	1492250624.0
1527848960.0	1553690624.0
1530585088.0	1553690624.0
1578958848.0	1594650624.0
1582235648.0	1594650624.0
1545101312.0	1594650624.0
1462538240.0	1594650624.0
1462501376.0	1594650624.0
1462493184.0	1594650624.0
1462493184.0	1594650624.0
1462493184.0	1594650624.0
1462493184.0	1594650624.0
1462493184.0	1594650624.0
1462493184.0	1594650624.0
1462493184.0	1594650624.0
1462493184.0	1594650624.0
1462493184.0	1594650624.0
1462493184.0	1594650624.0
1462493184.0	1594650624.0
1462493184.0	1594650624.0
1462493184.0	1594650624.0
1462493184.0	1594650624.0
1462493184.0	1594650624.0
1462493184.0	1594650624.0
1462493184.0	1594650624.0
1462493184.0	1514921984.0
1462493184.0	1514921984.0
1462493184.0	1514921984.0
1462493184.0	1514921984.0
1462493184.0	1514921984.0
1462493184.0	1514921984.0
1462493184.0	1514921984.0
1462493184.0	1514921984.0
1462493184.0	1514921984.0
1462493184.0	1514921984.0
1462493184.0	1514921984.0
1462493184.0	1514921984.0
1462493184.0	1514921984.0
