682192896.0	699498496.0
683057152.0	699498496.0
699412480.0	699498496.0
732332032.0	740458496.0
732209152.0	740458496.0
723828736.0	740458496.0
731496448.0	740458496.0
732381184.0	740458496.0
733503488.0	740458496.0
778596352.0	781418496.0
781975552.0	801898496.0
846143488.0	863338496.0
817324032.0	863338496.0
700596224.0	863338496.0
700596224.0	863338496.0
700596224.0	863338496.0
700596224.0	753025024.0
700596224.0	753025024.0
700596224.0	753025024.0
700596224.0	753025024.0
700596224.0	753025024.0
700596224.0	753025024.0
700596224.0	753025024.0
700596224.0	753025024.0
700596224.0	753025024.0
700596224.0	753025024.0
700596224.0	753025024.0
700596224.0	753025024.0
700596224.0	753025024.0
700596224.0	753025024.0
700596224.0	753025024.0
700596224.0	753025024.0
700596224.0	753025024.0
700596224.0	753025024.0
700596224.0	753025024.0
700596224.0	753025024.0
700596224.0	753025024.0
700596224.0	753025024.0
700596224.0	753025024.0
700596224.0	753025024.0
700596224.0	753025024.0
700596224.0	753025024.0
700596224.0	753025024.0
719200256.0	753025024.0
741638144.0	753025024.0
756531200.0	773505024.0
756789248.0	773505024.0
756912128.0	773505024.0
758099968.0	773505024.0
759492608.0	773505024.0
773255168.0	773505024.0
773316608.0	773505024.0
773308416.0	773505024.0
773308416.0	773505024.0
783347712.0	793985024.0
826171392.0	834945024.0
830484480.0	834945024.0
809791488.0	834945024.0
753168384.0	834945024.0
780943360.0	834945024.0
787488768.0	834945024.0
788643840.0	834945024.0
800108544.0	834945024.0
814845952.0	834945024.0
826920960.0	834945024.0
849092608.0	834945024.0
867254272.0	875905024.0
961290240.0	978305024.0
924958720.0	978305024.0
842915840.0	978305024.0
842915840.0	978305024.0
842915840.0	895344640.0
842915840.0	895344640.0
842915840.0	895344640.0
842915840.0	895344640.0
842915840.0	895344640.0
842915840.0	895344640.0
842915840.0	895344640.0
842915840.0	895344640.0
842915840.0	895344640.0
842915840.0	895344640.0
842915840.0	895344640.0
842915840.0	895344640.0
842915840.0	895344640.0
842915840.0	895344640.0
842915840.0	895344640.0
842915840.0	895344640.0
842915840.0	895344640.0
842915840.0	895344640.0
842915840.0	895344640.0
842915840.0	895344640.0
842915840.0	895344640.0
842915840.0	895344640.0
842915840.0	895344640.0
842915840.0	895344640.0
842915840.0	895344640.0
842915840.0	895344640.0
842915840.0	895344640.0
842915840.0	895344640.0
842915840.0	895344640.0
842915840.0	895344640.0
842915840.0	895344640.0
842915840.0	895344640.0
861474816.0	895344640.0
881385472.0	895344640.0
896675840.0	915824640.0
898510848.0	915824640.0
899051520.0	915824640.0
899010560.0	915824640.0
899133440.0	915824640.0
905953280.0	915824640.0
915156992.0	915824640.0
915812352.0	915824640.0
915640320.0	915824640.0
915795968.0	915824640.0
915800064.0	915824640.0
921030656.0	936304640.0
970297344.0	956784640.0
971567104.0	977264640.0
1080774656.0	1100144640.0
1083588608.0	1100144640.0
1044668416.0	1100144640.0
975921152.0	1100144640.0
992268288.0	1100144640.0
1015472128.0	1100144640.0
1016590336.0	1100144640.0
1017450496.0	1100144640.0
1017573376.0	1100144640.0
1046958080.0	1069809664.0
1049960448.0	1069809664.0
1057902592.0	1069809664.0
1075462144.0	1090289664.0
1078878208.0	1090289664.0
981028864.0	1090289664.0
980905984.0	1090289664.0
980905984.0	1090289664.0
980905984.0	1090289664.0
980905984.0	1090289664.0
980905984.0	1090289664.0
980905984.0	1090289664.0
980905984.0	1090289664.0
980905984.0	1090289664.0
980905984.0	1090289664.0
980905984.0	1090289664.0
980905984.0	1090289664.0
980905984.0	1090289664.0
980905984.0	1090289664.0
980905984.0	1090289664.0
980905984.0	1090289664.0
980905984.0	1090289664.0
980905984.0	1090289664.0
980905984.0	1090289664.0
980905984.0	1090289664.0
980905984.0	1090289664.0
980905984.0	1090289664.0
980905984.0	1090289664.0
980905984.0	1090289664.0
980905984.0	1033334784.0
980905984.0	1033334784.0
980905984.0	1033334784.0
980905984.0	1033334784.0
980905984.0	1033334784.0
980905984.0	1033334784.0
999596032.0	1033334784.0
1033330688.0	1033334784.0
1036427264.0	1053814784.0
1036570624.0	1053814784.0
1036668928.0	1053814784.0
1036791808.0	1053814784.0
1037815808.0	1053814784.0
1049849856.0	1053814784.0
1053577216.0	1053814784.0
1065533440.0	1074294784.0
1109868544.0	1115254784.0
1205092352.0	1217654784.0
1174827008.0	1217654784.0
1084514304.0	1217654784.0
1115865088.0	1217654784.0
1141129216.0	1217654784.0
1166372864.0	1217654784.0
1170890752.0	1217654784.0
1179836416.0	1217654784.0
1189851136.0	1217654784.0
1191378944.0	1217654784.0
1193230336.0	1217654784.0
1238839296.0	1258614784.0
1242509312.0	1258614784.0
1199439872.0	1258614784.0
1123311616.0	1258614784.0
1123311616.0	1258614784.0
1123311616.0	1258614784.0
1123311616.0	1258614784.0
1123311616.0	1258614784.0
1123311616.0	1258614784.0
1123311616.0	1258614784.0
1123311616.0	1258614784.0
1123303424.0	1258614784.0
1123303424.0	1258614784.0
1123303424.0	1258614784.0
1123303424.0	1258614784.0
1123303424.0	1258614784.0
1123303424.0	1258614784.0
1123303424.0	1258614784.0
1123303424.0	1258614784.0
1123303424.0	1258614784.0
1123303424.0	1258614784.0
1123303424.0	1258614784.0
1123303424.0	1258614784.0
1123303424.0	1258614784.0
1123303424.0	1258614784.0
1123303424.0	1258614784.0
1123303424.0	1258614784.0
1123303424.0	1258614784.0
1123303424.0	1258614784.0
1123303424.0	1258614784.0
1123303424.0	1175732224.0
1123303424.0	1175732224.0
1123303424.0	1175732224.0
1123303424.0	1175732224.0
1123303424.0	1175732224.0
1123303424.0	1175732224.0
1123303424.0	1175732224.0
1123303424.0	1175732224.0
1138343936.0	1175732224.0
1161478144.0	1175732224.0
1177071616.0	1196212224.0
1178079232.0	1196212224.0
1179045888.0	1196212224.0
1179045888.0	1196212224.0
1179168768.0	1196212224.0
1180823552.0	1196212224.0
1188294656.0	1196212224.0
1196060672.0	1196212224.0
1196146688.0	1196212224.0
1208033280.0	1216692224.0
1248989184.0	1257652224.0
1271177216.0	1257652224.0
1343561728.0	1360052224.0
1344950272.0	1360052224.0
1302544384.0	1360052224.0
1319665664.0	1360052224.0
1247805440.0	1360052224.0
1276018688.0	1360052224.0
1282764800.0	1360052224.0
1283932160.0	1335005184.0
1295024128.0	1335005184.0
1309970432.0	1335005184.0
1320263680.0	1335005184.0
1340284928.0	1355485184.0
1243582464.0	1355485184.0
1243578368.0	1355485184.0
1243578368.0	1355485184.0
1243537408.0	1355485184.0
1243537408.0	1355485184.0
1243537408.0	1355485184.0
1243537408.0	1355485184.0
1243537408.0	1355485184.0
1243537408.0	1355485184.0
1243537408.0	1355485184.0
1243537408.0	1355485184.0
1243537408.0	1355485184.0
1243537408.0	1355485184.0
1243537408.0	1355485184.0
1243537408.0	1355485184.0
1243537408.0	1355485184.0
1243537408.0	1355485184.0
1243537408.0	1355485184.0
1243537408.0	1355485184.0
1243537408.0	1355485184.0
1243537408.0	1355485184.0
1243537408.0	1355485184.0
1243537408.0	1355485184.0
1243537408.0	1355485184.0
1243537408.0	1295966208.0
1243537408.0	1295966208.0
1243537408.0	1295966208.0
1243537408.0	1295966208.0
1243537408.0	1295966208.0
1243537408.0	1295966208.0
1243537408.0	1295966208.0
1243537408.0	1295966208.0
1243537408.0	1295966208.0
1243537408.0	1295966208.0
1280565248.0	1295966208.0
1298948096.0	1316446208.0
1299070976.0	1316446208.0
1300955136.0	1316446208.0
1312055296.0	1316446208.0
1316306944.0	1316446208.0
1320292352.0	1336926208.0
1369153536.0	1377886208.0
1464274944.0	1480286208.0
1428111360.0	1480286208.0
1346486272.0	1480286208.0
1346486272.0	1480286208.0
1346486272.0	1480286208.0
1346486272.0	1480286208.0
1346486272.0	1480286208.0
1346486272.0	1480286208.0
1346486272.0	1480286208.0
