1641697280.0	1652547584.0
1641701376.0	1652547584.0
1641705472.0	1652547584.0
1651376128.0	1652547584.0
1673003008.0	1673027584.0
1656655872.0	1693507584.0
1560993792.0	1693507584.0
1587154944.0	1693507584.0
1606234112.0	1693507584.0
1631506432.0	1693507584.0
1638903808.0	1693507584.0
1656696832.0	1693507584.0
1660862464.0	1693507584.0
1580257280.0	1693507584.0
1617219584.0	1693507584.0
1617346560.0	1693507584.0
1631928320.0	1693507584.0
1631928320.0	1693507584.0
1637023744.0	1693507584.0
1657696256.0	1693507584.0
1562832896.0	1693507584.0
1562673152.0	1693507584.0
1562673152.0	1693507584.0
1562673152.0	1693507584.0
1562673152.0	1693507584.0
1562673152.0	1693507584.0
1562673152.0	1693507584.0
1562673152.0	1693507584.0
1562673152.0	1693507584.0
1562673152.0	1693507584.0
1562673152.0	1693507584.0
1562673152.0	1693507584.0
1562673152.0	1615101952.0
1562673152.0	1615101952.0
1562673152.0	1615101952.0
1562673152.0	1615101952.0
1562673152.0	1615101952.0
1562673152.0	1615101952.0
1562673152.0	1615101952.0
1562673152.0	1615101952.0
1562673152.0	1615101952.0
1562673152.0	1615101952.0
1562673152.0	1615101952.0
1562673152.0	1615101952.0
1562673152.0	1615101952.0
1562673152.0	1615101952.0
1562673152.0	1615101952.0
1562673152.0	1615101952.0
1562673152.0	1615101952.0
1562673152.0	1615101952.0
1562673152.0	1615101952.0
1562673152.0	1615101952.0
1562673152.0	1615101952.0
1562673152.0	1615101952.0
1562673152.0	1615101952.0
1562673152.0	1615101952.0
1562673152.0	1615101952.0
1562673152.0	1615101952.0
1562673152.0	1615101952.0
1562673152.0	1615101952.0
1562673152.0	1615101952.0
1562673152.0	1615101952.0
1562673152.0	1615101952.0
1562673152.0	1615101952.0
1562673152.0	1615101952.0
1562673152.0	1615101952.0
1562673152.0	1615101952.0
1562673152.0	1615101952.0
1562673152.0	1615101952.0
1562673152.0	1615101952.0
1562673152.0	1615101952.0
1562673152.0	1615101952.0
1562673152.0	1615101952.0
1600221184.0	1615101952.0
1613475840.0	1615101952.0
1613766656.0	1615101952.0
1613860864.0	1615101952.0
1613987840.0	1615101952.0
1614741504.0	1615101952.0
1614876672.0	1615101952.0
1615388672.0	1635581952.0
1623527424.0	1635581952.0
1627283456.0	1635581952.0
1650298880.0	1656061952.0
1708617728.0	1717501952.0
1711710208.0	1717501952.0
1695571968.0	1717501952.0
1612722176.0	1717501952.0
1612681216.0	1717501952.0
1612681216.0	1717501952.0
1612681216.0	1717501952.0
1612681216.0	1717501952.0
1612681216.0	1717501952.0
1612681216.0	1717501952.0
1612681216.0	1717501952.0
1612681216.0	1717501952.0
1612681216.0	1717501952.0
1644544000.0	1717501952.0
1667846144.0	1717501952.0
1668452352.0	1717501952.0
1668661248.0	1717501952.0
1669824512.0	1717501952.0
1676492800.0	1717501952.0
1695961088.0	1717501952.0
1709051904.0	1717501952.0
1727311872.0	1737981952.0
1631596544.0	1737981952.0
1631596544.0	1737981952.0
1631596544.0	1737981952.0
1631596544.0	1737981952.0
1631596544.0	1737981952.0
1631596544.0	1737981952.0
1631596544.0	1737981952.0
1631596544.0	1737981952.0
1631596544.0	1684025344.0
1631596544.0	1684025344.0
1631596544.0	1684025344.0
1631596544.0	1684025344.0
1631596544.0	1684025344.0
1631596544.0	1684025344.0
1631596544.0	1684025344.0
1631596544.0	1684025344.0
1631596544.0	1684025344.0
1631596544.0	1684025344.0
1631596544.0	1684025344.0
1631596544.0	1684025344.0
1631596544.0	1684025344.0
1631596544.0	1684025344.0
1631596544.0	1684025344.0
1631596544.0	1684025344.0
1631596544.0	1684025344.0
1631596544.0	1684025344.0
1631596544.0	1684025344.0
1669316608.0	1684025344.0
1685835776.0	1704505344.0
1685954560.0	1704505344.0
1686630400.0	1704505344.0
1686843392.0	1704505344.0
1686970368.0	1704505344.0
1686974464.0	1704505344.0
1694609408.0	1704505344.0
1704484864.0	1704505344.0
1715912704.0	1724985344.0
1759334400.0	1765945344.0
1738424320.0	1765945344.0
1679826944.0	1765945344.0
1699274752.0	1765945344.0
1716686848.0	1765945344.0
1717551104.0	1765945344.0
1717682176.0	1765945344.0
1738575872.0	1765945344.0
1749630976.0	1765945344.0
1756979200.0	1765945344.0
1758158848.0	1765945344.0
1775357952.0	1786425344.0
1754652672.0	1786425344.0
1762037760.0	1786425344.0
1680420864.0	1786425344.0
1680420864.0	1786425344.0
1680420864.0	1786425344.0
1680420864.0	1786425344.0
1680420864.0	1786425344.0
1680420864.0	1786425344.0
1680420864.0	1786425344.0
1680420864.0	1786425344.0
1680420864.0	1786425344.0
1680420864.0	1786425344.0
1680420864.0	1786425344.0
1680420864.0	1786425344.0
1680420864.0	1786425344.0
1680420864.0	1786425344.0
1680420864.0	1732849664.0
1680420864.0	1732849664.0
1680420864.0	1732849664.0
1680420864.0	1732849664.0
1680420864.0	1732849664.0
1680420864.0	1732849664.0
1680420864.0	1732849664.0
1680420864.0	1732849664.0
1680420864.0	1732849664.0
1680420864.0	1732849664.0
1680420864.0	1732849664.0
1680420864.0	1732849664.0
1680420864.0	1732849664.0
1680420864.0	1732849664.0
1680420864.0	1732849664.0
1680420864.0	1732849664.0
1680420864.0	1732849664.0
1680420864.0	1732849664.0
1680420864.0	1732849664.0
1680420864.0	1732849664.0
1680420864.0	1732849664.0
1680420864.0	1732849664.0
1711226880.0	1732849664.0
1733439488.0	1753329664.0
1734561792.0	1753329664.0
1735286784.0	1753329664.0
1735471104.0	1753329664.0
1735557120.0	1753329664.0
1735684096.0	1753329664.0
1742368768.0	1753329664.0
1753133056.0	1753329664.0
1754017792.0	1773809664.0
1764409344.0	1773809664.0
1804251136.0	1814769664.0
1806774272.0	1814769664.0
1898864640.0	1917169664.0
1900318720.0	1917169664.0
1901813760.0	1917169664.0
1873575936.0	1917169664.0
1802452992.0	1917169664.0
1818001408.0	1917169664.0
1839292416.0	1917169664.0
1854488576.0	1917169664.0
1866842112.0	1917169664.0
1872334848.0	1917169664.0
1880268800.0	1917169664.0
1889947648.0	1917169664.0
1893670912.0	1917169664.0
1795100672.0	1917169664.0
1795092480.0	1917169664.0
1795092480.0	1917169664.0
1795092480.0	1917169664.0
1795092480.0	1917169664.0
1795092480.0	1917169664.0
1795092480.0	1917169664.0
1795092480.0	1917169664.0
1795092480.0	1917169664.0
1795092480.0	1917169664.0
1795092480.0	1847521280.0
1795092480.0	1847521280.0
1795092480.0	1847521280.0
1795092480.0	1847521280.0
1795092480.0	1847521280.0
1795092480.0	1847521280.0
1795092480.0	1847521280.0
1795092480.0	1847521280.0
1795092480.0	1847521280.0
1795092480.0	1847521280.0
1795092480.0	1847521280.0
1795092480.0	1847521280.0
1795092480.0	1847521280.0
1795092480.0	1847521280.0
1795092480.0	1847521280.0
1795092480.0	1847521280.0
1795092480.0	1847521280.0
1795092480.0	1847521280.0
1795092480.0	1847521280.0
1795092480.0	1847521280.0
1795092480.0	1847521280.0
1795092480.0	1847521280.0
1795092480.0	1847521280.0
1795092480.0	1847521280.0
1824980992.0	1847521280.0
1847500800.0	1847521280.0
1846136832.0	1847521280.0
1846321152.0	1847521280.0
1846448128.0	1847521280.0
1846312960.0	1847521280.0
1847463936.0	1847521280.0
1850802176.0	1868001280.0
1862766592.0	1868001280.0
1936941056.0	1949921280.0
1941323776.0	1949921280.0
1843015680.0	1949921280.0
1843015680.0	1949921280.0
1843015680.0	1949921280.0
1843015680.0	1949921280.0
1843015680.0	1949921280.0
1843015680.0	1949921280.0
1843015680.0	1949921280.0
1843015680.0	1949921280.0
1843015680.0	1949921280.0
1843015680.0	1949921280.0
1873690624.0	1949921280.0
1898590208.0	1949921280.0
1898926080.0	1949921280.0
1923190784.0	1949921280.0
1931042816.0	1949921280.0
1939283968.0	1949921280.0
1961361408.0	1970401280.0
1943240704.0	1970401280.0
1865846784.0	1970401280.0
1865846784.0	1970401280.0
1865846784.0	1970401280.0
1865846784.0	1970401280.0
1865846784.0	1970401280.0
1865846784.0	1918275584.0
1865846784.0	1918275584.0
1865846784.0	1918275584.0
1865846784.0	1918275584.0
1865846784.0	1918275584.0
1865846784.0	1918275584.0
1865846784.0	1918275584.0
1865846784.0	1918275584.0
1865846784.0	1918275584.0
1865846784.0	1918275584.0
1865846784.0	1918275584.0
1865846784.0	1918275584.0
1865846784.0	1918275584.0
