61382656.0	113811456.0
61382656.0	113811456.0
61382656.0	113811456.0
61382656.0	113811456.0
61382656.0	113811456.0
61382656.0	113811456.0
61382656.0	113811456.0
61382656.0	113811456.0
61382656.0	113811456.0
61382656.0	113811456.0
61382656.0	113811456.0
61382656.0	113811456.0
61382656.0	113811456.0
61382656.0	113811456.0
61382656.0	113811456.0
61382656.0	113811456.0
61382656.0	113811456.0
61382656.0	113811456.0
61382656.0	113811456.0
61382656.0	113811456.0
61382656.0	113811456.0
61382656.0	113811456.0
61382656.0	113811456.0
61382656.0	113811456.0
61382656.0	113811456.0
61382656.0	113811456.0
61382656.0	113811456.0
61382656.0	113811456.0
61382656.0	113811456.0
61382656.0	113811456.0
61382656.0	113811456.0
61382656.0	113811456.0
61382656.0	113811456.0
61382656.0	113811456.0
61382656.0	113811456.0
61382656.0	113811456.0
61382656.0	113811456.0
61382656.0	113811456.0
61382656.0	113811456.0
61382656.0	113811456.0
61382656.0	113811456.0
61382656.0	113811456.0
61382656.0	113811456.0
61382656.0	113811456.0
61382656.0	113811456.0
61382656.0	113811456.0
81633280.0	113811456.0
111144960.0	113811456.0
111276032.0	113811456.0
112611328.0	113811456.0
153509888.0	154771456.0
153509888.0	154771456.0
153591808.0	154771456.0
142860288.0	154771456.0
142860288.0	154771456.0
142876672.0	154771456.0
152641536.0	154771456.0
151490560.0	154771456.0
152932352.0	154771456.0
214847488.0	216211456.0
215506944.0	216211456.0
198823936.0	216211456.0
92454912.0	216211456.0
92454912.0	216211456.0
92454912.0	216211456.0
92454912.0	216211456.0
95531008.0	216211456.0
107876352.0	216211456.0
111771648.0	216211456.0
133926912.0	216211456.0
146620416.0	216211456.0
148566016.0	216211456.0
148877312.0	216211456.0
152092672.0	216211456.0
174813184.0	216211456.0
179699712.0	216211456.0
187518976.0	216211456.0
201256960.0	216211456.0
203878400.0	216211456.0
259522560.0	277651456.0
261885952.0	277651456.0
218435584.0	277651456.0
229228544.0	277651456.0
141971456.0	277651456.0
141963264.0	277651456.0
141910016.0	277651456.0
141910016.0	277651456.0
141910016.0	277651456.0
141910016.0	277651456.0
141910016.0	277651456.0
141910016.0	277651456.0
141910016.0	277651456.0
141910016.0	277651456.0
141910016.0	277651456.0
141910016.0	277651456.0
141910016.0	277651456.0
141910016.0	277651456.0
141910016.0	277651456.0
141910016.0	277651456.0
141910016.0	277651456.0
141910016.0	277651456.0
141910016.0	277651456.0
141910016.0	277651456.0
141910016.0	277651456.0
141910016.0	277651456.0
141910016.0	277651456.0
141910016.0	277651456.0
141910016.0	277651456.0
141910016.0	277651456.0
141910016.0	277651456.0
141910016.0	277651456.0
141910016.0	277651456.0
141910016.0	194338816.0
141910016.0	194338816.0
141910016.0	194338816.0
141910016.0	194338816.0
141910016.0	194338816.0
141910016.0	194338816.0
141910016.0	194338816.0
141910016.0	194338816.0
141910016.0	194338816.0
141910016.0	194338816.0
141910016.0	194338816.0
141910016.0	194338816.0
141910016.0	194338816.0
141910016.0	194338816.0
141910016.0	194338816.0
141910016.0	194338816.0
141910016.0	194338816.0
141910016.0	194338816.0
141910016.0	194338816.0
141910016.0	194338816.0
141910016.0	194338816.0
141910016.0	194338816.0
141910016.0	194338816.0
141910016.0	194338816.0
141910016.0	194338816.0
141910016.0	194338816.0
141910016.0	194338816.0
141910016.0	194338816.0
141910016.0	194338816.0
141910016.0	194338816.0
141910016.0	194338816.0
141910016.0	194338816.0
141910016.0	194338816.0
141910016.0	194338816.0
141910016.0	194338816.0
141910016.0	194338816.0
141910016.0	194338816.0
141910016.0	194338816.0
141910016.0	194338816.0
141910016.0	194338816.0
141910016.0	194338816.0
141910016.0	194338816.0
141910016.0	194338816.0
141910016.0	194338816.0
141910016.0	194338816.0
141910016.0	194338816.0
141910016.0	194338816.0
141910016.0	194338816.0
141910016.0	194338816.0
141910016.0	194338816.0
141910016.0	194338816.0
141910016.0	194338816.0
141910016.0	194338816.0
141910016.0	194338816.0
157372416.0	194338816.0
195911680.0	214818816.0
198033408.0	214818816.0
198123520.0	214818816.0
199225344.0	214818816.0
199766016.0	214818816.0
210898944.0	214818816.0
211894272.0	214818816.0
214757376.0	214818816.0
214532096.0	214818816.0
216707072.0	235298816.0
221040640.0	235298816.0
226570240.0	235298816.0
265576448.0	276258816.0
267149312.0	276258816.0
268836864.0	276258816.0
360419328.0	378658816.0
363016192.0	378658816.0
365416448.0	378658816.0
334487552.0	378658816.0
246046720.0	378658816.0
246046720.0	378658816.0
246046720.0	378658816.0
246046720.0	378658816.0
246046720.0	378658816.0
246046720.0	378658816.0
246046720.0	378658816.0
246046720.0	378658816.0
246046720.0	378658816.0
246046720.0	378658816.0
246046720.0	378658816.0
246046720.0	378658816.0
246046720.0	378658816.0
246046720.0	298475520.0
246046720.0	298475520.0
246046720.0	298475520.0
246046720.0	298475520.0
246046720.0	298475520.0
246046720.0	298475520.0
246046720.0	298475520.0
246046720.0	298475520.0
246046720.0	298475520.0
246046720.0	298475520.0
246046720.0	298475520.0
246046720.0	298475520.0
246046720.0	298475520.0
246046720.0	298475520.0
246046720.0	298475520.0
246046720.0	298475520.0
246046720.0	298475520.0
246046720.0	298475520.0
246046720.0	298475520.0
246046720.0	298475520.0
246046720.0	298475520.0
246046720.0	298475520.0
246046720.0	298475520.0
246046720.0	298475520.0
246046720.0	298475520.0
246046720.0	298475520.0
246046720.0	298475520.0
248999936.0	298475520.0
298504192.0	318955520.0
301236224.0	313098240.0
301768704.0	313098240.0
301965312.0	313098240.0
302022656.0	313098240.0
302243840.0	313098240.0
302243840.0	313098240.0
302374912.0	313098240.0
303755264.0	313098240.0
312909824.0	313098240.0
318414848.0	333578240.0
323706880.0	333578240.0
329019392.0	333578240.0
349089792.0	354058240.0
388333568.0	415498240.0
390635520.0	415498240.0
439095296.0	456458240.0
441819136.0	456458240.0
323072000.0	456458240.0
323072000.0	456458240.0
323072000.0	456458240.0
323072000.0	456458240.0
323072000.0	456458240.0
323072000.0	456458240.0
323072000.0	456458240.0
323072000.0	456458240.0
323072000.0	456458240.0
323072000.0	456458240.0
323072000.0	456458240.0
323072000.0	456458240.0
323072000.0	375500800.0
323072000.0	375500800.0
323072000.0	375500800.0
323072000.0	375500800.0
323072000.0	375500800.0
323072000.0	375500800.0
323072000.0	375500800.0
323072000.0	375500800.0
323072000.0	375500800.0
323072000.0	375500800.0
323072000.0	375500800.0
323072000.0	375500800.0
323072000.0	375500800.0
323072000.0	375500800.0
323072000.0	375500800.0
323072000.0	375500800.0
323072000.0	375500800.0
323072000.0	375500800.0
323072000.0	375500800.0
323072000.0	375500800.0
323072000.0	375500800.0
323072000.0	375500800.0
323072000.0	375500800.0
323072000.0	375500800.0
323072000.0	375500800.0
323072000.0	375500800.0
323072000.0	375500800.0
323072000.0	375500800.0
323072000.0	375500800.0
323072000.0	375500800.0
326094848.0	375500800.0
360382464.0	375500800.0
378724352.0	395980800.0
378753024.0	395980800.0
378867712.0	395980800.0
379162624.0	395980800.0
379240448.0	395980800.0
379600896.0	395980800.0
381108224.0	395980800.0
394350592.0	395980800.0
395804672.0	395980800.0
401162240.0	416460800.0
408674304.0	416460800.0
