400535552.0	400658432.0
434528256.0	441618432.0
424148992.0	441618432.0
441569280.0	441618432.0
432881664.0	441618432.0
481185792.0	482578432.0
460255232.0	482578432.0
370651136.0	482578432.0
388087808.0	482578432.0
399749120.0	482578432.0
413822976.0	482578432.0
414359552.0	482578432.0
415997952.0	482578432.0
434036736.0	482578432.0
439918592.0	482578432.0
444821504.0	482578432.0
452894720.0	482578432.0
466370560.0	482578432.0
468144128.0	482578432.0
370876416.0	482578432.0
370868224.0	482578432.0
370868224.0	482578432.0
370868224.0	482578432.0
370868224.0	482578432.0
370868224.0	482578432.0
370868224.0	482578432.0
370868224.0	482578432.0
370868224.0	482578432.0
370868224.0	482578432.0
370868224.0	482578432.0
370868224.0	423297024.0
370868224.0	423297024.0
370868224.0	423297024.0
370868224.0	423297024.0
370868224.0	423297024.0
370868224.0	423297024.0
370868224.0	423297024.0
370868224.0	423297024.0
370868224.0	423297024.0
370868224.0	423297024.0
370868224.0	423297024.0
370868224.0	423297024.0
370868224.0	423297024.0
370868224.0	423297024.0
370868224.0	423297024.0
370868224.0	423297024.0
370868224.0	423297024.0
370868224.0	423297024.0
370868224.0	423297024.0
370868224.0	423297024.0
370868224.0	423297024.0
370868224.0	423297024.0
370868224.0	423297024.0
370868224.0	423297024.0
370868224.0	423297024.0
370868224.0	423297024.0
370868224.0	423297024.0
370868224.0	423297024.0
370868224.0	423297024.0
370868224.0	423297024.0
370868224.0	423297024.0
370868224.0	423297024.0
370868224.0	423297024.0
370868224.0	423297024.0
388702208.0	423297024.0
423288832.0	423297024.0
421777408.0	423297024.0
421974016.0	423297024.0
422105088.0	423297024.0
423108608.0	423297024.0
434089984.0	443777024.0
436383744.0	443777024.0
439009280.0	443777024.0
505245696.0	505217024.0
499138560.0	525697024.0
500293632.0	525697024.0
501604352.0	525697024.0
549572608.0	566657024.0
551780352.0	566657024.0
554221568.0	566657024.0
554221568.0	566657024.0
523567104.0	566657024.0
432939008.0	566657024.0
432939008.0	566657024.0
432939008.0	566657024.0
432939008.0	485367808.0
432939008.0	485367808.0
432939008.0	485367808.0
432939008.0	485367808.0
432939008.0	485367808.0
432939008.0	485367808.0
432939008.0	485367808.0
432939008.0	485367808.0
432939008.0	485367808.0
432939008.0	485367808.0
432939008.0	485367808.0
432939008.0	485367808.0
432939008.0	485367808.0
432939008.0	485367808.0
432939008.0	485367808.0
432939008.0	485367808.0
432939008.0	485367808.0
432939008.0	485367808.0
432939008.0	485367808.0
432939008.0	485367808.0
432939008.0	485367808.0
447905792.0	485367808.0
486457344.0	505847808.0
487862272.0	505847808.0
488357888.0	505847808.0
488570880.0	505847808.0
488837120.0	505847808.0
489914368.0	505847808.0
491147264.0	505847808.0
501739520.0	505847808.0
505724928.0	505847808.0
510504960.0	526327808.0
540753920.0	526327808.0
561385472.0	567287808.0
655593472.0	669687808.0
627630080.0	669687808.0
536793088.0	669687808.0
536793088.0	669687808.0
536793088.0	669687808.0
555786240.0	669687808.0
575254528.0	669687808.0
593166336.0	669687808.0
600961024.0	669687808.0
620474368.0	669687808.0
628142080.0	669687808.0
643317760.0	669687808.0
645844992.0	669687808.0
672301056.0	690167808.0
674463744.0	690167808.0
631885824.0	690167808.0
646082560.0	690167808.0
556371968.0	690167808.0
556371968.0	690167808.0
556371968.0	690167808.0
556371968.0	690167808.0
556371968.0	690167808.0
556371968.0	690167808.0
556371968.0	608800768.0
556371968.0	608800768.0
556371968.0	608800768.0
556371968.0	608800768.0
556371968.0	608800768.0
556371968.0	608800768.0
556371968.0	608800768.0
556371968.0	608800768.0
556371968.0	608800768.0
556371968.0	608800768.0
556371968.0	608800768.0
556371968.0	608800768.0
556371968.0	608800768.0
556371968.0	608800768.0
556371968.0	608800768.0
556371968.0	608800768.0
556371968.0	608800768.0
556371968.0	608800768.0
556371968.0	608800768.0
556371968.0	608800768.0
556371968.0	608800768.0
556371968.0	608800768.0
556371968.0	608800768.0
556371968.0	608800768.0
556371968.0	608800768.0
556371968.0	608800768.0
556371968.0	608800768.0
556371968.0	608800768.0
556371968.0	608800768.0
556371968.0	608800768.0
556371968.0	608800768.0
556371968.0	608800768.0
556371968.0	608800768.0
556371968.0	608800768.0
556371968.0	608800768.0
556371968.0	608800768.0
556371968.0	608800768.0
556371968.0	608800768.0
556371968.0	608800768.0
556371968.0	608800768.0
556371968.0	608800768.0
579813376.0	608800768.0
608518144.0	608800768.0
610111488.0	629280768.0
611577856.0	629280768.0
612438016.0	629280768.0
615047168.0	629280768.0
629002240.0	629280768.0
629272576.0	629280768.0
634675200.0	649760768.0
644018176.0	649760768.0
684040192.0	690720768.0
663896064.0	690720768.0
587055104.0	690720768.0
586932224.0	690720768.0
586932224.0	690720768.0
586932224.0	690720768.0
586932224.0	690720768.0
586932224.0	639361024.0
586932224.0	639361024.0
586932224.0	639361024.0
586932224.0	639361024.0
586932224.0	639361024.0
586932224.0	639361024.0
586932224.0	639361024.0
586932224.0	639361024.0
586932224.0	639361024.0
586932224.0	639361024.0
586932224.0	639361024.0
586932224.0	639361024.0
586932224.0	639361024.0
586932224.0	639361024.0
586932224.0	639361024.0
586932224.0	639361024.0
586932224.0	639361024.0
586932224.0	639361024.0
586932224.0	639361024.0
586932224.0	639361024.0
586932224.0	639361024.0
586932224.0	639361024.0
586932224.0	639361024.0
586932224.0	639361024.0
586932224.0	639361024.0
586932224.0	639361024.0
607612928.0	639361024.0
640458752.0	659841024.0
641847296.0	659841024.0
642428928.0	659841024.0
642592768.0	659841024.0
642813952.0	659841024.0
642813952.0	659841024.0
651325440.0	659841024.0
659824640.0	659841024.0
664064000.0	680321024.0
672272384.0	680321024.0
711143424.0	721281024.0
712830976.0	721281024.0
694181888.0	721281024.0
617197568.0	721281024.0
617197568.0	721281024.0
637157376.0	721281024.0
672972800.0	721281024.0
673292288.0	721281024.0
698351616.0	721281024.0
703111168.0	721281024.0
712998912.0	721281024.0
731381760.0	741761024.0
713703424.0	741761024.0
636694528.0	741761024.0
636694528.0	741761024.0
636694528.0	741761024.0
636694528.0	741761024.0
636694528.0	741761024.0
636694528.0	741761024.0
636694528.0	741761024.0
636694528.0	741761024.0
636694528.0	689123328.0
636694528.0	689123328.0
636694528.0	689123328.0
636694528.0	689123328.0
636694528.0	689123328.0
636694528.0	689123328.0
636694528.0	689123328.0
636694528.0	689123328.0
636694528.0	689123328.0
636694528.0	689123328.0
636694528.0	689123328.0
636694528.0	689123328.0
636694528.0	689123328.0
636694528.0	689123328.0
636694528.0	689123328.0
636694528.0	689123328.0
636694528.0	689123328.0
636694528.0	689123328.0
636694528.0	689123328.0
636694528.0	689123328.0
636694528.0	689123328.0
636694528.0	689123328.0
636694528.0	689123328.0
636694528.0	689123328.0
636694528.0	689123328.0
636694528.0	689123328.0
636694528.0	689123328.0
639840256.0	689123328.0
655097856.0	689123328.0
690491392.0	704528384.0
691712000.0	704528384.0
692191232.0	704528384.0
692371456.0	704528384.0
692592640.0	704528384.0
692686848.0	704528384.0
700710912.0	704528384.0
704532480.0	704528384.0
709279744.0	725008384.0
716398592.0	725008384.0
736595968.0	745488384.0
776196096.0	786448384.0
780222464.0	786448384.0
