985145344.0	1002516480.0
985198592.0	1002516480.0
985391104.0	1002516480.0
985391104.0	1002516480.0
985542656.0	1002516480.0
985509888.0	1002516480.0
986468352.0	1002516480.0
1035886592.0	1043476480.0
1035886592.0	1043476480.0
1035886592.0	1043476480.0
1025179648.0	1043476480.0
1025179648.0	1043476480.0
1029595136.0	1043476480.0
1042190336.0	1043476480.0
1083527168.0	1084436480.0
1083408384.0	1084436480.0
1147174912.0	1166356480.0
1148661760.0	1166356480.0
1010069504.0	1166356480.0
1025220608.0	1166356480.0
1042780160.0	1166356480.0
1065361408.0	1077649408.0
1065967616.0	1077649408.0
1066004480.0	1077649408.0
1066250240.0	1077649408.0
1067667456.0	1077649408.0
1077501952.0	1077649408.0
1077641216.0	1077649408.0
1082400768.0	1098129408.0
1088778240.0	1098129408.0
1108832256.0	1118609408.0
1110052864.0	1118609408.0
1148825600.0	1159569408.0
1151037440.0	1159569408.0
1243389952.0	1261969408.0
1245880320.0	1261969408.0
1248800768.0	1261969408.0
1209573376.0	1261969408.0
1128439808.0	1261969408.0
1128390656.0	1261969408.0
1128275968.0	1261969408.0
1128275968.0	1261969408.0
1128275968.0	1261969408.0
1128275968.0	1261969408.0
1128275968.0	1261969408.0
1128275968.0	1261969408.0
1128275968.0	1261969408.0
1128275968.0	1261969408.0
1128275968.0	1261969408.0
1128275968.0	1261969408.0
1128275968.0	1261969408.0
1128275968.0	1261969408.0
1128275968.0	1180704768.0
1128275968.0	1180704768.0
1128275968.0	1180704768.0
1128275968.0	1180704768.0
1128275968.0	1180704768.0
1128275968.0	1180704768.0
1161662464.0	1180704768.0
1183305728.0	1201184768.0
1183555584.0	1201184768.0
1184337920.0	1201184768.0
1184280576.0	1201184768.0
1185570816.0	1201184768.0
1193234432.0	1201184768.0
1200963584.0	1201184768.0
1201180672.0	1201184768.0
1201160192.0	1201184768.0
1201082368.0	1201184768.0
1201106944.0	1201184768.0
1201106944.0	1201184768.0
1203605504.0	1221664768.0
1213837312.0	1221664768.0
1252962304.0	1262624768.0
1254576128.0	1262624768.0
1233268736.0	1262624768.0
1179033600.0	1262624768.0
1178472448.0	1262624768.0
1213157376.0	1262624768.0
1215299584.0	1262624768.0
1215414272.0	1242722304.0
1228791808.0	1242722304.0
1240793088.0	1242722304.0
1240559616.0	1242722304.0
1242701824.0	1242722304.0
1256255488.0	1263202304.0
1313583104.0	1324642304.0
1317904384.0	1324642304.0
1317904384.0	1324642304.0
1301561344.0	1324642304.0
1218449408.0	1324642304.0
1218449408.0	1324642304.0
1218449408.0	1324642304.0
1218449408.0	1324642304.0
1218449408.0	1324642304.0
1218449408.0	1324642304.0
1218449408.0	1324642304.0
1218449408.0	1324642304.0
1218449408.0	1324642304.0
1218449408.0	1324642304.0
1218449408.0	1324642304.0
1218449408.0	1324642304.0
1218449408.0	1324642304.0
1218449408.0	1324642304.0
1218449408.0	1324642304.0
1218449408.0	1324642304.0
1218449408.0	1324642304.0
1218449408.0	1324642304.0
1218449408.0	1270878208.0
1218449408.0	1270878208.0
1218449408.0	1270878208.0
1218449408.0	1270878208.0
1218449408.0	1270878208.0
1218449408.0	1270878208.0
1218449408.0	1270878208.0
1218449408.0	1270878208.0
1218449408.0	1270878208.0
1236516864.0	1270878208.0
1256841216.0	1270878208.0
1272360960.0	1291358208.0
1273335808.0	1291358208.0
1274281984.0	1291358208.0
1274281984.0	1291358208.0
1275334656.0	1291358208.0
1275334656.0	1291358208.0
1289850880.0	1291358208.0
1291341824.0	1291358208.0
1291300864.0	1291358208.0
1291198464.0	1291358208.0
1291251712.0	1291358208.0
1293488128.0	1311838208.0
1301323776.0	1311838208.0
1305649152.0	1311838208.0
1345155072.0	1352798208.0
1347567616.0	1352798208.0
1439404032.0	1455198208.0
1444249600.0	1455198208.0
1413705728.0	1455198208.0
1322045440.0	1451585536.0
1322045440.0	1451585536.0
1322045440.0	1451585536.0
1322045440.0	1451585536.0
1322045440.0	1451585536.0
1322045440.0	1451585536.0
1322045440.0	1451585536.0
1322045440.0	1451585536.0
1322045440.0	1451585536.0
1322045440.0	1451585536.0
1322045440.0	1451585536.0
1322045440.0	1451585536.0
1322045440.0	1451585536.0
1322045440.0	1451585536.0
1322045440.0	1451585536.0
1322045440.0	1451585536.0
1322045440.0	1451585536.0
1322045440.0	1451585536.0
1322045440.0	1451585536.0
1322045440.0	1451585536.0
1322045440.0	1451585536.0
1322045440.0	1451585536.0
1322045440.0	1451585536.0
1322045440.0	1451585536.0
1322045440.0	1451585536.0
1322045440.0	1451585536.0
1322045440.0	1451585536.0
1322045440.0	1451585536.0
1322045440.0	1451585536.0
1322045440.0	1374474240.0
1322045440.0	1374474240.0
1322045440.0	1374474240.0
1322045440.0	1374474240.0
1322045440.0	1374474240.0
1322045440.0	1374474240.0
1322045440.0	1374474240.0
1322045440.0	1374474240.0
1322045440.0	1374474240.0
1322045440.0	1374474240.0
1340932096.0	1374474240.0
1354260480.0	1374474240.0
1377038336.0	1394954240.0
1377980416.0	1394954240.0
1377980416.0	1394954240.0
1378131968.0	1394954240.0
1379024896.0	1394954240.0
1386819584.0	1394954240.0
1394921472.0	1394954240.0
1394847744.0	1394954240.0
1394847744.0	1394954240.0
1394847744.0	1394954240.0
1400070144.0	1415434240.0
1409753088.0	1415434240.0
1449680896.0	1456394240.0
1530527744.0	1517834240.0
1543925760.0	1579274240.0
1548042240.0	1579274240.0
1548042240.0	1579274240.0
1517588480.0	1579274240.0
1428799488.0	1579274240.0
1444667392.0	1579274240.0
1466036224.0	1579274240.0
1481605120.0	1579274240.0
1481818112.0	1579274240.0
1481973760.0	1579274240.0
1502842880.0	1579274240.0
1511460864.0	1579274240.0
1516670976.0	1579274240.0
1522155520.0	1579274240.0
1531957248.0	1579274240.0
1533530112.0	1579274240.0
1535217664.0	1579274240.0
1555365888.0	1579274240.0
1558642688.0	1579274240.0
1528287232.0	1579274240.0
1437921280.0	1579274240.0
1437863936.0	1579274240.0
1437859840.0	1579274240.0
1437859840.0	1579274240.0
1437843456.0	1579274240.0
1437720576.0	1579274240.0
1437720576.0	1579274240.0
1437712384.0	1579274240.0
1437712384.0	1579274240.0
1437712384.0	1579274240.0
1437704192.0	1579274240.0
1437704192.0	1579274240.0
1437704192.0	1490132992.0
1437704192.0	1490132992.0
1437704192.0	1490132992.0
1437704192.0	1490132992.0
1437704192.0	1490132992.0
1437704192.0	1490132992.0
1437704192.0	1490132992.0
1437704192.0	1490132992.0
1437704192.0	1490132992.0
1437704192.0	1490132992.0
1437704192.0	1490132992.0
1437704192.0	1490132992.0
1467916288.0	1490132992.0
1490014208.0	1490132992.0
1488236544.0	1490132992.0
1488998400.0	1490132992.0
1488998400.0	1490132992.0
1488998400.0	1490132992.0
1489154048.0	1490132992.0
1489932288.0	1490132992.0
1490063360.0	1490132992.0
1490108416.0	1490132992.0
1490378752.0	1510612992.0
1499512832.0	1510612992.0
1504710656.0	1510612992.0
1510141952.0	1510612992.0
1525719040.0	1531092992.0
1564717056.0	1592532992.0
1565990912.0	1592532992.0
1567039488.0	1592532992.0
1553539072.0	1592532992.0
1485938688.0	1592532992.0
1501597696.0	1592532992.0
1525669888.0	1592532992.0
1526710272.0	1592532992.0
1533480960.0	1592532992.0
1556185088.0	1592532992.0
1566011392.0	1592532992.0
1576595456.0	1592532992.0
1580265472.0	1592532992.0
1560608768.0	1592532992.0
1482715136.0	1592532992.0
1482715136.0	1592532992.0
1482715136.0	1592532992.0
1482715136.0	1592532992.0
1482678272.0	1592532992.0
1482678272.0	1592532992.0
1482678272.0	1592532992.0
1482678272.0	1592532992.0
1482678272.0	1592532992.0
1482678272.0	1592532992.0
1482678272.0	1592532992.0
1482678272.0	1592532992.0
1482678272.0	1592532992.0
1482678272.0	1592532992.0
1482678272.0	1592532992.0
1482678272.0	1592532992.0
1482678272.0	1592532992.0
1482678272.0	1535107072.0
1482678272.0	1535107072.0
1482678272.0	1535107072.0
1482678272.0	1535107072.0
1482678272.0	1535107072.0
1482678272.0	1535107072.0
1482678272.0	1535107072.0
1482678272.0	1535107072.0
1482678272.0	1535107072.0
1482678272.0	1535107072.0
1482678272.0	1535107072.0
1482678272.0	1535107072.0
1482678272.0	1535107072.0
1482678272.0	1535107072.0
1482678272.0	1535107072.0
1482678272.0	1535107072.0
1482678272.0	1535107072.0
