1632256000.0	1753391104.0
1659576320.0	1753391104.0
1684242432.0	1753391104.0
1684361216.0	1753391104.0
1684492288.0	1753391104.0
1695772672.0	1753391104.0
1705897984.0	1753391104.0
1709740032.0	1753391104.0
1709748224.0	1753391104.0
1723895808.0	1753391104.0
1736843264.0	1753391104.0
1640239104.0	1753391104.0
1640239104.0	1753391104.0
1640239104.0	1753391104.0
1640239104.0	1753391104.0
1640239104.0	1753391104.0
1640239104.0	1692667904.0
1640239104.0	1692667904.0
1640239104.0	1692667904.0
1640239104.0	1692667904.0
1678331904.0	1692667904.0
1691377664.0	1692667904.0
1691508736.0	1692667904.0
1691639808.0	1692667904.0
1692614656.0	1692667904.0
1695973376.0	1713147904.0
1703829504.0	1713147904.0
1781805056.0	1795067904.0
1862172672.0	1897467904.0
1867436032.0	1897467904.0
1824092160.0	1897467904.0
1746604032.0	1897467904.0
1778655232.0	1897467904.0
1802027008.0	1897467904.0
1802858496.0	1897467904.0
1804980224.0	1897467904.0
1828098048.0	1897467904.0
1832607744.0	1897467904.0
1853673472.0	1897467904.0
1758765056.0	1897467904.0
1758654464.0	1897467904.0
1758654464.0	1897467904.0
1758654464.0	1811083264.0
1758654464.0	1811083264.0
1758654464.0	1811083264.0
1758654464.0	1811083264.0
1758654464.0	1811083264.0
1758654464.0	1811083264.0
1758654464.0	1811083264.0
1758654464.0	1811083264.0
1758654464.0	1811083264.0
1758654464.0	1811083264.0
1758654464.0	1811083264.0
1758654464.0	1811083264.0
1758654464.0	1811083264.0
1758654464.0	1811083264.0
1758654464.0	1811083264.0
1758654464.0	1811083264.0
1758654464.0	1811083264.0
1758654464.0	1811083264.0
1758654464.0	1811083264.0
1758654464.0	1811083264.0
1758654464.0	1811083264.0
1758654464.0	1811083264.0
1758654464.0	1811083264.0
1758654464.0	1811083264.0
1758654464.0	1811083264.0
1758654464.0	1811083264.0
1758654464.0	1811083264.0
1758654464.0	1811083264.0
1758654464.0	1811083264.0
1758654464.0	1811083264.0
1758654464.0	1811083264.0
1758654464.0	1811083264.0
1758654464.0	1811083264.0
1758654464.0	1811083264.0
1758654464.0	1811083264.0
1758654464.0	1811083264.0
1758654464.0	1811083264.0
1758654464.0	1811083264.0
1811070976.0	1811083264.0
1809735680.0	1811083264.0
1809883136.0	1811083264.0
1810014208.0	1811083264.0
1810952192.0	1811083264.0
1810862080.0	1811083264.0
1811275776.0	1831563264.0
1819222016.0	1831563264.0
1829294080.0	1831563264.0
1902424064.0	1913483264.0
1980850176.0	2015883264.0
1983209472.0	2015883264.0
1986080768.0	2015883264.0
1865199616.0	2015883264.0
1897844736.0	2015883264.0
1920569344.0	2015883264.0
1920864256.0	2015883264.0
1920995328.0	2015883264.0
1921994752.0	2015883264.0
1932111872.0	2015883264.0
1948143616.0	2015883264.0
1971408896.0	2015883264.0
1992499200.0	2015883264.0
1952546816.0	2015883264.0
1876926464.0	2015883264.0
1876926464.0	2015883264.0
1876926464.0	2015883264.0
1876926464.0	2015883264.0
1876926464.0	2015883264.0
1876926464.0	2015883264.0
1876926464.0	2015883264.0
1876926464.0	2015883264.0
1876926464.0	2015883264.0
1876926464.0	2015883264.0
1876926464.0	2015883264.0
1876926464.0	2015883264.0
1876926464.0	2015883264.0
1876926464.0	2015883264.0
1876926464.0	1929355264.0
1876926464.0	1929355264.0
1876926464.0	1929355264.0
1876926464.0	1929355264.0
1876926464.0	1929355264.0
1876926464.0	1929355264.0
1876926464.0	1929355264.0
1876926464.0	1929355264.0
1876926464.0	1929355264.0
1876926464.0	1929355264.0
1876926464.0	1929355264.0
1876926464.0	1929355264.0
1876926464.0	1929355264.0
1876926464.0	1929355264.0
1876926464.0	1929355264.0
1876926464.0	1929355264.0
1876926464.0	1929355264.0
1876926464.0	1929355264.0
1876926464.0	1929355264.0
1876926464.0	1929355264.0
1876926464.0	1929355264.0
1896599552.0	1929355264.0
1927397376.0	1929355264.0
1928179712.0	1929355264.0
1928179712.0	1929355264.0
1928310784.0	1929355264.0
1929248768.0	1929355264.0
1929687040.0	1949835264.0
1940893696.0	1949835264.0
1940889600.0	1949835264.0
1942126592.0	1949835264.0
1966821376.0	1970315264.0
2023817216.0	2031755264.0
1924984832.0	2031755264.0
1924984832.0	2031755264.0
1924984832.0	2031755264.0
1944326144.0	2031755264.0
1978761216.0	2031755264.0
1980792832.0	2031755264.0
1980981248.0	2031755264.0
1981116416.0	2031755264.0
1982783488.0	2031755264.0
2008276992.0	2031755264.0
2038398976.0	2052235264.0
2040193024.0	2052235264.0
1943797760.0	2052235264.0
1943797760.0	2052235264.0
1943797760.0	2052235264.0
1943797760.0	2052235264.0
1943797760.0	2052235264.0
1943797760.0	2052235264.0
1943797760.0	2052235264.0
1943797760.0	2052235264.0
1943797760.0	2052235264.0
1943797760.0	2052235264.0
1943797760.0	2052235264.0
1943797760.0	2052235264.0
1943797760.0	2052235264.0
1943797760.0	2052235264.0
1943797760.0	2052235264.0
1943797760.0	2052235264.0
1943797760.0	1996226560.0
1943797760.0	1996226560.0
1943797760.0	1996226560.0
1943797760.0	1996226560.0
1943797760.0	1996226560.0
1943797760.0	1996226560.0
1943797760.0	1996226560.0
1943797760.0	1996226560.0
1943797760.0	1996226560.0
1943797760.0	1996226560.0
1943797760.0	1996226560.0
1943797760.0	1996226560.0
1943797760.0	1996226560.0
1943797760.0	1996226560.0
1943797760.0	1996226560.0
1943797760.0	1996226560.0
1943797760.0	1996226560.0
1943797760.0	1996226560.0
1943797760.0	1996226560.0
1943797760.0	1996226560.0
1975644160.0	1996226560.0
1997324288.0	2016706560.0
1998618624.0	2016706560.0
1999335424.0	2016706560.0
1999712256.0	2016706560.0
1999675392.0	2016706560.0
1999720448.0	2016706560.0
2000494592.0	2016706560.0
2008391680.0	2016706560.0
2016559104.0	2016706560.0
2016690176.0	2016706560.0
2028113920.0	2037186560.0
2068901888.0	2078146560.0
2162143232.0	2180546560.0
2165256192.0	2180546560.0
2168098816.0	2180546560.0
2053316608.0	2180546560.0
2100654080.0	2180546560.0
2101985280.0	2180546560.0
2102697984.0	2180546560.0
2102890496.0	2180546560.0
2103021568.0	2180546560.0
2103021568.0	2180546560.0
2105044992.0	2180546560.0
2128338944.0	2180546560.0
2129506304.0	2180546560.0
2136444928.0	2180546560.0
2154553344.0	2180546560.0
2158714880.0	2180546560.0
2138161152.0	2180546560.0
2058989568.0	2180546560.0
2058989568.0	2180546560.0
2058989568.0	2180546560.0
2058989568.0	2111418368.0
2058989568.0	2111418368.0
2058989568.0	2111418368.0
2058989568.0	2111418368.0
2058989568.0	2111418368.0
2058989568.0	2111418368.0
2058989568.0	2111418368.0
2058989568.0	2111418368.0
2058989568.0	2111418368.0
2058989568.0	2111418368.0
2058989568.0	2111418368.0
2058989568.0	2111418368.0
2058989568.0	2111418368.0
2058989568.0	2111418368.0
2058989568.0	2111418368.0
2058989568.0	2111418368.0
2058989568.0	2111418368.0
2058989568.0	2111418368.0
2058989568.0	2111418368.0
2058989568.0	2111418368.0
2058989568.0	2111418368.0
2058989568.0	2111418368.0
2058989568.0	2111418368.0
2058989568.0	2111418368.0
2058989568.0	2111418368.0
2058989568.0	2111418368.0
2058989568.0	2111418368.0
2058989568.0	2111418368.0
2069147648.0	2111418368.0
2111356928.0	2111418368.0
2110320640.0	2111418368.0
2110451712.0	2111418368.0
2111365120.0	2111418368.0
2121232384.0	2131898368.0
2146336768.0	2152378368.0
2204938240.0	2213818368.0
2106425344.0	2213818368.0
2106425344.0	2213818368.0
2106425344.0	2213818368.0
2106425344.0	2213818368.0
2106425344.0	2213818368.0
2106425344.0	2213818368.0
2106425344.0	2213818368.0
2106425344.0	2213818368.0
2106425344.0	2213818368.0
2106425344.0	2213818368.0
2106425344.0	2213818368.0
2106425344.0	2213818368.0
2106425344.0	2213818368.0
2106425344.0	2213818368.0
2106425344.0	2213818368.0
2106425344.0	2213818368.0
2106425344.0	2213818368.0
2106425344.0	2213818368.0
2106425344.0	2213818368.0
2106425344.0	2213818368.0
2106425344.0	2158854144.0
2106425344.0	2158854144.0
2106425344.0	2158854144.0
2106425344.0	2158854144.0
2106425344.0	2158854144.0
2106425344.0	2158854144.0
2106425344.0	2158854144.0
2106425344.0	2158854144.0
2106425344.0	2158854144.0
2106425344.0	2158854144.0
2106425344.0	2158854144.0
2106425344.0	2158854144.0
