1S LIMIT AGG (ns), 1S USAGE AGG (ns)
15000000.0,15000000.0
15000000.0,7596103.5
21000000.0,10803223.5
16800000.0,8863713.5
15000000.0,10816188.5
15000000.0,10340206.5
15000000.0,11860836.5
15000000.0,11197101.5
15000000.0,15000000.0
15000000.0,12272646.0
15000000.0,12584231.5
15000000.0,13600049.0
15000000.0,15000000.0
21000000.0,17728869.5
27000000.0,14919461.0
21600000.0,21600000.0
21600000.0,21600000.0
27600000.0,27600000.0
33600000.0,25804502.0
26880000.0,26880000.0
26880000.0,22903356.5
32880000.0,28204536.5
32880000.0,30129713.5
32880000.0,32021082.0
32880000.0,32666508.5
32880000.0,32880000.0
32880000.0,32880000.0
38880000.0,38737673.0
44880000.0,36203544.0
44880000.0,38837077.5
44880000.0,40524942.0
44880000.0,40810442.0
44880000.0,36162941.5
42380000.0,36337692.5
42380000.0,40762652.0
42380000.0,42380000.0
42380000.0,42380000.0
48380000.0,48380000.0
54380000.0,46204500.0
60380000.0,48635238.0
60380000.0,47183492.0
48304000.0,48304000.0
48304000.0,42890277.0
48304000.0,44677319.5
48304000.0,41149045.5
48304000.0,44337277.5
48304000.0,43112406.0
45804000.0,40451585.0
45804000.0,41138010.5
45804000.0,36761751.5
45804000.0,34528282.0
36643000.0,36270087.0
36643000.0,36643000.0
36643000.0,33072694.5
36643000.0,36643000.0
36643000.0,36643000.0
42643000.0,37915738.0
48643000.0,38034855.0
38914000.0,36189600.0
38914000.0,36997533.0
38914000.0,36988862.0
38914000.0,35173684.5
38914000.0,37083952.5
38914000.0,36983494.5
38914000.0,37438574.0
38914000.0,35738807.5
38914000.0,34467167.0
38914000.0,38914000.0
38914000.0,38438536.5
44914000.0,37412549.5
44914000.0,37828241.5
44914000.0,36256715.5
44914000.0,37399038.5
42414000.0,38093975.0
42414000.0,36236363.5
42414000.0,37353165.0
42414000.0,37641782.5
42414000.0,39161751.0
42414000.0,37425232.0
39914000.0,37462177.0
39914000.0,36454120.0
39914000.0,39434044.5
39914000.0,39531704.5
39914000.0,36891167.0
39914000.0,38254930.0
39914000.0,37367654.5
39914000.0,36135570.0
39914000.0,35947184.0
39914000.0,34816502.5
37414000.0,31938193.0
37414000.0,32598934.5
37414000.0,34030171.5
37414000.0,31640289.0
37414000.0,35232122.5
37414000.0,35001202.5
37414000.0,33065010.0
34914000.0,33610641.5
34914000.0,33323828.0
34914000.0,34914000.0
34914000.0,34914000.0
40914000.0,38814197.0
46914000.0,37485011.0
37531000.0,36909662.0
37531000.0,37531000.0
37531000.0,37531000.0
43531000.0,38164682.5
49531000.0,36361264.5
39624500.0,38890359.5
39624500.0,37809281.5
39624500.0,34071768.5
39624500.0,39474150.5
39624500.0,35614362.5
39624500.0,37373529.5
39624500.0,38562478.0
39624500.0,37658125.5
39624500.0,38713748.5
39624500.0,36374431.0
39624500.0,37411680.0
39624500.0,38072642.5
39624500.0,35881396.5
39624500.0,39206989.0
39624500.0,36136727.5
45624500.0,38692263.5
45624500.0,37179639.0
45624500.0,33778710.5
36499500.0,34424557.5
36499500.0,36367312.5
36499500.0,36499500.0
36499500.0,36499500.0
42499500.0,34489926.0
48499500.0,27144259.0
38799500.0,38799500.0
38799500.0,38088940.5
44799500.0,37389428.5
44799500.0,35710545.5
35839500.0,35839500.0
35839500.0,34763027.5
41839500.0,39303228.5
47839500.0,36559277.5
38271500.0,38271500.0
38271500.0,35606233.5
38271500.0,37642213.5
38271500.0,37024175.5
38271500.0,37726125.0
44271500.0,35342679.5
35417000.0,35417000.0
35417000.0,35417000.0
41417000.0,34871612.0
47417000.0,39405724.0
47417000.0,39451701.5
47417000.0,36571150.5
37933500.0,37933500.0
37933500.0,37511482.0
43933500.0,39275623.0
43933500.0,35761315.0
43933500.0,38467001.0
43933500.0,40834016.5
43933500.0,38349279.5
41433500.0,38103556.5
41433500.0,38961483.0
41433500.0,39423678.5
41433500.0,40246911.5
41433500.0,40134802.5
41433500.0,38375020.0
41433500.0,35476219.5
41433500.0,36831852.0
41433500.0,37048349.0
38933500.0,36034411.0
38933500.0,36667677.0
38933500.0,38304490.5
38933500.0,36596069.0
38933500.0,35827730.5
38933500.0,34516916.5
38933500.0,36607061.0
38933500.0,34327868.0
38933500.0,35025152.5
36433500.0,29530520.0
36433500.0,32172841.5
36433500.0,36433500.0
36433500.0,36433500.0
42433500.0,42433500.0
48433500.0,39203678.5
54433500.0,38037021.5
43546500.0,35992969.0
43546500.0,39301723.5
43546500.0,36898797.5
43546500.0,36896333.0
41046500.0,36872481.0
41046500.0,39002991.5
41046500.0,38491241.5
41046500.0,40272901.0
41046500.0,35223935.0
41046500.0,35224691.0
41046500.0,32943189.5
38546500.0,38546500.0
38546500.0,35587001.0
44546500.0,38092974.0
44546500.0,41301812.0
44546500.0,37008820.5
44546500.0,38012184.0
44546500.0,38178933.0
42046500.0,37174388.0
42046500.0,39885892.5
42046500.0,36347331.5
42046500.0,37916931.0
42046500.0,36823718.0
42046500.0,38622435.0
39546500.0,39108194.0
39546500.0,35393196.5
45546500.0,34759105.5
36437000.0,34772813.0
36437000.0,35136236.5
36437000.0,35824604.5
36437000.0,36184955.5
36437000.0,33282798.5
36437000.0,36437000.0
36437000.0,36437000.0
42437000.0,39686054.5
48437000.0,38437018.5
38749500.0,36653059.0
38749500.0,38749500.0
38749500.0,35598922.5
38749500.0,34929873.0
38749500.0,36804042.0
38749500.0,38172174.5
38749500.0,38749500.0
38749500.0,38097875.5
38749500.0,38749500.0
38749500.0,38749500.0
44749500.0,39297432.0
50749500.0,38750341.5
40599500.0,39595499.5
40599500.0,33064784.5
40599500.0,37129542.0
40599500.0,37068128.0
40599500.0,36788056.0
40599500.0,38535118.0
40599500.0,36339842.0
38099500.0,38099500.0
38099500.0,35151637.5
44099500.0,37849165.0
44099500.0,39495638.5
44099500.0,37513729.5
44099500.0,37320856.5
44099500.0,36488389.5
41599500.0,39570649.0
41599500.0,39197225.0
41599500.0,41599500.0
41599500.0,38610802.5
41599500.0,38567768.0
41599500.0,40006122.0
41599500.0,36388866.0
41599500.0,37524508.0
41599500.0,37081175.5
39099500.0,37060794.0
39099500.0,36502109.5
45099500.0,35080890.5
36079500.0,36079500.0
36079500.0,36079500.0
42079500.0,34092627.0
48079500.0,35249686.0
38463500.0,38463500.0
38463500.0,38463500.0
44463500.0,37229613.5
50463500.0,36334204.5
40370500.0,40370500.0
40370500.0,32185581.5
32296000.0,32296000.0
32296000.0,32296000.0
38296000.0,38296000.0
44296000.0,38959568.0
50296000.0,36131650.5
40236500.0,40236500.0
40236500.0,38211707.0
46236500.0,36170865.5
36989000.0,36615663.0
36989000.0,36823625.5
36989000.0,36437930.0
36989000.0,36989000.0
36989000.0,36989000.0
42989000.0,35835408.5
48989000.0,38556408.5
39191000.0,38135732.5
39191000.0,37257627.5
39191000.0,35585494.0
39191000.0,36472299.0
39191000.0,39191000.0
39191000.0,39191000.0
45191000.0,37104551.0
51191000.0,6429408.0
40952500.0,20480352.0
32762000.0,31051889.5
32762000.0,30214399.0
32762000.0,32762000.0
32762000.0,32762000.0
38762000.0,37829141.0
44762000.0,35194352.5
35809500.0,35809500.0
35809500.0,35809500.0
41809500.0,39129826.0
47809500.0,43370271.5
47809500.0,39709027.0
47809500.0,47612580.5
47809500.0,43502973.0
47809500.0,44875717.0
47809500.0,38691770.0
45309500.0,34734494.0
36247500.0,36247500.0
36247500.0,36247500.0
42247500.0,35800263.0
48247500.0,38973376.0
48247500.0,37326207.0
38598000.0,38598000.0
38598000.0,35112022.0
44598000.0,34617112.0
35678000.0,35678000.0
35678000.0,35678000.0
41678000.0,37794184.0
47678000.0,35843572.5
38142000.0,36330340.0
38142000.0,36635495.5
38142000.0,38079966.5
38142000.0,36900007.0
38142000.0,35444177.5
38142000.0,38142000.0
38142000.0,38142000.0
38142000.0,35919786.5
44142000.0,35424944.5
44142000.0,37851845.0
44142000.0,37841626.5
44142000.0,37932352.0
41642000.0,37999102.0
41642000.0,37205624.0
41642000.0,37515748.5
41642000.0,39306000.5
41642000.0,36630995.0
41642000.0,37447523.0
41642000.0,37481860.5
39142000.0,36943446.0
39142000.0,31566422.5
39142000.0,39142000.0
39142000.0,39142000.0
45142000.0,39582146.5
51142000.0,38549662.5
40913500.0,38477998.0
40913500.0,37315768.5
40913500.0,40913500.0
40913500.0,38194499.0
40913500.0,38777788.5
40913500.0,37392246.5
40913500.0,37109380.0
40913500.0,38746724.5
40913500.0,38358352.0
40913500.0,39758842.0
40913500.0,37322453.5
38413500.0,33515028.5
38413500.0,37463458.5
38413500.0,38413500.0
38413500.0,38413500.0
38413500.0,35309266.5
38413500.0,38413500.0
38413500.0,35102994.0
44413500.0,39100981.5
44413500.0,39166179.5
44413500.0,36933250.0
44413500.0,36475597.5
41913500.0,38206979.5
41913500.0,38637853.0
41913500.0,39471882.5
41913500.0,39144460.5
41913500.0,36927347.5
41913500.0,39791587.0
41913500.0,37080026.0
41913500.0,38293739.0
39413500.0,34289017.5
39413500.0,37237141.0
39413500.0,34749031.5
39413500.0,36264331.5
39413500.0,39413500.0
39413500.0,34555951.5
45413500.0,35742696.5
36330500.0,36330500.0
36330500.0,36330500.0
42330500.0,36344551.5
48330500.0,38001223.5
38664000.0,38664000.0
38664000.0,38664000.0
44664000.0,37238478.0
50664000.0,39087162.5
40531000.0,33683508.5
40531000.0,37322329.5
40531000.0,34055171.0
40531000.0,32881729.5
40531000.0,34127296.5
38031000.0,34615675.5
38031000.0,37681354.0
38031000.0,31721794.0
38031000.0,38031000.0
38031000.0,38031000.0
44031000.0,35803150.0
50031000.0,38010369.5
40024500.0,37137242.0
40024500.0,35063547.0
40024500.0,39913567.5
40024500.0,35594226.5
40024500.0,36382834.0
40024500.0,37604998.5
40024500.0,36207997.0
40024500.0,39275934.5
40024500.0,37482727.5
37524500.0,37524500.0
37524500.0,37524500.0
37524500.0,36672462.5
37524500.0,37524500.0
37524500.0,37524500.0
43524500.0,39605238.5
49524500.0,38987955.5
39619500.0,36234453.5
39619500.0,39619500.0
39619500.0,36678628.5
39619500.0,38462281.0
39619500.0,37440488.5
39619500.0,38445765.5
39619500.0,36888331.5
39619500.0,39619500.0
39619500.0,36110371.0
39619500.0,37551471.0
39619500.0,35862899.0
39619500.0,39619500.0
39619500.0,39619500.0
45619500.0,37707465.0
51619500.0,35377414.0
41295500.0,37807818.5
41295500.0,36337214.5
41295500.0,39392529.0
41295500.0,40693568.5
41295500.0,35997390.5
41295500.0,36482516.0
41295500.0,32756241.0
33036000.0,33036000.0
33036000.0,33036000.0
39036000.0,36778178.0
45036000.0,37399678.0
45036000.0,36037139.5
45036000.0,32625315.5
36028500.0,34427341.0
36028500.0,36015432.0
36028500.0,36028500.0
42028500.0,36725745.0
48028500.0,36738108.0
38422500.0,36671645.0
38422500.0,35822487.5
38422500.0,37275327.5
38422500.0,37603536.5
38422500.0,38295775.0
38422500.0,38422500.0
38422500.0,37714437.0
38422500.0,37704382.5
38422500.0,37708016.0
38422500.0,34336577.0
38422500.0,38422500.0
38422500.0,36488991.0
44422500.0,39043771.5
44422500.0,38367782.5
44422500.0,36906081.0
44422500.0,39399716.0
44422500.0,35931414.0
41922500.0,35672068.0
41922500.0,35674980.0
41922500.0,38828898.0
41922500.0,36699354.5
41922500.0,37551662.5
39422500.0,37744337.0
39422500.0,37838637.5
39422500.0,38534760.5
39422500.0,37885241.0
39422500.0,37663911.0
39422500.0,39422500.0
39422500.0,39112431.0
45422500.0,37446737.0
45422500.0,37346421.5
45422500.0,39205990.5
45422500.0,31651447.0
36338000.0,36338000.0
36338000.0,35969231.0
42338000.0,38198117.0
48338000.0,39386584.0
48338000.0,36105337.5
38670000.0,38379432.0
38670000.0,36991839.5
38670000.0,38670000.0
38670000.0,38048593.0
44670000.0,38297067.5
44670000.0,37609349.0
44670000.0,38136554.0
44670000.0,37539477.5
42170000.0,37245121.0
42170000.0,39149181.0
42170000.0,37072646.0
42170000.0,36415003.0
42170000.0,38794647.5
42170000.0,37660976.0
39670000.0,37979433.0
39670000.0,39670000.0
39670000.0,36702027.0
39670000.0,38602721.0
39670000.0,36168714.5
39670000.0,36334548.5
39670000.0,39670000.0
39670000.0,39392906.5
39670000.0,35174357.5
39670000.0,34998010.5
39670000.0,39670000.0
39670000.0,39670000.0
45670000.0,36323942.0
51670000.0,38280688.5
41336000.0,39540012.0
41336000.0,39626511.0
41336000.0,38228271.5
41336000.0,36966411.0
41336000.0,41336000.0
41336000.0,37465335.5
47336000.0,36548852.0
37868500.0,37868500.0
37868500.0,37868500.0
43868500.0,37164326.0
43868500.0,37909946.5
43868500.0,38372983.5
43868500.0,39800528.0
43868500.0,37767222.0
41368500.0,37680785.5
41368500.0,38211705.5
41368500.0,38903592.5
41368500.0,40430804.0
41368500.0,39769149.0
41368500.0,35739591.0
41368500.0,37527921.5
41368500.0,38382721.0
41368500.0,36038000.0
38868500.0,36390156.5
38868500.0,36807189.5
38868500.0,36954816.0
38868500.0,37778302.0
38868500.0,36255001.5
38868500.0,35913107.0
38868500.0,38868500.0
38868500.0,38868500.0
44868500.0,39808559.0
50868500.0,39418515.5
40694500.0,35192929.5
40694500.0,39104346.5
40694500.0,37941461.0
40694500.0,40694500.0
40694500.0,36247217.5
46694500.0,36081275.5
37355500.0,37355500.0
37355500.0,37355500.0
37355500.0,37355500.0
37355500.0,37355500.0
37355500.0,37355500.0
43355500.0,39881927.5
49355500.0,36137866.5
39484000.0,37188293.0
39484000.0,38494029.5
39484000.0,37267063.5
39484000.0,39484000.0
39484000.0,37449310.0
45484000.0,38346684.5
45484000.0,37992487.0
45484000.0,35563765.5
36387000.0,35184965.0
36387000.0,35084371.5
36387000.0,36387000.0
36387000.0,36387000.0
42387000.0,39582318.5
48387000.0,40729743.0
48387000.0,38850040.0
48387000.0,39573925.5
45887000.0,39888219.0
45887000.0,38730363.5
45887000.0,40013034.0
45887000.0,39552423.5
43387000.0,40260037.5
43387000.0,38551699.0
43387000.0,40227665.5
43387000.0,38368797.5
43387000.0,41159159.0
43387000.0,39610444.0
43387000.0,38652636.0
40887000.0,40887000.0
40887000.0,40887000.0
46887000.0,38028645.0
46887000.0,38712163.5
46887000.0,36398134.0
37509500.0,37509500.0
37509500.0,37509500.0
43509500.0,39616954.5
49509500.0,35021047.0
39607500.0,38161657.0
39607500.0,38866733.0
39607500.0,36632731.5
39607500.0,38943186.0
39607500.0,39534886.0
39607500.0,39066147.0
39607500.0,36784856.5
39607500.0,34287087.0
39607500.0,36312450.0
39607500.0,39096525.5
39607500.0,35563861.0
39607500.0,38007780.5
39607500.0,35157991.5
39607500.0,37222087.0
37107500.0,37107500.0
37107500.0,35462683.0
43107500.0,38383452.0
43107500.0,36892153.5
43107500.0,42373071.5
43107500.0,38078346.0
43107500.0,35714534.0
43107500.0,42308009.0
43107500.0,40315539.0
40607500.0,40607500.0
40607500.0,39831372.5
46607500.0,39958755.0
46607500.0,37970480.0
46607500.0,39850225.0
46607500.0,38831349.0
44107500.0,36948895.0
44107500.0,38166848.5
44107500.0,38157787.0
44107500.0,40893781.0
44107500.0,37173654.0
41607500.0,36232121.5
41607500.0,40538297.5
41607500.0,38008725.5
41607500.0,40367017.5
41607500.0,38168090.5
41607500.0,38731593.5
41607500.0,35870067.5
41607500.0,41607500.0
41607500.0,37706215.0
47607500.0,39166727.0
47607500.0,40496856.5
47607500.0,37929685.0
38086000.0,38086000.0
38086000.0,38086000.0
44086000.0,39420673.0
50086000.0,36157532.0
40068500.0,39471033.5
40068500.0,38160382.5
40068500.0,40068500.0
40068500.0,37594379.0
40068500.0,39062859.0
40068500.0,39433240.5
40068500.0,39578255.5
40068500.0,40068500.0
40068500.0,40068500.0
46068500.0,38262642.5
52068500.0,39835935.0
41654500.0,37396430.5
41654500.0,37612936.5
41654500.0,38568130.5
41654500.0,38866971.5
41654500.0,39439070.0
41654500.0,40116608.0
41654500.0,38403923.5
41654500.0,36163104.5
39154500.0,37160631.5
39154500.0,37453784.0
39154500.0,38407940.5
39154500.0,39154500.0
39154500.0,32715690.0
45154500.0,35462905.5
36123500.0,35805922.0
36123500.0,36123500.0
36123500.0,36123500.0
42123500.0,39310580.0
48123500.0,41526424.0
48123500.0,40660391.5
48123500.0,38750780.0
48123500.0,38044241.0
38498500.0,38498500.0
38498500.0,38098681.0
44498500.0,39250990.5
44498500.0,37736998.0
44498500.0,40270554.0
44498500.0,39912016.0
44498500.0,36932305.5
41998500.0,36914893.0
41998500.0,37086303.0
41998500.0,36202752.0
41998500.0,40483415.5
41998500.0,35239209.0
41998500.0,32469905.0
33598500.0,33357609.0
33598500.0,17414868.5
26878500.0,26878500.0
26878500.0,26878500.0
32878500.0,28137631.5
38878500.0,21716634.5
31102500.0,31102500.0
31102500.0,31102500.0
37102500.0,37102500.0
43102500.0,38869873.0
49102500.0,35081295.5
39282000.0,39282000.0
39282000.0,33473379.0
39282000.0,39282000.0
39282000.0,39282000.0
45282000.0,43089434.0
51282000.0,42628846.0
51282000.0,46668979.0
51282000.0,41761161.5
51282000.0,43048852.0
48782000.0,39468393.0
48782000.0,39785629.5
48782000.0,37387716.5
39025500.0,39025500.0
39025500.0,39025500.0
45025500.0,39598166.5
51025500.0,38456304.5
40820000.0,39069709.0
40820000.0,40584477.0
40820000.0,40136141.5
40820000.0,40131225.5
40820000.0,39187413.5
40820000.0,40228809.5
40820000.0,39473969.0
40820000.0,37595432.0
40820000.0,39938967.5
40820000.0,40820000.0
40820000.0,40592334.0
40820000.0,38810867.0
40820000.0,38277384.5
40820000.0,39737122.0
40820000.0,39943527.5
40820000.0,37293078.5
40820000.0,39665257.0
40820000.0,40820000.0
40820000.0,38997216.5
40820000.0,38687124.0
40820000.0,39382476.5
40820000.0,40820000.0
40820000.0,39710433.0
40820000.0,40000311.5
46820000.0,39827829.5
46820000.0,37839692.0
46820000.0,40967831.5
46820000.0,40456780.0
44320000.0,40204859.0
44320000.0,37224209.0
44320000.0,39041428.5
44320000.0,41142962.0
44320000.0,40786502.5
44320000.0,41228411.5
41820000.0,41142784.5
41820000.0,39607313.5
41820000.0,38337507.0
41820000.0,38769553.0
41820000.0,39768856.5
41820000.0,38087742.0
41820000.0,40968579.0
41820000.0,39259328.5
41820000.0,41020307.5
41820000.0,37471426.5
41820000.0,39252486.5
39320000.0,39320000.0
39320000.0,38127805.0
39320000.0,38995637.5
39320000.0,37313236.0
39320000.0,37331701.5
39320000.0,39320000.0
39320000.0,37540238.5
39320000.0,39320000.0
39320000.0,39320000.0
45320000.0,39869587.0
51320000.0,39988791.5
41056000.0,38224649.0
41056000.0,41056000.0
41056000.0,40464384.0
41056000.0,39135763.5
41056000.0,35397777.5
41056000.0,41056000.0
41056000.0,39175064.5
41056000.0,37084791.0
41056000.0,41056000.0
41056000.0,41056000.0
47056000.0,40372177.5
53056000.0,39248151.0
42444500.0,36668522.0
42444500.0,38484235.5
42444500.0,36189843.5
42444500.0,42444500.0
42444500.0,40512285.0
42444500.0,35774268.0
42444500.0,30267473.0
33955500.0,33955500.0
33955500.0,33955500.0
39955500.0,37457068.0
45955500.0,36219236.5
36764000.0,36764000.0
36764000.0,36764000.0
42764000.0,42764000.0
48764000.0,38313258.0
54764000.0,38681704.0
43811000.0,39801889.5
43811000.0,39249442.5
43811000.0,37693016.0
43811000.0,38252122.5
43811000.0,38429510.0
41311000.0,37929108.5
41311000.0,36733625.0
41311000.0,38505372.5
41311000.0,36416941.0
41311000.0,38951234.5
41311000.0,37977771.5
41311000.0,41311000.0
41311000.0,36469425.0
47311000.0,39196787.5
47311000.0,40013839.0
47311000.0,38818067.5
47311000.0,44094684.5
44811000.0,39088416.0
44811000.0,38785605.5
44811000.0,41877298.0
44811000.0,39865613.0
44811000.0,40728164.5
44811000.0,40908716.0
42311000.0,40325852.0
42311000.0,40062266.0
42311000.0,40183892.5
42311000.0,40798837.5
42311000.0,37959973.0
42311000.0,38655454.0
42311000.0,39822761.5
42311000.0,40207152.5
42311000.0,38569310.0
42311000.0,41701571.5
42311000.0,40174992.5
42311000.0,38260362.5
39811000.0,39811000.0
39811000.0,39811000.0
45811000.0,37947685.5
51811000.0,38713586.5
41448500.0,38697466.0
41448500.0,40350359.0
41448500.0,39813131.0
41448500.0,40087071.0
41448500.0,40858548.0
41448500.0,38797745.5
41448500.0,30214289.0
33158500.0,33158500.0
33158500.0,32072846.0
39158500.0,33019473.0
39158500.0,33649704.5
39158500.0,33426540.0
39158500.0,39158500.0
39158500.0,39158500.0
45158500.0,39141398.5
51158500.0,30809437.0
40926500.0,24050158.0
32741000.0,32741000.0
32741000.0,32741000.0
38741000.0,37866707.5
44741000.0,39213764.5
44741000.0,44741000.0
44741000.0,44741000.0
50741000.0,45607460.5
56741000.0,45084468.0
45392500.0,45392500.0
45392500.0,45271840.0
51392500.0,40387314.5
41114000.0,39230515.0
41114000.0,40361482.5
41114000.0,40883698.5
41114000.0,39479539.0
41114000.0,36540235.5
41114000.0,40690425.0
41114000.0,39306208.5
41114000.0,40486630.0
41114000.0,40529726.0
41114000.0,38645256.5
41114000.0,40055882.5
41114000.0,40062724.0
41114000.0,40718200.5
41114000.0,39218181.5
41114000.0,41114000.0
41114000.0,37972825.0
41114000.0,40020403.0
41114000.0,40380243.0
41114000.0,38992214.0
41114000.0,38702556.5
41114000.0,37813551.0
41114000.0,40717270.5
41114000.0,35891550.0
41114000.0,39432205.5
41114000.0,37604759.5
41114000.0,40317501.0
41114000.0,40985907.5
47114000.0,40971370.5
47114000.0,38473779.5
47114000.0,39602095.0
47114000.0,40149882.5
44614000.0,40344063.5
44614000.0,39787060.0
44614000.0,39687472.0
44614000.0,41803109.5
44614000.0,38461821.0
44614000.0,40376053.0
42114000.0,38065931.5
42114000.0,39759596.5
42114000.0,38086848.5
42114000.0,39453142.5
42114000.0,38336620.0
42114000.0,39945983.5
42114000.0,38486245.5
42114000.0,36496529.5
39614000.0,37391336.0
39614000.0,39614000.0
39614000.0,39614000.0
45614000.0,41158589.0
51614000.0,38268651.5
41291000.0,38284723.5
41291000.0,40117585.5
41291000.0,40457074.5
41291000.0,38777069.5
41291000.0,39699928.5
41291000.0,37523108.0
41291000.0,41291000.0
41291000.0,40840902.0
47291000.0,37963826.5
47291000.0,39685148.5
47291000.0,41362715.0
47291000.0,40034976.0
44791000.0,41720323.0
44791000.0,40719133.5
44791000.0,39771417.5
44791000.0,41711015.0
44791000.0,40014445.5
44791000.0,38864693.0
42291000.0,38804942.0
42291000.0,41071234.0
42291000.0,41519507.5
42291000.0,38538711.0
42291000.0,38423667.0
42291000.0,38544409.0
42291000.0,42093747.0
42291000.0,40587882.5
42291000.0,39388480.0
42291000.0,41477886.0
42291000.0,38199514.5
42291000.0,41289997.0
42291000.0,39627110.0
42291000.0,38408786.0
42291000.0,39648863.0
42291000.0,39935530.0
42291000.0,42291000.0
42291000.0,35101742.0
39791000.0,37376022.5
39791000.0,39791000.0
39791000.0,39791000.0
45791000.0,41934041.5
51791000.0,39586469.5
41432500.0,39884000.0
41432500.0,38881577.5
47432500.0,40726105.5
47432500.0,37803483.5
37946000.0,35263120.5
37946000.0,37946000.0
37946000.0,37946000.0
43946000.0,38801606.5
49946000.0,39379218.0
39956500.0,39956500.0
39956500.0,39956500.0
45956500.0,36793170.0
51956500.0,39754067.0
41565000.0,40298871.0
41565000.0,41565000.0
41565000.0,40826328.5
41565000.0,38496292.0
41565000.0,38800960.0
41565000.0,39242602.0
41565000.0,38828766.0
41565000.0,39517921.5
41565000.0,39824500.0
41565000.0,39172793.5
41565000.0,40931993.0
41565000.0,36667924.0
41565000.0,39495050.5
41565000.0,40512196.0
41565000.0,39752850.0
41565000.0,35746724.0
39065000.0,34839365.5
39065000.0,36749315.0
39065000.0,38600652.5
39065000.0,36730441.0
39065000.0,38292338.0
39065000.0,38998384.0
45065000.0,40899820.5
51065000.0,42686551.5
51065000.0,40496269.5
40852000.0,40852000.0
40852000.0,38853037.5
40852000.0,40415215.5
40852000.0,31883916.5
32681500.0,32681500.0
32681500.0,32681500.0
38681500.0,38681500.0
44681500.0,37262011.5
50681500.0,39164311.0
40545000.0,38073717.5
40545000.0,40545000.0
40545000.0,37080405.5
40545000.0,40545000.0
40545000.0,36738772.5
46545000.0,40762799.5
46545000.0,42653414.5
46545000.0,37049388.0
37236000.0,37236000.0
37236000.0,37236000.0
43236000.0,42575110.5
49236000.0,41071325.0
49236000.0,40157300.0
49236000.0,42120443.5
49236000.0,39056663.0
39388500.0,37174441.0
39388500.0,38410510.0
39388500.0,39114641.0
39388500.0,39388500.0
39388500.0,39388500.0
45388500.0,39008947.0
51388500.0,40914049.5
41110500.0,39842506.5
41110500.0,39572269.0
41110500.0,40681082.5
41110500.0,39530618.0
41110500.0,38810863.5
41110500.0,41110500.0
41110500.0,38937499.5
47110500.0,37625963.0
37688000.0,37688000.0
37688000.0,37688000.0
43688000.0,39682963.0
49688000.0,41776753.0
49688000.0,41648494.0
49688000.0,40366628.0
47188000.0,37364262.5
37750000.0,37750000.0
37750000.0,37750000.0
43750000.0,38004559.5
49750000.0,40720308.5
49750000.0,39139972.0
39800000.0,39800000.0
39800000.0,39313238.0
45800000.0,38404723.5
45800000.0,37810234.5
45800000.0,42901203.0
45800000.0,40693027.5
45800000.0,38361123.0
43300000.0,38148714.0
43300000.0,40563232.5
43300000.0,39204979.5
43300000.0,39931300.0
43300000.0,35206956.0
43300000.0,36327353.0
40800000.0,37772866.5
40800000.0,37155105.5
40800000.0,34103200.5
40800000.0,35589735.5
40800000.0,36677988.0
40800000.0,38296989.0
38300000.0,38300000.0
38300000.0,36474702.0
44300000.0,36219951.5
50300000.0,39153601.5
40240000.0,40240000.0
40240000.0,38867966.0
46240000.0,41000773.0
46240000.0,40944388.0
46240000.0,40170517.0
46240000.0,35208841.5
36992000.0,36992000.0
36992000.0,36992000.0
42992000.0,42992000.0
48992000.0,40692620.0
54992000.0,38112961.0
43993500.0,39877756.5
43993500.0,37685336.0
43993500.0,40354269.5
43993500.0,35673990.0
43993500.0,43993500.0
43993500.0,39113536.5
49993500.0,39898315.5
39994500.0,39878785.0
39994500.0,34411481.0
39994500.0,39994500.0
39994500.0,29966834.5
31995500.0,28179765.5
31995500.0,31995500.0
31995500.0,31995500.0
37995500.0,37327270.5
43995500.0,33910831.0
35196000.0,35196000.0
35196000.0,35196000.0
41196000.0,41196000.0
47196000.0,45211456.0
53196000.0,43587550.0
53196000.0,44170991.5
53196000.0,40045151.0
42556500.0,40373335.5
42556500.0,40556500.0
42556500.0,40433071.0
42556500.0,39550129.5
42556500.0,40701338.0
42556500.0,40157285.0
42556500.0,40797386.0
42556500.0,42556500.0
48556500.0,39457572.5
54556500.0,38994039.5
43645000.0,38728627.5
43645000.0,39076688.5
43645000.0,40130462.5
43645000.0,41998196.0
43645000.0,39584445.5
43645000.0,40782771.0
43645000.0,39445471.5
41145000.0,39825961.5
41145000.0,38601000.5
41145000.0,33059491.5
41145000.0,41145000.0
41145000.0,40778362.0
47145000.0,30111374.0
37716000.0,37716000.0
37716000.0,37148316.0
43716000.0,32167728.0
34972500.0,34972500.0
34972500.0,34972500.0
40972500.0,40972500.0
46972500.0,42572000.0
52972500.0,37868423.5
42378000.0,40557980.0
42378000.0,39786574.5
42378000.0,36205247.5
42378000.0,41939480.0
42378000.0,38935000.0
42378000.0,41648500.0
42378000.0,38660841.0
42378000.0,38462585.0
42378000.0,39451678.0
39878000.0,39193302.0
39878000.0,38356470.0
39878000.0,39878000.0
39878000.0,39878000.0
45878000.0,39781667.0
51878000.0,38679515.0
41502000.0,38291253.5
41502000.0,40799020.5
41502000.0,39645353.0
41502000.0,38290495.5
41502000.0,35218111.0
41502000.0,36622371.0
41502000.0,39779500.0
41502000.0,39824032.0
41502000.0,40406436.5
41502000.0,40245033.5
39002000.0,39002000.0
39002000.0,39002000.0
45002000.0,40484486.5
51002000.0,36188232.5
40801500.0,40283553.0
40801500.0,40606645.0
40801500.0,39580491.5
40801500.0,40801500.0
46801500.0,40926082.5
52801500.0,36857378.5
42241000.0,41988061.0
42241000.0,39947555.0
42241000.0,40411528.0
42241000.0,40751999.5
42241000.0,38846124.0
42241000.0,38305197.5
42241000.0,40279197.0
42241000.0,41891735.5
42241000.0,41473128.5
48241000.0,40765838.0
48241000.0,38702856.0
48241000.0,40150822.5
45741000.0,37694787.0
45741000.0,39701059.0
45741000.0,41335627.5
45741000.0,41285999.5
45741000.0,40303138.0
43241000.0,38205454.0
43241000.0,41596270.0
43241000.0,36932407.5
43241000.0,25972456.5
34592500.0,33972802.0
34592500.0,34592500.0
34592500.0,34592500.0
40592500.0,40417053.5
46592500.0,40072713.0
46592500.0,46592500.0
46592500.0,41664397.5
52592500.0,45717959.5
52592500.0,39573854.0
42074000.0,39471859.0
42074000.0,37416056.0
42074000.0,39309701.0
42074000.0,40742055.0
42074000.0,41505781.0
42074000.0,38930002.0
42074000.0,41250734.0
42074000.0,40217911.0
42074000.0,39492789.5
42074000.0,34762117.5
39574000.0,39574000.0
39574000.0,39574000.0
45574000.0,41647187.0
51574000.0,39519561.5
41259000.0,39293607.5
41259000.0,39864664.0
41259000.0,39828427.0
41259000.0,41259000.0
41259000.0,39076406.5
47259000.0,42277850.0
47259000.0,39320760.0
47259000.0,41535897.0
47259000.0,39969701.5
44759000.0,40644561.5
44759000.0,40375388.5
44759000.0,40844045.5
44759000.0,40373280.0
44759000.0,41409401.0
44759000.0,40940757.5
44759000.0,40750907.0
42259000.0,41983300.5
42259000.0,40178368.5
42259000.0,41207299.5
42259000.0,40335465.0
42259000.0,40925932.5
42259000.0,40369252.5
42259000.0,40225429.5
42259000.0,41132501.5
42259000.0,38254073.5
42259000.0,37463772.5
42259000.0,41675599.5
42259000.0,40267192.5
42259000.0,39767799.0
42259000.0,41188278.0
42259000.0,39988494.5
42259000.0,40281340.5
42259000.0,40464668.5
42259000.0,37577311.0
39759000.0,39759000.0
39759000.0,39759000.0
45759000.0,39283670.0
51759000.0,40687786.0
41407000.0,38321529.5
41407000.0,40604567.5
41407000.0,41005911.5
41407000.0,38959732.0
41407000.0,38193230.0
41407000.0,39408280.0
41407000.0,41407000.0
41407000.0,39169713.5
47407000.0,41935156.5
47407000.0,42155626.0
47407000.0,39070126.5
47407000.0,39391773.0
44907000.0,42612033.5
44907000.0,38933628.0
44907000.0,39062039.5
44907000.0,40712369.5
44907000.0,41154743.5
44907000.0,39342301.5
42407000.0,38944835.0
42407000.0,40438732.5
42407000.0,39131473.5
42407000.0,39454231.0
42407000.0,39174964.0
42407000.0,39202169.0
42407000.0,40865233.5
42407000.0,42407000.0
42407000.0,38948553.5
42407000.0,40833103.5
42407000.0,39278744.5
42407000.0,40258554.5
42407000.0,37631880.0
39907000.0,39011000.0
39907000.0,39750976.5
39907000.0,38436682.5
39907000.0,36900537.5
39907000.0,37786977.5
39907000.0,33869848.0
39907000.0,38986450.5
39907000.0,32561339.5
39907000.0,32785466.5
37407000.0,37407000.0
37407000.0,37407000.0
43407000.0,40181172.5
49407000.0,41309478.0
49407000.0,41126226.0
49407000.0,40975746.5
49407000.0,39287976.5
39525500.0,39385446.0
39525500.0,39525500.0
39525500.0,39525500.0
45525500.0,40232803.5
45525500.0,38747334.5
45525500.0,38934203.0
45525500.0,41506912.0
45525500.0,43602049.5
45525500.0,40704753.5
43025500.0,39261257.5
43025500.0,40941946.5
43025500.0,40756196.0
43025500.0,42145612.0
43025500.0,38211678.0
43025500.0,41358425.0
43025500.0,40163364.5
43025500.0,40577998.0
43025500.0,38492719.5
40525500.0,40525500.0
40525500.0,40525500.0
40525500.0,40525500.0
46525500.0,40962785.5
52525500.0,38340222.5
42020000.0,38811800.0
42020000.0,41860100.5
42020000.0,39560975.0
42020000.0,39472744.5
42020000.0,39564602.0
42020000.0,41044200.0
42020000.0,40402137.5
42020000.0,40296628.5
42020000.0,39060607.0
42020000.0,40332392.0
42020000.0,40024459.5
42020000.0,39229494.5
42020000.0,40856823.0
42020000.0,40355136.5
42020000.0,40314524.5
42020000.0,39791378.0
42020000.0,40668383.0
42020000.0,39700042.5
42020000.0,42020000.0
42020000.0,41831984.0
48020000.0,37603614.5
38416000.0,38012268.5
38416000.0,38416000.0
38416000.0,38416000.0
44416000.0,40482410.0
50416000.0,41483613.5
50416000.0,39129411.0
40332500.0,40332500.0
40332500.0,39981904.5
46332500.0,42431782.0
46332500.0,40476468.5
46332500.0,36325795.0
37066000.0,37066000.0
37066000.0,36087348.5
43066000.0,40871768.0
49066000.0,39505758.0
49066000.0,40807022.0
49066000.0,41063022.0
46566000.0,39694286.5
46566000.0,40050881.5
46566000.0,37892945.0
46566000.0,40308597.0
44066000.0,39179372.0
44066000.0,37582792.5
44066000.0,37059815.5
44066000.0,36490813.0
41566000.0,35769860.5
41566000.0,38342259.5
41566000.0,38996076.5
41566000.0,36899529.0
41566000.0,38886707.0
41566000.0,38059011.0
41566000.0,39031690.0
41566000.0,40165113.0
39066000.0,37174271.5
39066000.0,36615824.5
39066000.0,37917161.0
39066000.0,39066000.0
39066000.0,39066000.0
45066000.0,40256605.5
45066000.0,39637981.5
45066000.0,39478869.0
45066000.0,38568978.5
45066000.0,42231591.0
42566000.0,41695331.5
42566000.0,41464475.0
42566000.0,38303324.5
42566000.0,40692572.5
42566000.0,42043781.0
42566000.0,41336481.0
42566000.0,39437885.5
42566000.0,40640204.0
42566000.0,42566000.0
42566000.0,41303556.0
48566000.0,42193569.0
48566000.0,37964222.0
38852500.0,38852500.0
38852500.0,38852500.0
44852500.0,40445209.5
50852500.0,39904892.5
40682000.0,40682000.0
40682000.0,39199091.0
46682000.0,40774198.5
46682000.0,40122059.0
46682000.0,38807234.5
46682000.0,41574445.5
44182000.0,40201362.5
44182000.0,35871683.0
44182000.0,44082098.5
44182000.0,42111850.5
44182000.0,37799004.0
44182000.0,30503931.0
35345500.0,35345500.0
35345500.0,35345500.0
41345500.0,38985009.5
47345500.0,39688576.5
53345500.0,35543433.0
42676000.0,42286112.5
42676000.0,36806135.0
42676000.0,41306845.0
42676000.0,39470802.0
42676000.0,39202780.0
42676000.0,39495833.0
42676000.0,42387073.0
42676000.0,41828560.5
42676000.0,39838517.0
42676000.0,41676913.0
42676000.0,38723450.5
40176000.0,34709502.5
40176000.0,36590462.5
40176000.0,40176000.0
40176000.0,40176000.0
46176000.0,39723485.5
52176000.0,41293059.5
41740500.0,41329411.5
41740500.0,41740500.0
41740500.0,39137992.0
47740500.0,37982765.0
38192000.0,38192000.0
38192000.0,38192000.0
44192000.0,40887426.5
50192000.0,39606462.5
40153500.0,38498550.0
40153500.0,40153500.0
40153500.0,38457004.5
40153500.0,40153500.0
40153500.0,40153500.0
46153500.0,39844150.0
52153500.0,38557827.0
41722500.0,41132713.0
41722500.0,40461533.0
41722500.0,38906542.0
47722500.0,37689106.0
38178000.0,38178000.0
38178000.0,38178000.0
38178000.0,38178000.0
44178000.0,38889115.0
50178000.0,40505934.0
50178000.0,43814393.0
50178000.0,39012863.0
40142000.0,40142000.0
40142000.0,40142000.0
46142000.0,38538596.0
52142000.0,40730396.0
41713500.0,40676290.0
41713500.0,40402098.0
41713500.0,40445659.5
41713500.0,36117640.5
41713500.0,41713500.0
41713500.0,41713500.0
47713500.0,41596336.0
47713500.0,40974283.0
47713500.0,39530616.5
47713500.0,39520460.0
45213500.0,40012481.5
45213500.0,39356783.0
45213500.0,41599933.5
45213500.0,41165467.0
45213500.0,39205319.0
45213500.0,41170065.0
42713500.0,40268586.0
42713500.0,39175309.5
42713500.0,41312233.0
42713500.0,40941000.5
42713500.0,40917086.0
42713500.0,41906648.0
42713500.0,40447123.5
42713500.0,33030575.5
34170500.0,34170500.0
34170500.0,26055141.0
40170500.0,32900833.5
40170500.0,23483975.5
32136000.0,23747769.5
25708500.0,25708500.0
25708500.0,25708500.0
31708500.0,31708500.0
37708500.0,35433526.5
37708500.0,37399282.0
37708500.0,37708500.0
43708500.0,26246827.0
34966500.0,31973915.5
34966500.0,28775999.5
34966500.0,34966500.0
34966500.0,32640206.0
40966500.0,36134277.5
40966500.0,34677094.5
40966500.0,40966500.0
40966500.0,34838900.0
46966500.0,40150116.5
46966500.0,37506677.0
37573000.0,36599630.5
37573000.0,37573000.0
37573000.0,37573000.0
43573000.0,43573000.0
49573000.0,45043598.0
55573000.0,54839446.5
55573000.0,55107489.5
55573000.0,55573000.0
55573000.0,45889472.5
61573000.0,37959319.5
49258000.0,39062013.5
39406000.0,38153972.5
39406000.0,39406000.0
39406000.0,39406000.0
45406000.0,41689673.0
51406000.0,40238874.5
41124500.0,41124500.0
41124500.0,39838970.5
47124500.0,39277241.5
53124500.0,40818916.0
42499500.0,39820944.5
42499500.0,40928893.0
42499500.0,41837340.0
42499500.0,40758338.0
42499500.0,41944533.5
42499500.0,38811084.0
42499500.0,40954913.5
42499500.0,41071114.5
42499500.0,39721818.0
42499500.0,41076361.0
42499500.0,40792713.0
42499500.0,41601355.5
42499500.0,40550787.5
42499500.0,39776090.5
42499500.0,40211881.5
42499500.0,40654113.5
42499500.0,39218217.5
42499500.0,37808683.0
42499500.0,39235923.0
42499500.0,40567463.0
42499500.0,42260708.5
42499500.0,38098398.0
39999500.0,39999500.0
39999500.0,39999500.0
45999500.0,42979457.0
51999500.0,39528324.5
41599500.0,41599500.0
41599500.0,41599500.0
41599500.0,39928014.5
47599500.0,39774093.0
47599500.0,37227026.0
38079500.0,38079500.0
38079500.0,38079500.0
44079500.0,40812433.5
50079500.0,42245805.0
50079500.0,40991366.0
50079500.0,38966586.5
40063500.0,40063500.0
40063500.0,38533495.5
40063500.0,36681246.5
40063500.0,38270398.5
40063500.0,30164937.0
32050500.0,32050500.0
32050500.0,32050500.0
38050500.0,38050500.0
44050500.0,41372478.5
50050500.0,37271809.0
40040000.0,40040000.0
40040000.0,40040000.0
46040000.0,40236514.5
52040000.0,40654040.0
41632000.0,39440793.5
41632000.0,39117326.5
41632000.0,38123839.5
41632000.0,34262222.0
41632000.0,38579921.0
41632000.0,37296738.5
41632000.0,36285188.0
39132000.0,39132000.0
39132000.0,34917566.5
39132000.0,39132000.0
39132000.0,39132000.0
45132000.0,40496572.0
45132000.0,41081138.0
45132000.0,41087469.5
45132000.0,38533521.0
45132000.0,39935061.5
45132000.0,40464697.5
42632000.0,39197071.0
42632000.0,40809984.5
42632000.0,39300699.5
42632000.0,38794859.0
42632000.0,41709308.5
42632000.0,39988325.5
42632000.0,37988150.0
42632000.0,39597909.5
42632000.0,39855620.0
40132000.0,40132000.0
40132000.0,39684515.5
46132000.0,41164091.0
46132000.0,39549762.0
46132000.0,41005864.5
46132000.0,40919238.5
46132000.0,40359014.0
43632000.0,40122441.5
43632000.0,38932327.0
43632000.0,41152375.0
43632000.0,39998918.0
43632000.0,40862471.5
43632000.0,38572403.5
43632000.0,40666954.5
41132000.0,39408183.0
41132000.0,41132000.0
41132000.0,41132000.0
41132000.0,35382919.0
47132000.0,41705617.5
47132000.0,38856510.5
47132000.0,45046464.5
47132000.0,40697933.5
47132000.0,39151629.5
44632000.0,32539546.0
35705500.0,35705500.0
35705500.0,35705500.0
41705500.0,41705500.0
47705500.0,39349564.0
53705500.0,40219910.0
42964000.0,40887472.5
42964000.0,40787621.5
42964000.0,42835454.5
42964000.0,38894883.0
42964000.0,41222855.0
42964000.0,40701667.0
42964000.0,41106982.5
42964000.0,38373373.5
42964000.0,34341880.5
34371000.0,34371000.0
34371000.0,34159305.5
40371000.0,40371000.0
46371000.0,39183544.0
52371000.0,41214399.0
41896500.0,40932409.5
41896500.0,38634379.0
41896500.0,40853286.5
41896500.0,39244263.0
41896500.0,41896500.0
41896500.0,39442430.5
41896500.0,38900913.5
41896500.0,39997049.5
41896500.0,40627236.5
41896500.0,41362160.5
47896500.0,39996003.5
47896500.0,40981168.5
47896500.0,38763354.0
47896500.0,39392185.5
45396500.0,40782748.0
45396500.0,40754575.0
45396500.0,41500484.0
45396500.0,39714299.5
45396500.0,38884686.0
42896500.0,38659860.5
42896500.0,40019181.0
42896500.0,41185918.0
42896500.0,37119395.0
42896500.0,40830220.0
42896500.0,35499965.5
42896500.0,41190322.0
40396500.0,37887023.0
40396500.0,40356475.5
40396500.0,40396500.0
40396500.0,40396500.0
46396500.0,41323286.0
52396500.0,40683565.0
41917000.0,38118444.5
41917000.0,40988821.0
41917000.0,40165380.5
41917000.0,41172194.0
41917000.0,38282568.0
41917000.0,41917000.0
41917000.0,37678068.0
41917000.0,41917000.0
41917000.0,37875672.0
47917000.0,38785668.5
47917000.0,42951392.0
47917000.0,38342890.0
47917000.0,40884834.5
45417000.0,38603467.0
45417000.0,39064312.5
45417000.0,38000531.5
45417000.0,39585820.5
42917000.0,40099616.0
42917000.0,42358752.5
42917000.0,38506510.5
42917000.0,39158370.0
42917000.0,42062366.5
42917000.0,41351690.5
42917000.0,42917000.0
42917000.0,39410914.5
42917000.0,38548270.5
42917000.0,39649322.0
40417000.0,40417000.0
40417000.0,38310915.0
46417000.0,40783683.0
46417000.0,39769357.5
46417000.0,40520998.5
46417000.0,38320497.0
43917000.0,40175094.5
43917000.0,41815933.5
43917000.0,40620873.0
43917000.0,40292424.5
43917000.0,39644634.0
43917000.0,39133569.5
43917000.0,41709161.0
43917000.0,41247884.0
41417000.0,40294400.5
41417000.0,40320615.0
41417000.0,41417000.0
41417000.0,39876156.5
47417000.0,40062896.0
47417000.0,37237807.5
37933500.0,37933500.0
37933500.0,37933500.0
43933500.0,40522466.0
49933500.0,39353620.5
39946500.0,39946500.0
39946500.0,38560154.5
39946500.0,39946500.0
39946500.0,39573334.0
45946500.0,39923030.0
45946500.0,38779215.0
45946500.0,44028132.5
45946500.0,38728370.5
45946500.0,40610751.5
43446500.0,39613332.0
43446500.0,40465681.5
43446500.0,36469800.0
43446500.0,38842713.0
43446500.0,41069323.0
43446500.0,38636370.5
40946500.0,36104706.0
40946500.0,40047577.5
40946500.0,36586383.0
40946500.0,37439575.5
40946500.0,40205740.0
40946500.0,37093341.0
40946500.0,38375920.5
40946500.0,37815871.0
40946500.0,35032120.5
38446500.0,31784299.0
38446500.0,38446500.0
38446500.0,32798214.0
44446500.0,37221519.5
44446500.0,37891433.0
44446500.0,38299631.0
44446500.0,36216551.0
41946500.0,37514558.0
41946500.0,37600805.5
41946500.0,40328206.0
41946500.0,40426369.5
41946500.0,40161200.0
41946500.0,38255678.0
41946500.0,38758886.5
41946500.0,40931870.5
41946500.0,40648725.0
41946500.0,40941667.5
41946500.0,36997344.0
41946500.0,41946500.0
41946500.0,37866932.0
41946500.0,41293339.5
41946500.0,38432185.5
41946500.0,40737689.0
41946500.0,40422095.5
41946500.0,41946500.0
41946500.0,41946500.0
47946500.0,40133522.5
53946500.0,41395306.5
43157000.0,41896237.5
43157000.0,34071073.0
34525500.0,1205279.0
27620000.0,513316.0
