50396.0	50000.0
49836.0	50000.0
49706.0	50000.0
50316.0	50000.0
48979.0	50000.0
50384.0	50000.0
25849.0	50000.0
39578.0	50000.0
49983.0	50000.0
49151.0	50000.0
49977.0	50000.0
49596.0	50000.0
50375.0	50000.0
49569.0	50000.0
50374.0	50000.0
49978.0	50000.0
50834.0	50000.0
47780.0	50000.0
50399.0	50000.0
48367.0	50000.0
48543.0	50000.0
39879.0	50000.0
14404.0	50000.0
49974.0	50000.0
50362.0	50000.0
49930.0	50000.0
49911.0	50000.0
49573.0	50000.0
22165.0	50000.0
33584.0	50000.0
49988.0	50000.0
46636.0	50000.0
49998.0	50000.0
49955.0	50000.0
49864.0	50000.0
50023.0	50000.0
49675.0	50000.0
49209.0	50000.0
38648.0	50000.0
