52972.0	50000.0
45930.0	50000.0
40452.0	50000.0
7968.0	50000.0
46460.0	50000.0
40983.0	50000.0
50396.0	50000.0
50000.0	50000.0
49990.0	50000.0
50406.0	50000.0
47606.0	50000.0
50409.0	50000.0
19471.0	50000.0
39425.0	50000.0
27018.0	50000.0
50016.0	50000.0
49990.0	50000.0
50002.0	50000.0
49607.0	50000.0
50311.0	50000.0
49986.0	50000.0
49139.0	50000.0
49941.0	50000.0
49941.0	50000.0
49985.0	50000.0
2899.0	50000.0
35023.0	50000.0
39214.0	50000.0
39252.0	50000.0
50229.0	50000.0
49937.0	50000.0
49980.0	50000.0
49972.0	50000.0
48698.0	50000.0
49591.0	50000.0
29796.0	50000.0
43943.0	50000.0
47867.0	50000.0
20130.0	50000.0
50361.0	50000.0
49588.0	50000.0
50399.0	50000.0
49995.0	50000.0
50004.0	50000.0
49988.0	50000.0
48650.0	50000.0
49971.0	50000.0
31746.0	50000.0
16991.0	50000.0
44910.0	50000.0
44067.0	50000.0
49938.0	50000.0
49951.0	50000.0
48797.0	50000.0
49950.0	50000.0
41661.0	50000.0
46417.0	50000.0
45360.0	50000.0
50387.0	50000.0
49979.0	50000.0
49993.0	50000.0
51600.0	50000.0
47371.0	50000.0
49385.0	50000.0
1598.0	50000.0
48177.0	50000.0
37091.0	50000.0
49986.0	50000.0
50013.0	50000.0
49895.0	50000.0
50335.0	50000.0
49934.0	50000.0
48529.0	50000.0
50294.0	50000.0
50288.0	50000.0
47816.0	50000.0
45403.0	50000.0
48443.0	50000.0
50355.0	50000.0
49956.0	50000.0
49968.0	50000.0
49979.0	50000.0
49532.0	50000.0
4008.0	50000.0
14402.0	50000.0
47394.0	50000.0
34104.0	50000.0
49966.0	50000.0
49979.0	50000.0
49874.0	50000.0
49915.0	50000.0
49677.0	50000.0
48898.0	50000.0
49963.0	50000.0
37027.0	50000.0
40466.0	50000.0
47075.0	50000.0
39819.0	50000.0
49939.0	50000.0
49952.0	50000.0
48352.0	50000.0
37288.0	50000.0
43156.0	50000.0
47195.0	50000.0
50769.0	50000.0
49944.0	50000.0
48591.0	50000.0
48969.0	50000.0
18799.0	50000.0
