49994.0	50000.0
49998.0	50000.0
49988.0	50000.0
49571.0	50000.0
49968.0	50000.0
49014.0	50000.0
49586.0	50000.0
29542.0	50000.0
49492.0	50000.0
38067.0	50000.0
49578.0	50000.0
50099.0	50000.0
49998.0	50000.0
49984.0	50000.0
49283.0	50000.0
47972.0	50000.0
39727.0	50000.0
45996.0	50000.0
50368.0	50000.0
49994.0	50000.0
49980.0	50000.0
50371.0	50000.0
47325.0	50000.0
50392.0	50000.0
36556.0	50000.0
12061.0	50000.0
48517.0	50000.0
32485.0	50000.0
49968.0	50000.0
49593.0	50000.0
49986.0	50000.0
49989.0	50000.0
49588.0	50000.0
49982.0	50000.0
49980.0	50000.0
48739.0	50000.0
50010.0	50000.0
26305.0	50000.0
46205.0	50000.0
45826.0	50000.0
49112.0	50000.0
49627.0	50000.0
50021.0	50000.0
49997.0	50000.0
49510.0	50000.0
49967.0	50000.0
49995.0	50000.0
47965.0	50000.0
49973.0	50000.0
49755.0	50000.0
2226.0	50000.0
22936.0	50000.0
49308.0	50000.0
42956.0	50000.0
50021.0	50000.0
50035.0	50000.0
49602.0	50000.0
50035.0	50000.0
49693.0	50000.0
50030.0	50000.0
48437.0	50000.0
50033.0	50000.0
49631.0	50000.0
46018.0	50000.0
43434.0	50000.0
48982.0	50000.0
41005.0	50000.0
49964.0	50000.0
49977.0	50000.0
49960.0	50000.0
49969.0	50000.0
47398.0	50000.0
50125.0	50000.0
39205.0	50000.0
44660.0	50000.0
49732.0	50000.0
50394.0	50000.0
49571.0	50000.0
49973.0	50000.0
50405.0	50000.0
49354.0	50000.0
44198.0	50000.0
15753.0	50000.0
49033.0	50000.0
42850.0	50000.0
49983.0	50000.0
49574.0	50000.0
49977.0	50000.0
49983.0	50000.0
49583.0	50000.0
50018.0	50000.0
19101.0	50000.0
49824.0	50000.0
50069.0	50000.0
49135.0	50000.0
49956.0	50000.0
50163.0	50000.0
49538.0	50000.0
48580.0	50000.0
49611.0	50000.0
12899.0	50000.0
29314.0	50000.0
38994.0	50000.0
47390.0	50000.0
49973.0	50000.0
49590.0	50000.0
50285.0	50000.0
49989.0	50000.0
50006.0	50000.0
49952.0	50000.0
50358.0	50000.0
48797.0	50000.0
50341.0	50000.0
49979.0	50000.0
50017.0	50000.0
38650.0	50000.0
45151.0	50000.0
48504.0	50000.0
50448.0	50000.0
50367.0	50000.0
49934.0	50000.0
50346.0	50000.0
51493.0	50000.0
46782.0	50000.0
38628.0	50000.0
26287.0	50000.0
47130.0	50000.0
38101.0	50000.0
50249.0	50000.0
51563.0	50000.0
46458.0	50000.0
45722.0	50000.0
