50644.0	50000.0
47879.0	50000.0
17911.0	50000.0
49897.0	50000.0
49861.0	50000.0
51294.0	50000.0
46358.0	50000.0
28457.0	50000.0
49797.0	50000.0
6588.0	50000.0
45324.0	50000.0
49781.0	50000.0
49781.0	50000.0
50162.0	50000.0
49658.0	50000.0
48577.0	50000.0
49761.0	50000.0
50216.0	50000.0
49781.0	50000.0
49793.0	50000.0
16626.0	50000.0
16155.0	50000.0
48218.0	50000.0
44782.0	50000.0
49756.0	50000.0
50158.0	50000.0
48439.0	50000.0
49783.0	50000.0
23336.0	50000.0
49172.0	50000.0
20261.0	50000.0
23664.0	50000.0
49809.0	50000.0
49824.0	50000.0
49836.0	50000.0
50224.0	50000.0
49859.0	50000.0
49245.0	50000.0
49836.0	50000.0
7255.0	50000.0
33417.0	50000.0
49764.0	50000.0
37469.0	50000.0
49737.0	50000.0
49743.0	50000.0
50140.0	50000.0
49911.0	50000.0
53034.0	50000.0
45748.0	50000.0
37412.0	50000.0
47233.0	50000.0
25246.0	50000.0
52143.0	50000.0
49820.0	50000.0
50224.0	50000.0
48610.0	50000.0
37368.0	50000.0
46724.0	50000.0
44065.0	50000.0
49749.0	50000.0
50528.0	50000.0
49723.0	50000.0
50573.0	50000.0
49765.0	50000.0
47673.0	50000.0
49851.0	50000.0
49837.0	50000.0
50234.0	50000.0
50212.0	50000.0
2193.0	50000.0
9892.0	50000.0
49636.0	50000.0
29441.0	50000.0
50158.0	50000.0
49744.0	50000.0
49743.0	50000.0
50111.0	50000.0
49738.0	50000.0
50155.0	50000.0
48737.0	50000.0
49786.0	50000.0
51744.0	50000.0
45051.0	50000.0
44699.0	50000.0
46039.0	50000.0
50212.0	50000.0
50222.0	50000.0
49813.0	50000.0
50213.0	50000.0
49809.0	50000.0
52053.0	50000.0
45631.0	50000.0
39409.0	50000.0
46101.0	50000.0
31535.0	50000.0
49922.0	50000.0
50182.0	50000.0
49770.0	50000.0
50146.0	50000.0
50074.0	50000.0
48693.0	50000.0
24716.0	50000.0
