189046784.0	268435456.0
82513920.0	268435456.0
111783936.0	268435456.0
131543040.0	268435456.0
157184000.0	268435456.0
160456704.0	268435456.0
168570880.0	268435456.0
178233344.0	268435456.0
179359744.0	268435456.0
159928320.0	268435456.0
96747520.0	268435456.0
120905728.0	268435456.0
157237248.0	268435456.0
167784448.0	268435456.0
178249728.0	268435456.0
180736000.0	268435456.0
200097792.0	268435456.0
201932800.0	268435456.0
164978688.0	268435456.0
83673088.0	268435456.0
83673088.0	268435456.0
83673088.0	268435456.0
83673088.0	268435456.0
83673088.0	268435456.0
83673088.0	268435456.0
83673088.0	268435456.0
83673088.0	268435456.0
83673088.0	268435456.0
83673088.0	268435456.0
83673088.0	268435456.0
83673088.0	268435456.0
83673088.0	268435456.0
83673088.0	268435456.0
83673088.0	268435456.0
83673088.0	268435456.0
83673088.0	268435456.0
83673088.0	268435456.0
83673088.0	268435456.0
83673088.0	268435456.0
83673088.0	268435456.0
83673088.0	268435456.0
83673088.0	268435456.0
83673088.0	268435456.0
83673088.0	268435456.0
83673088.0	268435456.0
83673088.0	268435456.0
83673088.0	268435456.0
83673088.0	268435456.0
83673088.0	268435456.0
83673088.0	268435456.0
83673088.0	268435456.0
83673088.0	268435456.0
83673088.0	268435456.0
83673088.0	268435456.0
83673088.0	268435456.0
83673088.0	268435456.0
83673088.0	268435456.0
83673088.0	268435456.0
83673088.0	268435456.0
83673088.0	268435456.0
83673088.0	268435456.0
83673088.0	268435456.0
83673088.0	268435456.0
106205184.0	268435456.0
138985472.0	268435456.0
156995584.0	268435456.0
166494208.0	268435456.0
167673856.0	268435456.0
177745920.0	268435456.0
180400128.0	268435456.0
159494144.0	268435456.0
84078592.0	268435456.0
83955712.0	268435456.0
83955712.0	268435456.0
83955712.0	268435456.0
83955712.0	268435456.0
83955712.0	268435456.0
83955712.0	268435456.0
83955712.0	268435456.0
83955712.0	268435456.0
83955712.0	268435456.0
83955712.0	268435456.0
83955712.0	268435456.0
83955712.0	268435456.0
83955712.0	268435456.0
83955712.0	268435456.0
83955712.0	268435456.0
83955712.0	268435456.0
83955712.0	268435456.0
83955712.0	268435456.0
83955712.0	268435456.0
83955712.0	268435456.0
83955712.0	268435456.0
83955712.0	268435456.0
83955712.0	268435456.0
83955712.0	268435456.0
83955712.0	268435456.0
83955712.0	268435456.0
83955712.0	268435456.0
83955712.0	268435456.0
83955712.0	268435456.0
83955712.0	268435456.0
83955712.0	268435456.0
83955712.0	268435456.0
83955712.0	268435456.0
83955712.0	268435456.0
83955712.0	268435456.0
83955712.0	268435456.0
83955712.0	268435456.0
83955712.0	268435456.0
83955712.0	268435456.0
83955712.0	268435456.0
83955712.0	268435456.0
83955712.0	268435456.0
83955712.0	268435456.0
83955712.0	268435456.0
83955712.0	268435456.0
83955712.0	268435456.0
83955712.0	268435456.0
83955712.0	268435456.0
83955712.0	268435456.0
83955712.0	268435456.0
83955712.0	268435456.0
83955712.0	268435456.0
114962432.0	268435456.0
139563008.0	268435456.0
156962816.0	268435456.0
162533376.0	268435456.0
170807296.0	268435456.0
181788672.0	268435456.0
184238080.0	268435456.0
203452416.0	268435456.0
207142912.0	268435456.0
207142912.0	268435456.0
207065088.0	268435456.0
207065088.0	268435456.0
168980480.0	268435456.0
178810880.0	268435456.0
85016576.0	268435456.0
85016576.0	268435456.0
85016576.0	268435456.0
85016576.0	268435456.0
85016576.0	268435456.0
85016576.0	268435456.0
85016576.0	268435456.0
85016576.0	268435456.0
85016576.0	268435456.0
85016576.0	268435456.0
85016576.0	268435456.0
85016576.0	268435456.0
85016576.0	268435456.0
85016576.0	268435456.0
85016576.0	268435456.0
85016576.0	268435456.0
85016576.0	268435456.0
85016576.0	268435456.0
85016576.0	268435456.0
85016576.0	268435456.0
85016576.0	268435456.0
85016576.0	268435456.0
85016576.0	268435456.0
85016576.0	268435456.0
85016576.0	268435456.0
85016576.0	268435456.0
85016576.0	268435456.0
85016576.0	268435456.0
85016576.0	268435456.0
85016576.0	268435456.0
85016576.0	268435456.0
85016576.0	268435456.0
85016576.0	268435456.0
85016576.0	268435456.0
85016576.0	268435456.0
85016576.0	268435456.0
85016576.0	268435456.0
85016576.0	268435456.0
85016576.0	268435456.0
85016576.0	268435456.0
85016576.0	268435456.0
85016576.0	268435456.0
85016576.0	268435456.0
85016576.0	268435456.0
85016576.0	268435456.0
85016576.0	268435456.0
114020352.0	268435456.0
154210304.0	268435456.0
161808384.0	268435456.0
169680896.0	268435456.0
180670464.0	268435456.0
208445440.0	268435456.0
201592832.0	268435456.0
203034624.0	268435456.0
203915264.0	268435456.0
167260160.0	268435456.0
85245952.0	268435456.0
85245952.0	268435456.0
104321024.0	268435456.0
122265600.0	268435456.0
157376512.0	268435456.0
161730560.0	268435456.0
179908608.0	268435456.0
182071296.0	268435456.0
201420800.0	268435456.0
203763712.0	268435456.0
205336576.0	268435456.0
162201600.0	268435456.0
86167552.0	268435456.0
85979136.0	268435456.0
85979136.0	268435456.0
85979136.0	268435456.0
85962752.0	268435456.0
85962752.0	268435456.0
85962752.0	268435456.0
85893120.0	268435456.0
85893120.0	268435456.0
85893120.0	268435456.0
85893120.0	268435456.0
85893120.0	268435456.0
85893120.0	268435456.0
85872640.0	268435456.0
85872640.0	268435456.0
85749760.0	268435456.0
85749760.0	268435456.0
85749760.0	268435456.0
85749760.0	268435456.0
85741568.0	268435456.0
85741568.0	268435456.0
85741568.0	268435456.0
85741568.0	268435456.0
85741568.0	268435456.0
85741568.0	268435456.0
85741568.0	268435456.0
85741568.0	268435456.0
85741568.0	268435456.0
85741568.0	268435456.0
85741568.0	268435456.0
85741568.0	268435456.0
85741568.0	268435456.0
85741568.0	268435456.0
85741568.0	268435456.0
85741568.0	268435456.0
85741568.0	268435456.0
85741568.0	268435456.0
104566784.0	268435456.0
122662912.0	268435456.0
159793152.0	268435456.0
170262528.0	268435456.0
180989952.0	268435456.0
163491840.0	268435456.0
86409216.0	268435456.0
86409216.0	268435456.0
86409216.0	268435456.0
86409216.0	268435456.0
86409216.0	268435456.0
86409216.0	268435456.0
86409216.0	268435456.0
86409216.0	268435456.0
86409216.0	268435456.0
86409216.0	268435456.0
86409216.0	268435456.0
86409216.0	268435456.0
86409216.0	268435456.0
86409216.0	268435456.0
86409216.0	268435456.0
86409216.0	268435456.0
86409216.0	268435456.0
86409216.0	268435456.0
86409216.0	268435456.0
86409216.0	268435456.0
86409216.0	268435456.0
86409216.0	268435456.0
86409216.0	268435456.0
86409216.0	268435456.0
86409216.0	268435456.0
86409216.0	268435456.0
86409216.0	268435456.0
86409216.0	268435456.0
86409216.0	268435456.0
86409216.0	268435456.0
86409216.0	268435456.0
86409216.0	268435456.0
86409216.0	268435456.0
86409216.0	268435456.0
86409216.0	268435456.0
86409216.0	268435456.0
86409216.0	268435456.0
86409216.0	268435456.0
86409216.0	268435456.0
86409216.0	268435456.0
86409216.0	268435456.0
86409216.0	268435456.0
86409216.0	268435456.0
86409216.0	268435456.0
86409216.0	268435456.0
86409216.0	268435456.0
86409216.0	268435456.0
86409216.0	268435456.0
86409216.0	268435456.0
86409216.0	268435456.0
86409216.0	268435456.0
