205725696.0	268435456.0
224956416.0	268435456.0
226770944.0	268435456.0
228098048.0	268435456.0
228061184.0	268435456.0
194564096.0	268435456.0
82186240.0	268435456.0
102727680.0	268435456.0
119906304.0	268435456.0
157229056.0	268435456.0
167694336.0	268435456.0
177770496.0	268435456.0
179081216.0	268435456.0
180375552.0	268435456.0
198426624.0	268435456.0
199737344.0	268435456.0
201048064.0	268435456.0
204046336.0	268435456.0
160976896.0	268435456.0
93560832.0	268435456.0
114102272.0	268435456.0
155041792.0	268435456.0
168554496.0	268435456.0
179404800.0	268435456.0
182812672.0	268435456.0
166137856.0	268435456.0
83423232.0	268435456.0
83320832.0	268435456.0
83316736.0	268435456.0
83316736.0	268435456.0
83312640.0	268435456.0
83312640.0	268435456.0
83312640.0	268435456.0
83312640.0	268435456.0
83312640.0	268435456.0
83304448.0	268435456.0
83304448.0	268435456.0
83304448.0	268435456.0
83304448.0	268435456.0
83304448.0	268435456.0
83304448.0	268435456.0
83304448.0	268435456.0
83304448.0	268435456.0
83304448.0	268435456.0
83304448.0	268435456.0
83304448.0	268435456.0
83304448.0	268435456.0
83304448.0	268435456.0
83304448.0	268435456.0
83304448.0	268435456.0
83304448.0	268435456.0
83304448.0	268435456.0
83304448.0	268435456.0
83304448.0	268435456.0
83304448.0	268435456.0
83304448.0	268435456.0
83304448.0	268435456.0
83304448.0	268435456.0
83304448.0	268435456.0
83304448.0	268435456.0
83304448.0	268435456.0
83304448.0	268435456.0
102019072.0	268435456.0
120717312.0	268435456.0
153251840.0	268435456.0
160858112.0	268435456.0
169435136.0	268435456.0
179105792.0	268435456.0
180416512.0	268435456.0
181727232.0	268435456.0
183037952.0	268435456.0
201486336.0	268435456.0
202756096.0	268435456.0
206032896.0	268435456.0
205942784.0	268435456.0
175595520.0	268435456.0
103079936.0	268435456.0
121868288.0	268435456.0
158195712.0	268435456.0
161427456.0	268435456.0
169934848.0	268435456.0
180654080.0	268435456.0
160923648.0	268435456.0
84492288.0	268435456.0
84471808.0	268435456.0
84430848.0	268435456.0
84430848.0	268435456.0
84430848.0	268435456.0
84430848.0	268435456.0
84426752.0	268435456.0
84426752.0	268435456.0
84426752.0	268435456.0
84426752.0	268435456.0
84426752.0	268435456.0
84426752.0	268435456.0
84426752.0	268435456.0
84426752.0	268435456.0
84426752.0	268435456.0
84426752.0	268435456.0
84426752.0	268435456.0
84426752.0	268435456.0
84426752.0	268435456.0
84426752.0	268435456.0
84426752.0	268435456.0
84426752.0	268435456.0
84426752.0	268435456.0
84426752.0	268435456.0
84426752.0	268435456.0
84426752.0	268435456.0
84426752.0	268435456.0
84426752.0	268435456.0
84426752.0	268435456.0
84426752.0	268435456.0
84426752.0	268435456.0
84426752.0	268435456.0
84426752.0	268435456.0
84426752.0	268435456.0
84426752.0	268435456.0
84426752.0	268435456.0
84426752.0	268435456.0
84426752.0	268435456.0
84426752.0	268435456.0
103763968.0	268435456.0
122765312.0	268435456.0
158543872.0	268435456.0
163778560.0	268435456.0
169533440.0	268435456.0
179519488.0	268435456.0
183296000.0	268435456.0
85155840.0	268435456.0
84971520.0	268435456.0
84971520.0	268435456.0
84971520.0	268435456.0
107483136.0	268435456.0
122814464.0	268435456.0
156692480.0	268435456.0
162189312.0	268435456.0
169517056.0	268435456.0
180379648.0	268435456.0
182984704.0	268435456.0
202166272.0	268435456.0
206303232.0	268435456.0
206180352.0	268435456.0
206180352.0	268435456.0
206180352.0	268435456.0
175640576.0	268435456.0
85352448.0	268435456.0
85352448.0	268435456.0
85352448.0	268435456.0
85319680.0	268435456.0
85319680.0	268435456.0
85319680.0	268435456.0
85319680.0	268435456.0
85319680.0	268435456.0
85311488.0	268435456.0
85311488.0	268435456.0
85311488.0	268435456.0
85311488.0	268435456.0
85311488.0	268435456.0
85311488.0	268435456.0
85311488.0	268435456.0
85311488.0	268435456.0
85311488.0	268435456.0
85311488.0	268435456.0
85311488.0	268435456.0
85311488.0	268435456.0
85311488.0	268435456.0
85311488.0	268435456.0
85311488.0	268435456.0
85311488.0	268435456.0
85311488.0	268435456.0
85311488.0	268435456.0
85311488.0	268435456.0
85311488.0	268435456.0
85311488.0	268435456.0
85311488.0	268435456.0
85311488.0	268435456.0
85311488.0	268435456.0
85311488.0	268435456.0
85311488.0	268435456.0
85311488.0	268435456.0
85311488.0	268435456.0
89055232.0	268435456.0
123060224.0	268435456.0
159580160.0	268435456.0
169357312.0	268435456.0
170668032.0	268435456.0
180428800.0	268435456.0
181608448.0	268435456.0
183689216.0	268435456.0
202788864.0	268435456.0
205975552.0	268435456.0
163520512.0	268435456.0
176234496.0	268435456.0
105984000.0	268435456.0
141074432.0	268435456.0
162713600.0	268435456.0
169779200.0	268435456.0
179859456.0	268435456.0
180908032.0	268435456.0
184315904.0	268435456.0
184315904.0	268435456.0
86241280.0	268435456.0
86216704.0	268435456.0
86216704.0	268435456.0
86192128.0	268435456.0
86192128.0	268435456.0
86192128.0	268435456.0
86192128.0	268435456.0
86192128.0	268435456.0
86192128.0	268435456.0
86192128.0	268435456.0
86192128.0	268435456.0
86192128.0	268435456.0
86122496.0	268435456.0
86122496.0	268435456.0
86122496.0	268435456.0
86122496.0	268435456.0
86122496.0	268435456.0
86122496.0	268435456.0
86122496.0	268435456.0
86122496.0	268435456.0
86122496.0	268435456.0
86122496.0	268435456.0
86122496.0	268435456.0
86122496.0	268435456.0
86122496.0	268435456.0
86122496.0	268435456.0
86122496.0	268435456.0
86122496.0	268435456.0
86122496.0	268435456.0
86122496.0	268435456.0
86122496.0	268435456.0
86122496.0	268435456.0
86122496.0	268435456.0
86122496.0	268435456.0
86122496.0	268435456.0
86122496.0	268435456.0
86122496.0	268435456.0
86122496.0	268435456.0
86122496.0	268435456.0
86122496.0	268435456.0
103800832.0	268435456.0
123367424.0	268435456.0
160186368.0	268435456.0
170553344.0	268435456.0
171864064.0	268435456.0
181399552.0	268435456.0
183496704.0	268435456.0
162533376.0	268435456.0
86581248.0	268435456.0
105660416.0	268435456.0
139206656.0	268435456.0
166256640.0	268435456.0
181338112.0	268435456.0
184074240.0	268435456.0
203436032.0	268435456.0
205402112.0	268435456.0
207892480.0	268435456.0
168923136.0	268435456.0
87416832.0	268435456.0
87404544.0	268435456.0
87404544.0	268435456.0
87404544.0	268435456.0
87404544.0	268435456.0
87273472.0	268435456.0
87273472.0	268435456.0
87273472.0	268435456.0
87273472.0	268435456.0
87273472.0	268435456.0
87273472.0	268435456.0
87273472.0	268435456.0
87273472.0	268435456.0
87273472.0	268435456.0
87273472.0	268435456.0
87273472.0	268435456.0
87273472.0	268435456.0
87273472.0	268435456.0
87273472.0	268435456.0
87273472.0	268435456.0
87273472.0	268435456.0
87273472.0	268435456.0
87273472.0	268435456.0
87273472.0	268435456.0
87273472.0	268435456.0
87273472.0	268435456.0
87273472.0	268435456.0
87273472.0	268435456.0
87273472.0	268435456.0
87273472.0	268435456.0
87273472.0	268435456.0
87273472.0	268435456.0
87273472.0	268435456.0
87273472.0	268435456.0
87273472.0	268435456.0
87273472.0	268435456.0
87273472.0	268435456.0
87273472.0	268435456.0
87273472.0	268435456.0
87273472.0	268435456.0
