184016896.0	268435456.0
202743808.0	268435456.0
186454016.0	268435456.0
186404864.0	268435456.0
80044032.0	268435456.0
80044032.0	268435456.0
80044032.0	268435456.0
80044032.0	268435456.0
80044032.0	268435456.0
80044032.0	268435456.0
80044032.0	268435456.0
80044032.0	268435456.0
80044032.0	268435456.0
80044032.0	268435456.0
80044032.0	268435456.0
80044032.0	268435456.0
80044032.0	268435456.0
80044032.0	268435456.0
80044032.0	268435456.0
80044032.0	268435456.0
80044032.0	268435456.0
80044032.0	268435456.0
80044032.0	268435456.0
80044032.0	268435456.0
80044032.0	268435456.0
80044032.0	268435456.0
80044032.0	268435456.0
80044032.0	268435456.0
80044032.0	268435456.0
80044032.0	268435456.0
80044032.0	268435456.0
80044032.0	268435456.0
80044032.0	268435456.0
80044032.0	268435456.0
80044032.0	268435456.0
80044032.0	268435456.0
80044032.0	268435456.0
80044032.0	268435456.0
80044032.0	268435456.0
80044032.0	268435456.0
80044032.0	268435456.0
80044032.0	268435456.0
80044032.0	268435456.0
80044032.0	268435456.0
113221632.0	268435456.0
135602176.0	268435456.0
156749824.0	268435456.0
162115584.0	268435456.0
166047744.0	268435456.0
175599616.0	268435456.0
176758784.0	268435456.0
179769344.0	268435456.0
158818304.0	268435456.0
80855040.0	268435456.0
80760832.0	268435456.0
80728064.0	268435456.0
80728064.0	268435456.0
80728064.0	268435456.0
99241984.0	268435456.0
118312960.0	268435456.0
153296896.0	268435456.0
162656256.0	268435456.0
175902720.0	268435456.0
178262016.0	268435456.0
197357568.0	268435456.0
199700480.0	268435456.0
199831552.0	268435456.0
162009088.0	268435456.0
81584128.0	268435456.0
81575936.0	268435456.0
81575936.0	268435456.0
81575936.0	268435456.0
81575936.0	268435456.0
81575936.0	268435456.0
81575936.0	268435456.0
81571840.0	268435456.0
81444864.0	268435456.0
81444864.0	268435456.0
81444864.0	268435456.0
81444864.0	268435456.0
81444864.0	268435456.0
81436672.0	268435456.0
81436672.0	268435456.0
81436672.0	268435456.0
81436672.0	268435456.0
81436672.0	268435456.0
81436672.0	268435456.0
81436672.0	268435456.0
81436672.0	268435456.0
81436672.0	268435456.0
81436672.0	268435456.0
81436672.0	268435456.0
81436672.0	268435456.0
81436672.0	268435456.0
81436672.0	268435456.0
81436672.0	268435456.0
81436672.0	268435456.0
81436672.0	268435456.0
81436672.0	268435456.0
81436672.0	268435456.0
81436672.0	268435456.0
81436672.0	268435456.0
81436672.0	268435456.0
90943488.0	268435456.0
119943168.0	268435456.0
151494656.0	268435456.0
158875648.0	268435456.0
168038400.0	268435456.0
178499584.0	268435456.0
181927936.0	268435456.0
181927936.0	268435456.0
165847040.0	268435456.0
82071552.0	268435456.0
82071552.0	268435456.0
82071552.0	268435456.0
82071552.0	268435456.0
82071552.0	268435456.0
82071552.0	268435456.0
82071552.0	268435456.0
82071552.0	268435456.0
82071552.0	268435456.0
82071552.0	268435456.0
82071552.0	268435456.0
82071552.0	268435456.0
82071552.0	268435456.0
82071552.0	268435456.0
82071552.0	268435456.0
82071552.0	268435456.0
82071552.0	268435456.0
82071552.0	268435456.0
82071552.0	268435456.0
82071552.0	268435456.0
82071552.0	268435456.0
82071552.0	268435456.0
82071552.0	268435456.0
82071552.0	268435456.0
82071552.0	268435456.0
82071552.0	268435456.0
82071552.0	268435456.0
82071552.0	268435456.0
82071552.0	268435456.0
82071552.0	268435456.0
82071552.0	268435456.0
82071552.0	268435456.0
82071552.0	268435456.0
82071552.0	268435456.0
82071552.0	268435456.0
82071552.0	268435456.0
82071552.0	268435456.0
82071552.0	268435456.0
82071552.0	268435456.0
82071552.0	268435456.0
82071552.0	268435456.0
82071552.0	268435456.0
82071552.0	268435456.0
82071552.0	268435456.0
82071552.0	268435456.0
82071552.0	268435456.0
82071552.0	268435456.0
82071552.0	268435456.0
82071552.0	268435456.0
82071552.0	268435456.0
82071552.0	268435456.0
82071552.0	268435456.0
112365568.0	268435456.0
137764864.0	268435456.0
156643328.0	268435456.0
164229120.0	268435456.0
168161280.0	268435456.0
177704960.0	268435456.0
179277824.0	268435456.0
180457472.0	268435456.0
198897664.0	268435456.0
200978432.0	268435456.0
204353536.0	268435456.0
159305728.0	268435456.0
173559808.0	268435456.0
102125568.0	268435456.0
118521856.0	268435456.0
153022464.0	268435456.0
160190464.0	268435456.0
167911424.0	268435456.0
178380800.0	268435456.0
182312960.0	268435456.0
165937152.0	268435456.0
83533824.0	268435456.0
83513344.0	268435456.0
83513344.0	268435456.0
83513344.0	268435456.0
83513344.0	268435456.0
83513344.0	268435456.0
83513344.0	268435456.0
83513344.0	268435456.0
83513344.0	268435456.0
83513344.0	268435456.0
83513344.0	268435456.0
83513344.0	268435456.0
83513344.0	268435456.0
83513344.0	268435456.0
83513344.0	268435456.0
83513344.0	268435456.0
83513344.0	268435456.0
83513344.0	268435456.0
83513344.0	268435456.0
83513344.0	268435456.0
83513344.0	268435456.0
83513344.0	268435456.0
83513344.0	268435456.0
83513344.0	268435456.0
83513344.0	268435456.0
83513344.0	268435456.0
83513344.0	268435456.0
83513344.0	268435456.0
83513344.0	268435456.0
83513344.0	268435456.0
83513344.0	268435456.0
83513344.0	268435456.0
83513344.0	268435456.0
83513344.0	268435456.0
83513344.0	268435456.0
83513344.0	268435456.0
83513344.0	268435456.0
83513344.0	268435456.0
95625216.0	268435456.0
117907456.0	268435456.0
154431488.0	268435456.0
161304576.0	268435456.0
169562112.0	268435456.0
180174848.0	268435456.0
199274496.0	268435456.0
201240576.0	268435456.0
202289152.0	268435456.0
205062144.0	268435456.0
160022528.0	268435456.0
174178304.0	268435456.0
84402176.0	268435456.0
93519872.0	268435456.0
115724288.0	268435456.0
140021760.0	268435456.0
161107968.0	268435456.0
168378368.0	268435456.0
169820160.0	268435456.0
180424704.0	268435456.0
182636544.0	268435456.0
201605120.0	268435456.0
203309056.0	268435456.0
203702272.0	268435456.0
167047168.0	268435456.0
85372928.0	268435456.0
85364736.0	268435456.0
85237760.0	268435456.0
85164032.0	268435456.0
85164032.0	268435456.0
85164032.0	268435456.0
85164032.0	268435456.0
85139456.0	268435456.0
85139456.0	268435456.0
85139456.0	268435456.0
85139456.0	268435456.0
85131264.0	268435456.0
85131264.0	268435456.0
85131264.0	268435456.0
85131264.0	268435456.0
85131264.0	268435456.0
85131264.0	268435456.0
85131264.0	268435456.0
85131264.0	268435456.0
85131264.0	268435456.0
85131264.0	268435456.0
85131264.0	268435456.0
85131264.0	268435456.0
85131264.0	268435456.0
85131264.0	268435456.0
85131264.0	268435456.0
85131264.0	268435456.0
85131264.0	268435456.0
85131264.0	268435456.0
85131264.0	268435456.0
85131264.0	268435456.0
85131264.0	268435456.0
85131264.0	268435456.0
85131264.0	268435456.0
85131264.0	268435456.0
85131264.0	268435456.0
85131264.0	268435456.0
85131264.0	268435456.0
85131264.0	268435456.0
85131264.0	268435456.0
85131264.0	268435456.0
85131264.0	268435456.0
85131264.0	268435456.0
85131264.0	268435456.0
85131264.0	268435456.0
85131264.0	268435456.0
85131264.0	268435456.0
85131264.0	268435456.0
85131264.0	268435456.0
85131264.0	268435456.0
85131264.0	268435456.0
85131264.0	268435456.0
