185622528.0	268435456.0
186933248.0	268435456.0
204890112.0	268435456.0
205807616.0	268435456.0
188993536.0	268435456.0
102273024.0	268435456.0
119885824.0	268435456.0
152961024.0	268435456.0
159547392.0	268435456.0
168448000.0	268435456.0
178909184.0	268435456.0
157679616.0	268435456.0
83615744.0	268435456.0
114061312.0	268435456.0
139911168.0	268435456.0
161071104.0	268435456.0
169304064.0	268435456.0
180150272.0	268435456.0
199188480.0	268435456.0
200892416.0	268435456.0
202072064.0	268435456.0
203755520.0	268435456.0
164483072.0	268435456.0
84447232.0	268435456.0
84447232.0	268435456.0
84447232.0	268435456.0
84447232.0	268435456.0
84447232.0	268435456.0
84447232.0	268435456.0
84447232.0	268435456.0
84447232.0	268435456.0
84447232.0	268435456.0
84447232.0	268435456.0
84447232.0	268435456.0
84447232.0	268435456.0
84447232.0	268435456.0
84447232.0	268435456.0
84447232.0	268435456.0
84447232.0	268435456.0
84447232.0	268435456.0
84447232.0	268435456.0
84447232.0	268435456.0
84447232.0	268435456.0
84447232.0	268435456.0
84447232.0	268435456.0
84447232.0	268435456.0
84447232.0	268435456.0
84447232.0	268435456.0
84447232.0	268435456.0
84447232.0	268435456.0
84447232.0	268435456.0
84447232.0	268435456.0
84447232.0	268435456.0
84447232.0	268435456.0
84447232.0	268435456.0
84447232.0	268435456.0
84447232.0	268435456.0
84447232.0	268435456.0
84447232.0	268435456.0
84447232.0	268435456.0
84447232.0	268435456.0
102936576.0	268435456.0
129839104.0	268435456.0
154824704.0	268435456.0
159862784.0	268435456.0
171249664.0	268435456.0
181448704.0	268435456.0
182628352.0	268435456.0
201777152.0	268435456.0
203595776.0	268435456.0
204775424.0	268435456.0
205447168.0	268435456.0
168669184.0	268435456.0
177070080.0	268435456.0
95391744.0	268435456.0
116494336.0	268435456.0
140414976.0	268435456.0
161759232.0	268435456.0
169480192.0	268435456.0
179818496.0	268435456.0
183881728.0	268435456.0
166989824.0	268435456.0
85700608.0	268435456.0
85700608.0	268435456.0
85692416.0	268435456.0
85692416.0	268435456.0
85565440.0	268435456.0
85565440.0	268435456.0
85565440.0	268435456.0
85565440.0	268435456.0
85565440.0	268435456.0
85565440.0	268435456.0
85565440.0	268435456.0
85565440.0	268435456.0
85565440.0	268435456.0
85565440.0	268435456.0
85565440.0	268435456.0
85565440.0	268435456.0
85565440.0	268435456.0
85565440.0	268435456.0
85565440.0	268435456.0
85565440.0	268435456.0
85565440.0	268435456.0
85565440.0	268435456.0
85565440.0	268435456.0
85565440.0	268435456.0
85565440.0	268435456.0
85565440.0	268435456.0
85565440.0	268435456.0
85565440.0	268435456.0
85565440.0	268435456.0
85565440.0	268435456.0
85565440.0	268435456.0
85565440.0	268435456.0
85565440.0	268435456.0
85565440.0	268435456.0
85565440.0	268435456.0
85565440.0	268435456.0
85565440.0	268435456.0
85565440.0	268435456.0
85565440.0	268435456.0
103731200.0	268435456.0
123351040.0	268435456.0
155635712.0	268435456.0
165265408.0	268435456.0
181874688.0	268435456.0
184365056.0	268435456.0
203591680.0	268435456.0
205619200.0	268435456.0
208355328.0	268435456.0
208355328.0	268435456.0
169611264.0	268435456.0
86339584.0	268435456.0
115339264.0	268435456.0
141459456.0	268435456.0
162840576.0	268435456.0
171872256.0	268435456.0
181497856.0	268435456.0
183021568.0	268435456.0
168796160.0	268435456.0
86548480.0	268435456.0
86548480.0	268435456.0
86548480.0	268435456.0
86548480.0	268435456.0
86548480.0	268435456.0
86548480.0	268435456.0
86548480.0	268435456.0
86548480.0	268435456.0
86548480.0	268435456.0
86548480.0	268435456.0
86548480.0	268435456.0
86548480.0	268435456.0
86548480.0	268435456.0
86548480.0	268435456.0
86548480.0	268435456.0
86548480.0	268435456.0
86548480.0	268435456.0
86548480.0	268435456.0
86548480.0	268435456.0
86548480.0	268435456.0
86548480.0	268435456.0
86548480.0	268435456.0
86548480.0	268435456.0
86548480.0	268435456.0
86548480.0	268435456.0
86548480.0	268435456.0
86548480.0	268435456.0
86548480.0	268435456.0
86548480.0	268435456.0
86548480.0	268435456.0
86548480.0	268435456.0
86548480.0	268435456.0
86548480.0	268435456.0
86548480.0	268435456.0
86548480.0	268435456.0
86548480.0	268435456.0
86548480.0	268435456.0
86548480.0	268435456.0
86548480.0	268435456.0
86548480.0	268435456.0
86548480.0	268435456.0
105762816.0	268435456.0
124272640.0	268435456.0
160755712.0	268435456.0
170811392.0	268435456.0
181145600.0	268435456.0
182579200.0	268435456.0
161992704.0	268435456.0
86999040.0	268435456.0
119242752.0	268435456.0
158310400.0	268435456.0
163631104.0	268435456.0
169123840.0	268435456.0
173187072.0	268435456.0
182923264.0	268435456.0
184418304.0	268435456.0
185729024.0	268435456.0
204021760.0	268435456.0
205856768.0	268435456.0
208896000.0	268435456.0
208769024.0	268435456.0
208769024.0	268435456.0
169492480.0	268435456.0
87429120.0	268435456.0
87322624.0	268435456.0
87322624.0	268435456.0
87322624.0	268435456.0
87322624.0	268435456.0
87322624.0	268435456.0
87322624.0	268435456.0
87314432.0	268435456.0
87314432.0	268435456.0
87314432.0	268435456.0
87314432.0	268435456.0
87314432.0	268435456.0
87314432.0	268435456.0
87314432.0	268435456.0
87314432.0	268435456.0
87314432.0	268435456.0
87314432.0	268435456.0
87314432.0	268435456.0
87314432.0	268435456.0
87314432.0	268435456.0
87314432.0	268435456.0
87314432.0	268435456.0
87314432.0	268435456.0
87314432.0	268435456.0
87314432.0	268435456.0
87314432.0	268435456.0
87314432.0	268435456.0
87314432.0	268435456.0
87314432.0	268435456.0
87314432.0	268435456.0
87314432.0	268435456.0
87314432.0	268435456.0
87314432.0	268435456.0
87314432.0	268435456.0
87314432.0	268435456.0
87314432.0	268435456.0
87314432.0	268435456.0
87314432.0	268435456.0
107188224.0	268435456.0
142524416.0	268435456.0
161103872.0	268435456.0
170917888.0	268435456.0
172097536.0	268435456.0
181518336.0	268435456.0
182697984.0	268435456.0
161079296.0	268435456.0
169074688.0	268435456.0
108871680.0	268435456.0
142938112.0	268435456.0
164429824.0	268435456.0
171626496.0	268435456.0
181989376.0	268435456.0
186314752.0	268435456.0
88338432.0	268435456.0
88203264.0	268435456.0
88150016.0	268435456.0
87994368.0	268435456.0
87994368.0	268435456.0
87994368.0	268435456.0
87994368.0	268435456.0
87994368.0	268435456.0
87994368.0	268435456.0
87994368.0	268435456.0
87994368.0	268435456.0
87994368.0	268435456.0
87994368.0	268435456.0
87994368.0	268435456.0
87994368.0	268435456.0
87994368.0	268435456.0
87994368.0	268435456.0
87994368.0	268435456.0
87994368.0	268435456.0
87994368.0	268435456.0
87994368.0	268435456.0
87994368.0	268435456.0
87994368.0	268435456.0
87994368.0	268435456.0
87994368.0	268435456.0
87994368.0	268435456.0
87994368.0	268435456.0
87994368.0	268435456.0
87994368.0	268435456.0
87994368.0	268435456.0
87994368.0	268435456.0
87994368.0	268435456.0
87994368.0	268435456.0
87994368.0	268435456.0
87994368.0	268435456.0
87994368.0	268435456.0
87994368.0	268435456.0
87994368.0	268435456.0
87994368.0	268435456.0
87994368.0	268435456.0
87994368.0	268435456.0
87994368.0	268435456.0
87994368.0	268435456.0
87994368.0	268435456.0
