184279040.0	268435456.0
185327616.0	268435456.0
203415552.0	268435456.0
204595200.0	268435456.0
187830272.0	268435456.0
81469440.0	268435456.0
112054272.0	268435456.0
137183232.0	268435456.0
158588928.0	268435456.0
165261312.0	268435456.0
166572032.0	268435456.0
176381952.0	268435456.0
177709056.0	268435456.0
179019776.0	268435456.0
197201920.0	268435456.0
198905856.0	268435456.0
199909376.0	268435456.0
202010624.0	268435456.0
172118016.0	268435456.0
82587648.0	268435456.0
82563072.0	268435456.0
82563072.0	268435456.0
82563072.0	268435456.0
82563072.0	268435456.0
82563072.0	268435456.0
82563072.0	268435456.0
82554880.0	268435456.0
82554880.0	268435456.0
82554880.0	268435456.0
82554880.0	268435456.0
82554880.0	268435456.0
82554880.0	268435456.0
82554880.0	268435456.0
82554880.0	268435456.0
82554880.0	268435456.0
82554880.0	268435456.0
82554880.0	268435456.0
82554880.0	268435456.0
82554880.0	268435456.0
82554880.0	268435456.0
82554880.0	268435456.0
82554880.0	268435456.0
82554880.0	268435456.0
82554880.0	268435456.0
82554880.0	268435456.0
82554880.0	268435456.0
82554880.0	268435456.0
82554880.0	268435456.0
82554880.0	268435456.0
82554880.0	268435456.0
82554880.0	268435456.0
82554880.0	268435456.0
82554880.0	268435456.0
82554880.0	268435456.0
82554880.0	268435456.0
82554880.0	268435456.0
82554880.0	268435456.0
82554880.0	268435456.0
82554880.0	268435456.0
82554880.0	268435456.0
82554880.0	268435456.0
82554880.0	268435456.0
82554880.0	268435456.0
100495360.0	268435456.0
114978816.0	268435456.0
137949184.0	268435456.0
156901376.0	268435456.0
164225024.0	268435456.0
168288256.0	268435456.0
177995776.0	268435456.0
179183616.0	268435456.0
180805632.0	268435456.0
198987776.0	268435456.0
200409088.0	268435456.0
201588736.0	268435456.0
156585984.0	268435456.0
172466176.0	268435456.0
83341312.0	268435456.0
83341312.0	268435456.0
83341312.0	268435456.0
83341312.0	268435456.0
83341312.0	268435456.0
83341312.0	268435456.0
83341312.0	268435456.0
83341312.0	268435456.0
83341312.0	268435456.0
83341312.0	268435456.0
83341312.0	268435456.0
83341312.0	268435456.0
83341312.0	268435456.0
83341312.0	268435456.0
83341312.0	268435456.0
83341312.0	268435456.0
83341312.0	268435456.0
83341312.0	268435456.0
83341312.0	268435456.0
83341312.0	268435456.0
83341312.0	268435456.0
83341312.0	268435456.0
83341312.0	268435456.0
83341312.0	268435456.0
83341312.0	268435456.0
83341312.0	268435456.0
83341312.0	268435456.0
83341312.0	268435456.0
83341312.0	268435456.0
83341312.0	268435456.0
83341312.0	268435456.0
83341312.0	268435456.0
83341312.0	268435456.0
83341312.0	268435456.0
83341312.0	268435456.0
83341312.0	268435456.0
83341312.0	268435456.0
83341312.0	268435456.0
83341312.0	268435456.0
83341312.0	268435456.0
83341312.0	268435456.0
83341312.0	268435456.0
83341312.0	268435456.0
83341312.0	268435456.0
83341312.0	268435456.0
83341312.0	268435456.0
83341312.0	268435456.0
112861184.0	268435456.0
132599808.0	268435456.0
138772480.0	268435456.0
159891456.0	268435456.0
167075840.0	268435456.0
169017344.0	268435456.0
179593216.0	268435456.0
182083584.0	268435456.0
159432704.0	268435456.0
84082688.0	268435456.0
83894272.0	268435456.0
104321024.0	268435456.0
122109952.0	268435456.0
154497024.0	268435456.0
159305728.0	268435456.0
162709504.0	268435456.0
171085824.0	268435456.0
181264384.0	268435456.0
184803328.0	268435456.0
162275328.0	268435456.0
85409792.0	268435456.0
85299200.0	268435456.0
85229568.0	268435456.0
85229568.0	268435456.0
85229568.0	268435456.0
85229568.0	268435456.0
85229568.0	268435456.0
85229568.0	268435456.0
85229568.0	268435456.0
85229568.0	268435456.0
85229568.0	268435456.0
85229568.0	268435456.0
85229568.0	268435456.0
85229568.0	268435456.0
85229568.0	268435456.0
85229568.0	268435456.0
85229568.0	268435456.0
85229568.0	268435456.0
85229568.0	268435456.0
85229568.0	268435456.0
85229568.0	268435456.0
85229568.0	268435456.0
85229568.0	268435456.0
85229568.0	268435456.0
85229568.0	268435456.0
85229568.0	268435456.0
85229568.0	268435456.0
85229568.0	268435456.0
85229568.0	268435456.0
85229568.0	268435456.0
85229568.0	268435456.0
85229568.0	268435456.0
85229568.0	268435456.0
85229568.0	268435456.0
85229568.0	268435456.0
85229568.0	268435456.0
85229568.0	268435456.0
85229568.0	268435456.0
85229568.0	268435456.0
85229568.0	268435456.0
95539200.0	268435456.0
116781056.0	268435456.0
140480512.0	268435456.0
159498240.0	268435456.0
169009152.0	268435456.0
170287104.0	268435456.0
180035584.0	268435456.0
181215232.0	268435456.0
182775808.0	268435456.0
201744384.0	268435456.0
203173888.0	268435456.0
204296192.0	268435456.0
162971648.0	268435456.0
167108608.0	268435456.0
85594112.0	268435456.0
85577728.0	268435456.0
85577728.0	268435456.0
85577728.0	268435456.0
85577728.0	268435456.0
85577728.0	268435456.0
85577728.0	268435456.0
85577728.0	268435456.0
85577728.0	268435456.0
85577728.0	268435456.0
85577728.0	268435456.0
85577728.0	268435456.0
85577728.0	268435456.0
85577728.0	268435456.0
85577728.0	268435456.0
85577728.0	268435456.0
85577728.0	268435456.0
85577728.0	268435456.0
85577728.0	268435456.0
85577728.0	268435456.0
85577728.0	268435456.0
85577728.0	268435456.0
85577728.0	268435456.0
85577728.0	268435456.0
85577728.0	268435456.0
85577728.0	268435456.0
85577728.0	268435456.0
85577728.0	268435456.0
85577728.0	268435456.0
85577728.0	268435456.0
85577728.0	268435456.0
85577728.0	268435456.0
85577728.0	268435456.0
85577728.0	268435456.0
85577728.0	268435456.0
85577728.0	268435456.0
85577728.0	268435456.0
85577728.0	268435456.0
85577728.0	268435456.0
85577728.0	268435456.0
85577728.0	268435456.0
85577728.0	268435456.0
85577728.0	268435456.0
85577728.0	268435456.0
85577728.0	268435456.0
104779776.0	268435456.0
134692864.0	268435456.0
159719424.0	268435456.0
162992128.0	268435456.0
181039104.0	268435456.0
182874112.0	268435456.0
184184832.0	268435456.0
202272768.0	268435456.0
203431936.0	268435456.0
205312000.0	268435456.0
164241408.0	268435456.0
86212608.0	268435456.0
86175744.0	268435456.0
86175744.0	268435456.0
86175744.0	268435456.0
86175744.0	268435456.0
86175744.0	268435456.0
86175744.0	268435456.0
86175744.0	268435456.0
86175744.0	268435456.0
86175744.0	268435456.0
86175744.0	268435456.0
86175744.0	268435456.0
86175744.0	268435456.0
86175744.0	268435456.0
86175744.0	268435456.0
86175744.0	268435456.0
86175744.0	268435456.0
86175744.0	268435456.0
86175744.0	268435456.0
86175744.0	268435456.0
86175744.0	268435456.0
86175744.0	268435456.0
86175744.0	268435456.0
86175744.0	268435456.0
86175744.0	268435456.0
86175744.0	268435456.0
86175744.0	268435456.0
86175744.0	268435456.0
86175744.0	268435456.0
86175744.0	268435456.0
86175744.0	268435456.0
86175744.0	268435456.0
86175744.0	268435456.0
86175744.0	268435456.0
86175744.0	268435456.0
86175744.0	268435456.0
86175744.0	268435456.0
86175744.0	268435456.0
86175744.0	268435456.0
86175744.0	268435456.0
86175744.0	268435456.0
86175744.0	268435456.0
86175744.0	268435456.0
86175744.0	268435456.0
86175744.0	268435456.0
86175744.0	268435456.0
