221696000.0	268435456.0
115793920.0	268435456.0
145448960.0	268435456.0
185286656.0	268435456.0
198037504.0	268435456.0
211517440.0	268435456.0
215670784.0	268435456.0
194965504.0	268435456.0
141594624.0	268435456.0
185405440.0	268435456.0
199008256.0	268435456.0
210034688.0	268435456.0
211869696.0	268435456.0
231096320.0	268435456.0
233328640.0	268435456.0
190197760.0	268435456.0
204836864.0	268435456.0
147021824.0	268435456.0
189845504.0	268435456.0
200011776.0	268435456.0
210608128.0	268435456.0
190967808.0	268435456.0
115761152.0	268435456.0
115761152.0	268435456.0
115761152.0	268435456.0
115761152.0	268435456.0
115695616.0	268435456.0
115695616.0	268435456.0
115695616.0	268435456.0
115695616.0	268435456.0
115695616.0	268435456.0
115695616.0	268435456.0
115695616.0	268435456.0
115695616.0	268435456.0
115695616.0	268435456.0
115695616.0	268435456.0
115695616.0	268435456.0
115695616.0	268435456.0
115695616.0	268435456.0
115695616.0	268435456.0
115695616.0	268435456.0
115695616.0	268435456.0
133976064.0	268435456.0
167387136.0	268435456.0
192458752.0	268435456.0
201060352.0	268435456.0
211951616.0	268435456.0
213114880.0	268435456.0
231165952.0	268435456.0
232214528.0	268435456.0
233394176.0	268435456.0
234418176.0	268435456.0
189837312.0	268435456.0
205553664.0	268435456.0
145887232.0	268435456.0
185880576.0	268435456.0
198762496.0	268435456.0
209829888.0	268435456.0
212451328.0	268435456.0
231944192.0	268435456.0
235745280.0	268435456.0
235745280.0	268435456.0
235745280.0	268435456.0
196362240.0	268435456.0
116396032.0	268435456.0
116350976.0	268435456.0
116224000.0	268435456.0
116224000.0	268435456.0
116224000.0	268435456.0
116224000.0	268435456.0
116224000.0	268435456.0
116224000.0	268435456.0
116224000.0	268435456.0
116224000.0	268435456.0
116224000.0	268435456.0
116211712.0	268435456.0
116211712.0	268435456.0
116211712.0	268435456.0
116211712.0	268435456.0
116211712.0	268435456.0
116211712.0	268435456.0
116211712.0	268435456.0
116211712.0	268435456.0
116211712.0	268435456.0
116211712.0	268435456.0
116211712.0	268435456.0
116211712.0	268435456.0
116211712.0	268435456.0
116211712.0	268435456.0
116211712.0	268435456.0
116211712.0	268435456.0
116211712.0	268435456.0
116211712.0	268435456.0
116211712.0	268435456.0
116211712.0	268435456.0
116211712.0	268435456.0
116211712.0	268435456.0
116211712.0	268435456.0
116211712.0	268435456.0
116211712.0	268435456.0
116211712.0	268435456.0
116211712.0	268435456.0
140087296.0	268435456.0
171380736.0	268435456.0
191062016.0	268435456.0
202579968.0	268435456.0
213176320.0	268435456.0
191655936.0	268435456.0
200007680.0	268435456.0
116445184.0	268435456.0
116445184.0	268435456.0
116445184.0	268435456.0
152653824.0	268435456.0
190218240.0	268435456.0
200552448.0	268435456.0
211148800.0	268435456.0
212590592.0	268435456.0
116367360.0	268435456.0
136839168.0	268435456.0
171397120.0	268435456.0
199925760.0	268435456.0
211058688.0	268435456.0
213569536.0	268435456.0
233103360.0	268435456.0
237174784.0	268435456.0
237174784.0	268435456.0
193736704.0	268435456.0
116609024.0	268435456.0
116609024.0	268435456.0
116609024.0	268435456.0
116609024.0	268435456.0
116482048.0	268435456.0
116482048.0	268435456.0
116482048.0	268435456.0
116482048.0	268435456.0
116482048.0	268435456.0
116482048.0	268435456.0
116482048.0	268435456.0
116482048.0	268435456.0
116482048.0	268435456.0
116482048.0	268435456.0
116482048.0	268435456.0
116482048.0	268435456.0
116482048.0	268435456.0
116482048.0	268435456.0
116482048.0	268435456.0
116482048.0	268435456.0
116482048.0	268435456.0
116482048.0	268435456.0
116482048.0	268435456.0
116482048.0	268435456.0
116482048.0	268435456.0
116482048.0	268435456.0
116482048.0	268435456.0
116482048.0	268435456.0
116482048.0	268435456.0
116482048.0	268435456.0
116482048.0	268435456.0
116482048.0	268435456.0
116482048.0	268435456.0
116482048.0	268435456.0
116482048.0	268435456.0
135020544.0	268435456.0
164696064.0	268435456.0
192819200.0	268435456.0
200916992.0	268435456.0
211644416.0	268435456.0
214921216.0	268435456.0
194101248.0	268435456.0
132382720.0	268435456.0
150839296.0	268435456.0
185839616.0	268435456.0
193323008.0	268435456.0
201306112.0	268435456.0
210722816.0	268435456.0
212164608.0	268435456.0
192020480.0	268435456.0
198893568.0	268435456.0
140759040.0	268435456.0
171966464.0	268435456.0
193306624.0	268435456.0
200507392.0	268435456.0
211193856.0	268435456.0
213684224.0	268435456.0
233046016.0	268435456.0
235274240.0	268435456.0
237715456.0	268435456.0
237715456.0	268435456.0
237715456.0	268435456.0
198434816.0	268435456.0
116965376.0	268435456.0
116768768.0	268435456.0
116768768.0	268435456.0
116768768.0	268435456.0
116768768.0	268435456.0
116748288.0	268435456.0
116748288.0	268435456.0
116748288.0	268435456.0
116748288.0	268435456.0
116740096.0	268435456.0
116740096.0	268435456.0
116703232.0	268435456.0
116703232.0	268435456.0
116695040.0	268435456.0
116695040.0	268435456.0
116695040.0	268435456.0
116695040.0	268435456.0
116695040.0	268435456.0
116695040.0	268435456.0
116695040.0	268435456.0
116695040.0	268435456.0
116695040.0	268435456.0
116695040.0	268435456.0
116695040.0	268435456.0
116695040.0	268435456.0
116695040.0	268435456.0
116695040.0	268435456.0
116695040.0	268435456.0
116695040.0	268435456.0
116695040.0	268435456.0
116695040.0	268435456.0
116695040.0	268435456.0
148107264.0	268435456.0
187998208.0	268435456.0
199581696.0	268435456.0
210444288.0	268435456.0
211623936.0	268435456.0
230199296.0	268435456.0
231407616.0	268435456.0
232538112.0	268435456.0
233586688.0	268435456.0
235634688.0	268435456.0
235634688.0	268435456.0
196526080.0	268435456.0
135024640.0	268435456.0
153071616.0	268435456.0
175435776.0	268435456.0
190828544.0	268435456.0
200499200.0	268435456.0
211222528.0	268435456.0
215154688.0	268435456.0
192548864.0	268435456.0
198316032.0	268435456.0
116805632.0	268435456.0
116805632.0	268435456.0
116805632.0	268435456.0
116731904.0	268435456.0
116731904.0	268435456.0
116695040.0	268435456.0
116695040.0	268435456.0
116695040.0	268435456.0
116695040.0	268435456.0
116695040.0	268435456.0
116695040.0	268435456.0
116695040.0	268435456.0
116695040.0	268435456.0
116695040.0	268435456.0
116695040.0	268435456.0
116695040.0	268435456.0
116695040.0	268435456.0
116695040.0	268435456.0
116695040.0	268435456.0
116695040.0	268435456.0
116695040.0	268435456.0
116695040.0	268435456.0
116695040.0	268435456.0
116695040.0	268435456.0
116695040.0	268435456.0
116695040.0	268435456.0
116695040.0	268435456.0
116695040.0	268435456.0
116695040.0	268435456.0
116695040.0	268435456.0
116695040.0	268435456.0
116695040.0	268435456.0
116695040.0	268435456.0
116695040.0	268435456.0
116695040.0	268435456.0
116695040.0	268435456.0
116695040.0	268435456.0
116695040.0	268435456.0
116695040.0	268435456.0
136945664.0	268435456.0
171769856.0	268435456.0
202186752.0	268435456.0
211066880.0	268435456.0
213819392.0	268435456.0
233312256.0	268435456.0
236195840.0	268435456.0
237768704.0	268435456.0
198291456.0	268435456.0
116822016.0	268435456.0
116703232.0	268435456.0
116670464.0	268435456.0
116670464.0	268435456.0
116670464.0	268435456.0
116670464.0	268435456.0
116670464.0	268435456.0
116670464.0	268435456.0
116662272.0	268435456.0
