64065536.0	268435456.0
64065536.0	268435456.0
64065536.0	268435456.0
64065536.0	268435456.0
64065536.0	268435456.0
64065536.0	268435456.0
64065536.0	268435456.0
64065536.0	268435456.0
64065536.0	268435456.0
64065536.0	268435456.0
64065536.0	268435456.0
64065536.0	268435456.0
64065536.0	268435456.0
64065536.0	268435456.0
64065536.0	268435456.0
64065536.0	268435456.0
64065536.0	268435456.0
64065536.0	268435456.0
64065536.0	268435456.0
64065536.0	268435456.0
64065536.0	268435456.0
64065536.0	268435456.0
64065536.0	268435456.0
64065536.0	268435456.0
64065536.0	268435456.0
64065536.0	268435456.0
98824192.0	268435456.0
160632832.0	268435456.0
170475520.0	268435456.0
180031488.0	268435456.0
181248000.0	268435456.0
199831552.0	268435456.0
202178560.0	268435456.0
221147136.0	268435456.0
222851072.0	268435456.0
222781440.0	268435456.0
222781440.0	268435456.0
222781440.0	268435456.0
191524864.0	268435456.0
77025280.0	268435456.0
77025280.0	268435456.0
77025280.0	268435456.0
77025280.0	268435456.0
77025280.0	268435456.0
77025280.0	268435456.0
107376640.0	268435456.0
132501504.0	268435456.0
156868608.0	268435456.0
171655168.0	268435456.0
173973504.0	268435456.0
193073152.0	268435456.0
195440640.0	268435456.0
198324224.0	268435456.0
159391744.0	268435456.0
77836288.0	268435456.0
77709312.0	268435456.0
77709312.0	268435456.0
77709312.0	268435456.0
77709312.0	268435456.0
77688832.0	268435456.0
77660160.0	268435456.0
77660160.0	268435456.0
77643776.0	268435456.0
77643776.0	268435456.0
77635584.0	268435456.0
77635584.0	268435456.0
77635584.0	268435456.0
77635584.0	268435456.0
77635584.0	268435456.0
77635584.0	268435456.0
77635584.0	268435456.0
77635584.0	268435456.0
77635584.0	268435456.0
77635584.0	268435456.0
77635584.0	268435456.0
77635584.0	268435456.0
77635584.0	268435456.0
77635584.0	268435456.0
77635584.0	268435456.0
77635584.0	268435456.0
77635584.0	268435456.0
77635584.0	268435456.0
77635584.0	268435456.0
77635584.0	268435456.0
77635584.0	268435456.0
77635584.0	268435456.0
77635584.0	268435456.0
77635584.0	268435456.0
77635584.0	268435456.0
77635584.0	268435456.0
77635584.0	268435456.0
77635584.0	268435456.0
77635584.0	268435456.0
77635584.0	268435456.0
77635584.0	268435456.0
77635584.0	268435456.0
77635584.0	268435456.0
77635584.0	268435456.0
77635584.0	268435456.0
77635584.0	268435456.0
77635584.0	268435456.0
77635584.0	268435456.0
77635584.0	268435456.0
77635584.0	268435456.0
77635584.0	268435456.0
77635584.0	268435456.0
77635584.0	268435456.0
77635584.0	268435456.0
77635584.0	268435456.0
77635584.0	268435456.0
77635584.0	268435456.0
77635584.0	268435456.0
77635584.0	268435456.0
77635584.0	268435456.0
77635584.0	268435456.0
77635584.0	268435456.0
77635584.0	268435456.0
77635584.0	268435456.0
77635584.0	268435456.0
77635584.0	268435456.0
77635584.0	268435456.0
77635584.0	268435456.0
77635584.0	268435456.0
77635584.0	268435456.0
77635584.0	268435456.0
77635584.0	268435456.0
77635584.0	268435456.0
77635584.0	268435456.0
77635584.0	268435456.0
77635584.0	268435456.0
77635584.0	268435456.0
77635584.0	268435456.0
77635584.0	268435456.0
77635584.0	268435456.0
77635584.0	268435456.0
77635584.0	268435456.0
77635584.0	268435456.0
77635584.0	268435456.0
77635584.0	268435456.0
77635584.0	268435456.0
77635584.0	268435456.0
77635584.0	268435456.0
77635584.0	268435456.0
77635584.0	268435456.0
77635584.0	268435456.0
102813696.0	268435456.0
133173248.0	268435456.0
152272896.0	268435456.0
160587776.0	268435456.0
161767424.0	268435456.0
171450368.0	268435456.0
173137920.0	268435456.0
192106496.0	268435456.0
194318336.0	268435456.0
197988352.0	268435456.0
197988352.0	268435456.0
158965760.0	268435456.0
78569472.0	268435456.0
78557184.0	268435456.0
78557184.0	268435456.0
78557184.0	268435456.0
78557184.0	268435456.0
78557184.0	268435456.0
78557184.0	268435456.0
78557184.0	268435456.0
78557184.0	268435456.0
78557184.0	268435456.0
78557184.0	268435456.0
78557184.0	268435456.0
78557184.0	268435456.0
78557184.0	268435456.0
78557184.0	268435456.0
78557184.0	268435456.0
78557184.0	268435456.0
78557184.0	268435456.0
78557184.0	268435456.0
78557184.0	268435456.0
78557184.0	268435456.0
78557184.0	268435456.0
78557184.0	268435456.0
78557184.0	268435456.0
78557184.0	268435456.0
78557184.0	268435456.0
78557184.0	268435456.0
78557184.0	268435456.0
78557184.0	268435456.0
78557184.0	268435456.0
78557184.0	268435456.0
78557184.0	268435456.0
78557184.0	268435456.0
78557184.0	268435456.0
78557184.0	268435456.0
78557184.0	268435456.0
78557184.0	268435456.0
78557184.0	268435456.0
78557184.0	268435456.0
78557184.0	268435456.0
78557184.0	268435456.0
78557184.0	268435456.0
78557184.0	268435456.0
78557184.0	268435456.0
78557184.0	268435456.0
78557184.0	268435456.0
78557184.0	268435456.0
78557184.0	268435456.0
78557184.0	268435456.0
112078848.0	268435456.0
134529024.0	268435456.0
153403392.0	268435456.0
162824192.0	268435456.0
164265984.0	268435456.0
174657536.0	268435456.0
175124480.0	268435456.0
159928320.0	268435456.0
79892480.0	268435456.0
79892480.0	268435456.0
79892480.0	268435456.0
79892480.0	268435456.0
110878720.0	268435456.0
150114304.0	268435456.0
162099200.0	268435456.0
175575040.0	268435456.0
177672192.0	268435456.0
196636672.0	268435456.0
198717440.0	268435456.0
202518528.0	268435456.0
202518528.0	268435456.0
158916608.0	268435456.0
81199104.0	268435456.0
81199104.0	268435456.0
81027072.0	268435456.0
81027072.0	268435456.0
81027072.0	268435456.0
81010688.0	268435456.0
81010688.0	268435456.0
80916480.0	268435456.0
80887808.0	268435456.0
80887808.0	268435456.0
80887808.0	268435456.0
80887808.0	268435456.0
80887808.0	268435456.0
80887808.0	268435456.0
80887808.0	268435456.0
80887808.0	268435456.0
80887808.0	268435456.0
80887808.0	268435456.0
80887808.0	268435456.0
80887808.0	268435456.0
80887808.0	268435456.0
80887808.0	268435456.0
80887808.0	268435456.0
80887808.0	268435456.0
80887808.0	268435456.0
80887808.0	268435456.0
80887808.0	268435456.0
80887808.0	268435456.0
80887808.0	268435456.0
80887808.0	268435456.0
80887808.0	268435456.0
80887808.0	268435456.0
80887808.0	268435456.0
80887808.0	268435456.0
80887808.0	268435456.0
80887808.0	268435456.0
80887808.0	268435456.0
80887808.0	268435456.0
80887808.0	268435456.0
80887808.0	268435456.0
80887808.0	268435456.0
80887808.0	268435456.0
80887808.0	268435456.0
80887808.0	268435456.0
80887808.0	268435456.0
80887808.0	268435456.0
80887808.0	268435456.0
80887808.0	268435456.0
80887808.0	268435456.0
80887808.0	268435456.0
80887808.0	268435456.0
80887808.0	268435456.0
80887808.0	268435456.0
80887808.0	268435456.0
80887808.0	268435456.0
80887808.0	268435456.0
80887808.0	268435456.0
80887808.0	268435456.0
80887808.0	268435456.0
80887808.0	268435456.0
80887808.0	268435456.0
80887808.0	268435456.0
80887808.0	268435456.0
80887808.0	268435456.0
80887808.0	268435456.0
80887808.0	268435456.0
80887808.0	268435456.0
80887808.0	268435456.0
80887808.0	268435456.0
80887808.0	268435456.0
80887808.0	268435456.0
80887808.0	268435456.0
