190451712.0	268435456.0
84463616.0	268435456.0
104157184.0	268435456.0
123576320.0	268435456.0
158060544.0	268435456.0
167743488.0	268435456.0
169840640.0	268435456.0
179392512.0	268435456.0
182800384.0	268435456.0
161746944.0	268435456.0
95907840.0	268435456.0
122273792.0	268435456.0
155586560.0	268435456.0
167628800.0	268435456.0
178229248.0	268435456.0
180572160.0	268435456.0
199540736.0	268435456.0
202043392.0	268435456.0
202354688.0	268435456.0
166146048.0	268435456.0
97079296.0	268435456.0
125296640.0	268435456.0
161144832.0	268435456.0
172142592.0	268435456.0
182603776.0	268435456.0
163332096.0	268435456.0
86491136.0	268435456.0
86482944.0	268435456.0
86355968.0	268435456.0
86355968.0	268435456.0
86355968.0	268435456.0
86274048.0	268435456.0
86274048.0	268435456.0
86274048.0	268435456.0
86274048.0	268435456.0
86274048.0	268435456.0
86249472.0	268435456.0
86249472.0	268435456.0
86249472.0	268435456.0
86249472.0	268435456.0
86249472.0	268435456.0
86249472.0	268435456.0
86249472.0	268435456.0
86249472.0	268435456.0
86249472.0	268435456.0
86249472.0	268435456.0
86249472.0	268435456.0
86249472.0	268435456.0
86249472.0	268435456.0
86249472.0	268435456.0
86249472.0	268435456.0
86249472.0	268435456.0
86249472.0	268435456.0
86249472.0	268435456.0
86249472.0	268435456.0
86249472.0	268435456.0
86249472.0	268435456.0
86249472.0	268435456.0
86249472.0	268435456.0
86249472.0	268435456.0
86249472.0	268435456.0
98418688.0	268435456.0
123502592.0	268435456.0
155877376.0	268435456.0
160239616.0	268435456.0
169353216.0	268435456.0
179421184.0	268435456.0
180600832.0	268435456.0
181895168.0	268435456.0
183205888.0	268435456.0
201256960.0	268435456.0
202698752.0	268435456.0
203665408.0	268435456.0
206024704.0	268435456.0
206024704.0	268435456.0
166567936.0	268435456.0
175087616.0	268435456.0
107610112.0	268435456.0
123981824.0	268435456.0
157708288.0	268435456.0
169172992.0	268435456.0
183033856.0	268435456.0
185524224.0	268435456.0
204996608.0	268435456.0
208928768.0	268435456.0
208928768.0	268435456.0
208928768.0	268435456.0
175673344.0	268435456.0
86913024.0	268435456.0
86913024.0	268435456.0
86896640.0	268435456.0
86851584.0	268435456.0
86851584.0	268435456.0
86839296.0	268435456.0
86831104.0	268435456.0
86790144.0	268435456.0
86790144.0	268435456.0
86790144.0	268435456.0
86790144.0	268435456.0
86790144.0	268435456.0
86790144.0	268435456.0
86790144.0	268435456.0
86790144.0	268435456.0
86790144.0	268435456.0
86790144.0	268435456.0
86790144.0	268435456.0
86790144.0	268435456.0
86790144.0	268435456.0
86790144.0	268435456.0
86790144.0	268435456.0
86790144.0	268435456.0
86790144.0	268435456.0
86790144.0	268435456.0
86790144.0	268435456.0
86790144.0	268435456.0
86790144.0	268435456.0
86790144.0	268435456.0
86790144.0	268435456.0
86790144.0	268435456.0
86790144.0	268435456.0
86790144.0	268435456.0
97984512.0	268435456.0
126255104.0	268435456.0
160792576.0	268435456.0
171393024.0	268435456.0
182124544.0	268435456.0
164126720.0	268435456.0
86970368.0	268435456.0
86970368.0	268435456.0
86970368.0	268435456.0
106762240.0	268435456.0
142077952.0	268435456.0
163524608.0	268435456.0
171900928.0	268435456.0
182431744.0	268435456.0
184774656.0	268435456.0
203767808.0	268435456.0
207962112.0	268435456.0
207912960.0	268435456.0
169820160.0	268435456.0
179781632.0	268435456.0
87252992.0	268435456.0
87252992.0	268435456.0
87252992.0	268435456.0
87252992.0	268435456.0
87252992.0	268435456.0
87252992.0	268435456.0
87252992.0	268435456.0
87252992.0	268435456.0
87252992.0	268435456.0
87146496.0	268435456.0
87146496.0	268435456.0
87146496.0	268435456.0
87146496.0	268435456.0
87146496.0	268435456.0
87146496.0	268435456.0
87146496.0	268435456.0
87146496.0	268435456.0
87146496.0	268435456.0
87146496.0	268435456.0
87146496.0	268435456.0
87146496.0	268435456.0
87146496.0	268435456.0
87146496.0	268435456.0
87146496.0	268435456.0
87146496.0	268435456.0
87146496.0	268435456.0
87146496.0	268435456.0
87146496.0	268435456.0
87146496.0	268435456.0
87146496.0	268435456.0
87146496.0	268435456.0
87146496.0	268435456.0
87146496.0	268435456.0
87146496.0	268435456.0
87146496.0	268435456.0
87146496.0	268435456.0
87146496.0	268435456.0
87146496.0	268435456.0
87146496.0	268435456.0
87146496.0	268435456.0
87146496.0	268435456.0
119472128.0	268435456.0
156565504.0	268435456.0
166596608.0	268435456.0
172613632.0	268435456.0
182165504.0	268435456.0
183410688.0	268435456.0
163266560.0	268435456.0
87609344.0	268435456.0
87445504.0	268435456.0
114249728.0	268435456.0
142389248.0	268435456.0
163569664.0	268435456.0
169062400.0	268435456.0
173649920.0	268435456.0
183730176.0	268435456.0
186580992.0	268435456.0
87867392.0	268435456.0
87633920.0	268435456.0
87633920.0	268435456.0
87633920.0	268435456.0
87633920.0	268435456.0
87633920.0	268435456.0
87633920.0	268435456.0
87633920.0	268435456.0
87633920.0	268435456.0
87633920.0	268435456.0
87633920.0	268435456.0
87633920.0	268435456.0
87633920.0	268435456.0
87633920.0	268435456.0
87633920.0	268435456.0
87633920.0	268435456.0
87633920.0	268435456.0
87633920.0	268435456.0
87633920.0	268435456.0
87633920.0	268435456.0
87633920.0	268435456.0
87633920.0	268435456.0
87633920.0	268435456.0
87633920.0	268435456.0
87633920.0	268435456.0
87633920.0	268435456.0
87633920.0	268435456.0
87633920.0	268435456.0
87633920.0	268435456.0
87633920.0	268435456.0
87633920.0	268435456.0
87633920.0	268435456.0
87633920.0	268435456.0
87633920.0	268435456.0
87633920.0	268435456.0
87633920.0	268435456.0
87633920.0	268435456.0
87633920.0	268435456.0
87633920.0	268435456.0
87633920.0	268435456.0
87633920.0	268435456.0
87633920.0	268435456.0
87633920.0	268435456.0
106221568.0	268435456.0
127361024.0	268435456.0
161677312.0	268435456.0
171683840.0	268435456.0
182808576.0	268435456.0
184233984.0	268435456.0
185544704.0	268435456.0
203595776.0	268435456.0
204906496.0	268435456.0
206073856.0	268435456.0
208695296.0	268435456.0
165093376.0	268435456.0
177676288.0	268435456.0
87703552.0	268435456.0
87629824.0	268435456.0
87629824.0	268435456.0
87629824.0	268435456.0
87629824.0	268435456.0
87629824.0	268435456.0
87629824.0	268435456.0
87629824.0	268435456.0
87629824.0	268435456.0
87629824.0	268435456.0
87629824.0	268435456.0
87629824.0	268435456.0
87629824.0	268435456.0
87629824.0	268435456.0
87629824.0	268435456.0
87629824.0	268435456.0
87629824.0	268435456.0
87629824.0	268435456.0
87629824.0	268435456.0
87629824.0	268435456.0
87629824.0	268435456.0
87629824.0	268435456.0
87629824.0	268435456.0
87629824.0	268435456.0
87629824.0	268435456.0
87629824.0	268435456.0
87629824.0	268435456.0
87629824.0	268435456.0
87629824.0	268435456.0
87629824.0	268435456.0
87629824.0	268435456.0
87629824.0	268435456.0
87629824.0	268435456.0
87629824.0	268435456.0
87629824.0	268435456.0
87629824.0	268435456.0
87629824.0	268435456.0
87629824.0	268435456.0
87629824.0	268435456.0
87629824.0	268435456.0
87629824.0	268435456.0
87629824.0	268435456.0
87629824.0	268435456.0
87629824.0	268435456.0
87629824.0	268435456.0
87629824.0	268435456.0
