223858688.0	268435456.0
226021376.0	268435456.0
244858880.0	268435456.0
246165504.0	268435456.0
212660224.0	268435456.0
215674880.0	268435456.0
100597760.0	268435456.0
100597760.0	268435456.0
100597760.0	268435456.0
100597760.0	268435456.0
100597760.0	268435456.0
100597760.0	268435456.0
100597760.0	268435456.0
100597760.0	268435456.0
100597760.0	268435456.0
100597760.0	268435456.0
100597760.0	268435456.0
100597760.0	268435456.0
100597760.0	268435456.0
100597760.0	268435456.0
100597760.0	268435456.0
100597760.0	268435456.0
100597760.0	268435456.0
130342912.0	268435456.0
155897856.0	268435456.0
172634112.0	268435456.0
178790400.0	268435456.0
185126912.0	268435456.0
195854336.0	268435456.0
216793088.0	268435456.0
215969792.0	268435456.0
217411584.0	268435456.0
220467200.0	268435456.0
220467200.0	268435456.0
220467200.0	268435456.0
177037312.0	268435456.0
189620224.0	268435456.0
100782080.0	268435456.0
125579264.0	268435456.0
156266496.0	268435456.0
177340416.0	268435456.0
182833152.0	268435456.0
196177920.0	268435456.0
197910528.0	268435456.0
217104384.0	268435456.0
219578368.0	268435456.0
220917760.0	268435456.0
175710208.0	268435456.0
189984768.0	268435456.0
101769216.0	268435456.0
101568512.0	268435456.0
101568512.0	268435456.0
101568512.0	268435456.0
101568512.0	268435456.0
101568512.0	268435456.0
101568512.0	268435456.0
101568512.0	268435456.0
101568512.0	268435456.0
101568512.0	268435456.0
101568512.0	268435456.0
101568512.0	268435456.0
101568512.0	268435456.0
101568512.0	268435456.0
101568512.0	268435456.0
101568512.0	268435456.0
101568512.0	268435456.0
101568512.0	268435456.0
101568512.0	268435456.0
101568512.0	268435456.0
101568512.0	268435456.0
101568512.0	268435456.0
101568512.0	268435456.0
101568512.0	268435456.0
101568512.0	268435456.0
101568512.0	268435456.0
101568512.0	268435456.0
101568512.0	268435456.0
101568512.0	268435456.0
101568512.0	268435456.0
101568512.0	268435456.0
101568512.0	268435456.0
101568512.0	268435456.0
101568512.0	268435456.0
131293184.0	268435456.0
156758016.0	268435456.0
180404224.0	268435456.0
195313664.0	268435456.0
197410816.0	268435456.0
179363840.0	268435456.0
101699584.0	268435456.0
131776512.0	268435456.0
154853376.0	268435456.0
176566272.0	268435456.0
185876480.0	268435456.0
187318272.0	268435456.0
197947392.0	268435456.0
178327552.0	268435456.0
119287808.0	268435456.0
139083776.0	268435456.0
175951872.0	268435456.0
186363904.0	268435456.0
196173824.0	268435456.0
198742016.0	268435456.0
218234880.0	268435456.0
220069888.0	268435456.0
222953472.0	268435456.0
184242176.0	268435456.0
102690816.0	268435456.0
102588416.0	268435456.0
102531072.0	268435456.0
102531072.0	268435456.0
102531072.0	268435456.0
102518784.0	268435456.0
102518784.0	268435456.0
102518784.0	268435456.0
102518784.0	268435456.0
102510592.0	268435456.0
102510592.0	268435456.0
102510592.0	268435456.0
102387712.0	268435456.0
102387712.0	268435456.0
102387712.0	268435456.0
102387712.0	268435456.0
102387712.0	268435456.0
102387712.0	268435456.0
102387712.0	268435456.0
102387712.0	268435456.0
102387712.0	268435456.0
102387712.0	268435456.0
102387712.0	268435456.0
102387712.0	268435456.0
102387712.0	268435456.0
102387712.0	268435456.0
102387712.0	268435456.0
102387712.0	268435456.0
102387712.0	268435456.0
102387712.0	268435456.0
102387712.0	268435456.0
102387712.0	268435456.0
102387712.0	268435456.0
102387712.0	268435456.0
102387712.0	268435456.0
102387712.0	268435456.0
122048512.0	268435456.0
157450240.0	268435456.0
178925568.0	268435456.0
188522496.0	268435456.0
199507968.0	268435456.0
218865664.0	268435456.0
221122560.0	268435456.0
224153600.0	268435456.0
179109888.0	268435456.0
193384448.0	268435456.0
114737152.0	268435456.0
135364608.0	268435456.0
177594368.0	268435456.0
188186624.0	268435456.0
199307264.0	268435456.0
218656768.0	268435456.0
221409280.0	268435456.0
224423936.0	268435456.0
179187712.0	268435456.0
193867776.0	268435456.0
130306048.0	268435456.0
173285376.0	268435456.0
186474496.0	268435456.0
197570560.0	268435456.0
200175616.0	268435456.0
219668480.0	268435456.0
221372416.0	268435456.0
180695040.0	268435456.0
189247488.0	268435456.0
103366656.0	268435456.0
103280640.0	268435456.0
103272448.0	268435456.0
103272448.0	268435456.0
103272448.0	268435456.0
103272448.0	268435456.0
103272448.0	268435456.0
103272448.0	268435456.0
103272448.0	268435456.0
103272448.0	268435456.0
103272448.0	268435456.0
103272448.0	268435456.0
103272448.0	268435456.0
103272448.0	268435456.0
103272448.0	268435456.0
103272448.0	268435456.0
103272448.0	268435456.0
103272448.0	268435456.0
103272448.0	268435456.0
103272448.0	268435456.0
103272448.0	268435456.0
103272448.0	268435456.0
103272448.0	268435456.0
103272448.0	268435456.0
103272448.0	268435456.0
103272448.0	268435456.0
103272448.0	268435456.0
103272448.0	268435456.0
103272448.0	268435456.0
103272448.0	268435456.0
103272448.0	268435456.0
132063232.0	268435456.0
158351360.0	268435456.0
179888128.0	268435456.0
187895808.0	268435456.0
198549504.0	268435456.0
178749440.0	268435456.0
105992192.0	268435456.0
103165952.0	268435456.0
103165952.0	268435456.0
132685824.0	268435456.0
156319744.0	268435456.0
179806208.0	268435456.0
188313600.0	268435456.0
199041024.0	268435456.0
200904704.0	268435456.0
220123136.0	268435456.0
221560832.0	268435456.0
224051200.0	268435456.0
181104640.0	268435456.0
186609664.0	268435456.0
103518208.0	268435456.0
103428096.0	268435456.0
103428096.0	268435456.0
103428096.0	268435456.0
103428096.0	268435456.0
103428096.0	268435456.0
103428096.0	268435456.0
103428096.0	268435456.0
103428096.0	268435456.0
103428096.0	268435456.0
103428096.0	268435456.0
103428096.0	268435456.0
103428096.0	268435456.0
103428096.0	268435456.0
103428096.0	268435456.0
103428096.0	268435456.0
103428096.0	268435456.0
103428096.0	268435456.0
103428096.0	268435456.0
103428096.0	268435456.0
103428096.0	268435456.0
103428096.0	268435456.0
103428096.0	268435456.0
103428096.0	268435456.0
103428096.0	268435456.0
103428096.0	268435456.0
103428096.0	268435456.0
103428096.0	268435456.0
103428096.0	268435456.0
103428096.0	268435456.0
103428096.0	268435456.0
103428096.0	268435456.0
103428096.0	268435456.0
103428096.0	268435456.0
103428096.0	268435456.0
103428096.0	268435456.0
103428096.0	268435456.0
103428096.0	268435456.0
103428096.0	268435456.0
103428096.0	268435456.0
135315456.0	268435456.0
173568000.0	268435456.0
185249792.0	268435456.0
189444096.0	268435456.0
199098368.0	268435456.0
200589312.0	268435456.0
103768064.0	268435456.0
103710720.0	268435456.0
103710720.0	268435456.0
103706624.0	268435456.0
103706624.0	268435456.0
103706624.0	268435456.0
103706624.0	268435456.0
103706624.0	268435456.0
103706624.0	268435456.0
103706624.0	268435456.0
103706624.0	268435456.0
103706624.0	268435456.0
103706624.0	268435456.0
103706624.0	268435456.0
103706624.0	268435456.0
103706624.0	268435456.0
103706624.0	268435456.0
103706624.0	268435456.0
103706624.0	268435456.0
103706624.0	268435456.0
103706624.0	268435456.0
103706624.0	268435456.0
103706624.0	268435456.0
103706624.0	268435456.0
103706624.0	268435456.0
103706624.0	268435456.0
103706624.0	268435456.0
103706624.0	268435456.0
103706624.0	268435456.0
103706624.0	268435456.0
103706624.0	268435456.0
