205205504.0	268435456.0
207843328.0	268435456.0
226680832.0	268435456.0
228122624.0	268435456.0
195059712.0	268435456.0
196345856.0	268435456.0
175095808.0	268435456.0
102481920.0	268435456.0
120074240.0	268435456.0
152530944.0	268435456.0
160313344.0	268435456.0
168390656.0	268435456.0
179380224.0	268435456.0
180678656.0	268435456.0
198729728.0	268435456.0
199983104.0	268435456.0
201162752.0	268435456.0
204406784.0	268435456.0
204292096.0	268435456.0
204292096.0	268435456.0
165548032.0	268435456.0
83222528.0	268435456.0
83222528.0	268435456.0
83222528.0	268435456.0
83222528.0	268435456.0
83222528.0	268435456.0
83222528.0	268435456.0
83222528.0	268435456.0
83222528.0	268435456.0
83222528.0	268435456.0
83222528.0	268435456.0
83222528.0	268435456.0
83222528.0	268435456.0
83222528.0	268435456.0
83222528.0	268435456.0
83222528.0	268435456.0
83222528.0	268435456.0
83222528.0	268435456.0
83222528.0	268435456.0
83222528.0	268435456.0
83222528.0	268435456.0
83222528.0	268435456.0
83222528.0	268435456.0
83222528.0	268435456.0
83222528.0	268435456.0
83222528.0	268435456.0
83222528.0	268435456.0
83222528.0	268435456.0
83222528.0	268435456.0
83222528.0	268435456.0
83222528.0	268435456.0
83222528.0	268435456.0
83222528.0	268435456.0
83222528.0	268435456.0
83222528.0	268435456.0
83222528.0	268435456.0
83222528.0	268435456.0
83222528.0	268435456.0
83222528.0	268435456.0
83222528.0	268435456.0
83222528.0	268435456.0
83222528.0	268435456.0
83222528.0	268435456.0
89325568.0	268435456.0
113836032.0	268435456.0
138428416.0	268435456.0
157614080.0	268435456.0
167165952.0	268435456.0
168345600.0	268435456.0
178155520.0	268435456.0
179466240.0	268435456.0
181510144.0	268435456.0
200609792.0	268435456.0
201760768.0	268435456.0
204382208.0	268435456.0
165138432.0	268435456.0
83861504.0	268435456.0
83816448.0	268435456.0
83816448.0	268435456.0
83816448.0	268435456.0
83816448.0	268435456.0
83816448.0	268435456.0
83816448.0	268435456.0
83816448.0	268435456.0
83816448.0	268435456.0
83816448.0	268435456.0
83816448.0	268435456.0
83816448.0	268435456.0
83816448.0	268435456.0
83816448.0	268435456.0
83816448.0	268435456.0
83816448.0	268435456.0
83816448.0	268435456.0
83816448.0	268435456.0
83816448.0	268435456.0
83816448.0	268435456.0
83816448.0	268435456.0
83816448.0	268435456.0
83816448.0	268435456.0
83816448.0	268435456.0
83816448.0	268435456.0
83816448.0	268435456.0
83816448.0	268435456.0
83816448.0	268435456.0
83816448.0	268435456.0
83816448.0	268435456.0
83816448.0	268435456.0
83816448.0	268435456.0
83816448.0	268435456.0
83816448.0	268435456.0
83816448.0	268435456.0
83816448.0	268435456.0
83816448.0	268435456.0
83816448.0	268435456.0
83816448.0	268435456.0
83816448.0	268435456.0
83816448.0	268435456.0
83816448.0	268435456.0
83816448.0	268435456.0
83816448.0	268435456.0
83816448.0	268435456.0
83816448.0	268435456.0
83816448.0	268435456.0
83816448.0	268435456.0
108666880.0	268435456.0
122544128.0	268435456.0
155688960.0	268435456.0
168022016.0	268435456.0
169586688.0	268435456.0
179265536.0	268435456.0
159457280.0	268435456.0
84213760.0	268435456.0
84213760.0	268435456.0
84213760.0	268435456.0
84213760.0	268435456.0
84213760.0	268435456.0
84213760.0	268435456.0
84213760.0	268435456.0
84213760.0	268435456.0
84213760.0	268435456.0
84213760.0	268435456.0
84213760.0	268435456.0
84213760.0	268435456.0
84213760.0	268435456.0
84213760.0	268435456.0
84213760.0	268435456.0
84213760.0	268435456.0
84213760.0	268435456.0
84213760.0	268435456.0
84213760.0	268435456.0
84213760.0	268435456.0
84213760.0	268435456.0
84213760.0	268435456.0
84213760.0	268435456.0
84213760.0	268435456.0
84213760.0	268435456.0
84213760.0	268435456.0
84213760.0	268435456.0
84213760.0	268435456.0
84213760.0	268435456.0
84213760.0	268435456.0
84213760.0	268435456.0
84213760.0	268435456.0
84213760.0	268435456.0
84213760.0	268435456.0
84213760.0	268435456.0
84213760.0	268435456.0
84213760.0	268435456.0
84213760.0	268435456.0
84213760.0	268435456.0
84213760.0	268435456.0
84213760.0	268435456.0
84213760.0	268435456.0
84213760.0	268435456.0
84213760.0	268435456.0
84213760.0	268435456.0
84213760.0	268435456.0
84213760.0	268435456.0
84213760.0	268435456.0
84213760.0	268435456.0
84213760.0	268435456.0
84213760.0	268435456.0
84213760.0	268435456.0
84213760.0	268435456.0
84213760.0	268435456.0
110571520.0	268435456.0
139792384.0	268435456.0
161013760.0	268435456.0
168341504.0	268435456.0
178544640.0	268435456.0
179986432.0	268435456.0
181628928.0	268435456.0
200728576.0	268435456.0
202563584.0	268435456.0
205512704.0	268435456.0
205512704.0	268435456.0
205512704.0	268435456.0
162377728.0	268435456.0
166555648.0	268435456.0
85147648.0	268435456.0
84979712.0	268435456.0
84979712.0	268435456.0
84979712.0	268435456.0
84979712.0	268435456.0
84979712.0	268435456.0
84856832.0	268435456.0
84856832.0	268435456.0
84856832.0	268435456.0
84856832.0	268435456.0
84856832.0	268435456.0
84856832.0	268435456.0
84856832.0	268435456.0
84856832.0	268435456.0
84856832.0	268435456.0
84856832.0	268435456.0
84856832.0	268435456.0
84856832.0	268435456.0
84856832.0	268435456.0
84856832.0	268435456.0
84856832.0	268435456.0
84856832.0	268435456.0
84856832.0	268435456.0
84856832.0	268435456.0
84856832.0	268435456.0
84856832.0	268435456.0
84856832.0	268435456.0
84856832.0	268435456.0
84856832.0	268435456.0
84856832.0	268435456.0
84856832.0	268435456.0
84856832.0	268435456.0
84856832.0	268435456.0
84856832.0	268435456.0
84856832.0	268435456.0
84856832.0	268435456.0
84856832.0	268435456.0
84856832.0	268435456.0
84856832.0	268435456.0
84856832.0	268435456.0
84856832.0	268435456.0
84856832.0	268435456.0
84856832.0	268435456.0
84856832.0	268435456.0
84856832.0	268435456.0
122462208.0	268435456.0
157319168.0	268435456.0
162811904.0	268435456.0
170139648.0	268435456.0
171327488.0	268435456.0
181006336.0	268435456.0
182312960.0	268435456.0
183623680.0	268435456.0
202395648.0	268435456.0
203837440.0	268435456.0
204763136.0	268435456.0
176496640.0	268435456.0
85340160.0	268435456.0
85340160.0	268435456.0
85340160.0	268435456.0
85340160.0	268435456.0
85340160.0	268435456.0
85340160.0	268435456.0
85340160.0	268435456.0
85340160.0	268435456.0
85340160.0	268435456.0
85340160.0	268435456.0
85340160.0	268435456.0
85340160.0	268435456.0
85340160.0	268435456.0
85340160.0	268435456.0
85340160.0	268435456.0
85340160.0	268435456.0
85340160.0	268435456.0
85340160.0	268435456.0
85340160.0	268435456.0
85340160.0	268435456.0
85340160.0	268435456.0
85340160.0	268435456.0
85340160.0	268435456.0
85340160.0	268435456.0
85340160.0	268435456.0
85340160.0	268435456.0
85340160.0	268435456.0
85340160.0	268435456.0
85340160.0	268435456.0
85340160.0	268435456.0
85340160.0	268435456.0
85340160.0	268435456.0
85340160.0	268435456.0
85340160.0	268435456.0
85340160.0	268435456.0
85340160.0	268435456.0
85340160.0	268435456.0
85340160.0	268435456.0
85340160.0	268435456.0
85340160.0	268435456.0
85340160.0	268435456.0
85340160.0	268435456.0
85340160.0	268435456.0
85340160.0	268435456.0
