30000000,1027326,1642191027022811
30000000,1034460,1642191027121692
30000000,8228759,1642191027421919
30000000,3139808,1642191027518686
30000000,1027658,1642191027622034
30000000,2139258,1642191027821813
30000000,7322942,1642191027917836
30000000,1032032,1642191028021370
30000000,1034629,1642191028121737
30000000,9362593,1642191028421736
30000000,4175812,1642191028521412
30000000,1027160,1642191028618448
30000000,2116666,1642191028822372
30000000,6158182,1642191028922091
30000000,1034446,1642191029021672
30000000,1027437,1642191029117954
30000000,8326753,1642191029421307
30000000,3107554,1642191029521875
30000000,1036783,1642191029621722
30000000,3066530,1642191029822250
30000000,8155818,1642191029922217
30000000,1029396,1642191030021792
30000000,1028827,1642191030121490
30000000,8252730,1642191030421905
30000000,3176594,1642191030521750
30000000,1021052,1642191030621346
30000000,2089892,1642191030821832
30000000,8220237,1642191030921444
30000000,1033743,1642191031022272
30000000,1025216,1642191031122074
30000000,8243685,1642191031421899
30000000,3165792,1642191031521660
30000000,1029296,1642191031621943
30000000,3069426,1642191031821548
30000000,8138367,1642191031921705
30000000,1018458,1642191032021752
30000000,1024948,1642191032122185
30000000,7304772,1642191032421900
30000000,3130235,1642191032521792
30000000,1015290,1642191032621334
30000000,2070687,1642191032822048
30000000,7207095,1642191032921745
30000000,1042203,1642191033022234
30000000,1015943,1642191033122281
30000000,8222962,1642191033421887
30000000,4132661,1642191033521808
30000000,1034622,1642191033621394
30000000,2105260,1642191033822239
30000000,8223751,1642191033917661
30000000,1031254,1642191034021663
30000000,1024562,1642191034121631
30000000,7169657,1642191034422349
30000000,3113790,1642191034517814
30000000,1026397,1642191034621166
30000000,3057453,1642191034821325
30000000,7214957,1642191034921753
30000000,1034299,1642191035021395
30000000,1029746,1642191035121343
30000000,9225292,1642191035422243
30000000,3136452,1642191035522281
30000000,1017300,1642191035621637
30000000,4044038,1642191035821193
30000000,8230843,1642191035917819
30000000,1038600,1642191036021897
30000000,1032753,1642191036122124
30000000,8206015,1642191036417543
30000000,3154086,1642191036522079
30000000,1025218,1642191036622394
30000000,2072387,1642191036822124
30000000,8229526,1642191036921933
30000000,1027899,1642191037021514
30000000,1026921,1642191037122012
30000000,8193946,1642191037422128
30000000,3127301,1642191037521977
30000000,1030924,1642191037622081
30000000,2074192,1642191037821979
30000000,8225426,1642191037918805
30000000,1076816,1642191038018941
30000000,1024968,1642191038121755
30000000,8504526,1642191038422183
30000000,4318501,1642191038521341
30000000,1033710,1642191038618382
30000000,2136645,1642191038818399
30000000,12205523,1642191038918273
30000000,1062032,1642191039017783
30000000,1030402,1642191039122377
30000000,8236686,1642191039422015
30000000,3127834,1642191039518060
30000000,1028926,1642191039621321
30000000,2084482,1642191039822345
30000000,8196455,1642191039921909
30000000,1027297,1642191040021937
30000000,1022131,1642191040117846
30000000,7195431,1642191040422168
30000000,3156081,1642191040521615
30000000,1029068,1642191040621797
30000000,2090350,1642191040817983
30000000,8175195,1642191040921437
30000000,1033763,1642191041021854
30000000,1024582,1642191041117985
30000000,8178337,1642191041417569
30000000,3118610,1642191041522279
30000000,1030648,1642191041622869
30000000,2071469,1642191041821801
30000000,8198414,1642191041921969
30000000,1033131,1642191042021075
30000000,1025643,1642191042121550
30000000,8216844,1642191042421909
30000000,3114247,1642191042517784
30000000,1027541,1642191042621571
30000000,2054173,1642191042822160
30000000,8199991,1642191042917684
30000000,1028434,1642191043021928
30000000,3015911,1642191043121351
30000000,8220474,1642191043421978
30000000,5189419,1642191043521785
30000000,1023083,1642191043621239
30000000,5027160,1642191043821929
30000000,8188944,1642191043921458
30000000,1020032,1642191044021561
30000000,1027154,1642191044122297
30000000,8180284,1642191044422101
30000000,3135235,1642191044521241
30000000,1019562,1642191044621583
30000000,2123916,1642191044821451
30000000,8176420,1642191044922014
30000000,1040677,1642191045021135
30000000,1024542,1642191045121468
30000000,8280325,1642191045421211
30000000,3173716,1642191045522091
30000000,1025272,1642191045621464
30000000,2084220,1642191045821775
30000000,8202512,1642191045921503
30000000,1019974,1642191046022045
30000000,1025199,1642191046122102
30000000,8291681,1642191046421187
30000000,3097846,1642191046520991
30000000,1029110,1642191046621544
30000000,2092826,1642191046822220
30000000,8194205,1642191046921664
30000000,1034351,1642191047022201
30000000,1029412,1642191047117772
30000000,7180013,1642191047421212
30000000,3150759,1642191047521705
30000000,1024564,1642191047617491
30000000,2048525,1642191047821625
30000000,7154044,1642191047922147
30000000,1019071,1642191048021347
30000000,1028564,1642191048121211
30000000,7319196,1642191048421649
30000000,4191616,1642191048521217
30000000,1030515,1642191048621514
30000000,2072098,1642191048821653
30000000,8268224,1642191048922105
30000000,1028957,1642191049017751
30000000,1026972,1642191049118662
30000000,8185964,1642191049420952
30000000,3136825,1642191049521183
30000000,1021844,1642191049621482
30000000,2080755,1642191049820947
30000000,7169956,1642191049921405
30000000,1024604,1642191050017187
30000000,1021781,1642191050121594
30000000,8248960,1642191050420959
30000000,3171286,1642191050521391
30000000,1029561,1642191050617158
30000000,3059381,1642191050822021
30000000,7198819,1642191050921313
30000000,1028100,1642191051021951
30000000,1030533,1642191051121647
30000000,8288279,1642191051417217
30000000,3131063,1642191051517442
30000000,1029932,1642191051621090
30000000,5087058,1642191051817962
30000000,8194425,1642191051921406
30000000,1074867,1642191052022104
30000000,1056125,1642191052121438
30000000,8179176,1642191052422217
30000000,3196640,1642191052521093
30000000,1022507,1642191052621716
30000000,2045197,1642191052821430
30000000,8199510,1642191052921044
30000000,1026667,1642191053022065
30000000,1023012,1642191053121552
30000000,8214479,1642191053422146
30000000,5298696,1642191053521298
30000000,1028006,1642191053622021
30000000,2079107,1642191053818155
30000000,7228178,1642191053921553
30000000,1029409,1642191054022236
30000000,1031279,1642191054121784
30000000,8216529,1642191054421407
30000000,3134296,1642191054521823
30000000,1028024,1642191054620916
30000000,3070533,1642191054817242
30000000,8171874,1642191054921943
30000000,1035844,1642191055021752
30000000,1026201,1642191055118254
30000000,6144382,1642191055420932
30000000,3180584,1642191055521404
30000000,1033605,1642191055621226
30000000,2128678,1642191055818323
30000000,8312609,1642191055920820
30000000,1034743,1642191056021658
30000000,1026464,1642191056121069
30000000,7170595,1642191056422050
30000000,3135077,1642191056521371
30000000,1026493,1642191056621415
30000000,2059287,1642191056817278
30000000,7213901,1642191056921683
30000000,1032352,1642191057021459
30000000,1036841,1642191057121800
30000000,8167198,1642191057422170
30000000,3121966,1642191057521856
30000000,1031106,1642191057622234
30000000,2075948,1642191057821780
30000000,8452628,1642191057917800
30000000,1031293,1642191058021777
30000000,1016855,1642191058120830
30000000,10187947,1642191058421438
30000000,4138388,1642191058521401
30000000,1022452,1642191058621402
30000000,2175630,1642191058821593
30000000,7299074,1642191058917806
30000000,1031723,1642191059021247
30000000,1023867,1642191059121086
30000000,10174638,1642191059421225
30000000,3170185,1642191059520965
30000000,1019896,1642191059621027
30000000,2098136,1642191059820890
30000000,8194269,1642191059921735
30000000,2028878,1642191060021744
30000000,1026613,1642191060121140
30000000,9173388,1642191060416934
30000000,3126827,1642191060520825
30000000,1016459,1642191060621022
30000000,2093140,1642191060821082
30000000,8181545,1642191060920736
30000000,1031038,1642191061020894
30000000,1070309,1642191061121596
30000000,8196026,1642191061421936
30000000,3116558,1642191061521311
30000000,1026263,1642191061621069
30000000,2091640,1642191061821675
30000000,8186472,1642191061917506
30000000,1026237,1642191062021215
30000000,1023873,1642191062121530
30000000,8242009,1642191062420940
30000000,3126725,1642191062520997
30000000,1032268,1642191062617674
30000000,2083743,1642191062821229
30000000,8161178,1642191062917479
30000000,1030314,1642191063021138
30000000,1023758,1642191063121251
30000000,9236644,1642191063420781
30000000,5200916,1642191063516975
30000000,1020528,1642191063620977
30000000,3068165,1642191063821598
30000000,7139101,1642191063921011
30000000,1029690,1642191064021308
30000000,1032501,1642191064120709
30000000,7156325,1642191064417648
30000000,3145382,1642191064517003
30000000,1028504,1642191064621475
30000000,2068729,1642191064816953
30000000,7168747,1642191064921060
30000000,1029846,1642191065021107
30000000,1030044,1642191065117791
30000000,7180864,1642191065421671
30000000,3128960,1642191065521139
30000000,1159336,1642191065625478
30000000,2150611,1642191065820838
30000000,8320180,1642191065917343
30000000,1031930,1642191066021198
30000000,1033996,1642191066121299
30000000,8253059,1642191066421201
30000000,3147414,1642191066517426
30000000,1029666,1642191066621305
30000000,2077044,1642191066821285
30000000,8186094,1642191066921191
30000000,1035015,1642191067020938
30000000,1026132,1642191067117582
30000000,7178896,1642191067421051
30000000,5125197,1642191067521264
30000000,1029050,1642191067621422
30000000,2119421,1642191067821772
30000000,6135284,1642191067921040
30000000,1044849,1642191068017278
30000000,1016836,1642191068120631
30000000,7299612,1642191068421706
30000000,4205300,1642191068521368
30000000,1027961,1642191068617374
30000000,2077965,1642191068820666
30000000,8228741,1642191068917254
30000000,1069743,1642191069020631
30000000,1020087,1642191069120825
30000000,8255116,1642191069421125
30000000,3114592,1642191069520933
30000000,1022990,1642191069621552
30000000,2113626,1642191069821126
30000000,8181714,1642191069921623
30000000,1018772,1642191070021363
30000000,1023084,1642191070117918
30000000,8230902,1642191070420962
30000000,3110974,1642191070520676
30000000,1029269,1642191070620759
30000000,2083174,1642191070821743
30000000,8224280,1642191070921279
30000000,1039259,1642191071020807
30000000,1072955,1642191071120902
30000000,7224587,1642191071421169
30000000,3162193,1642191071521631
30000000,1024037,1642191071621519
30000000,2084302,1642191071820675
30000000,8225728,1642191071921611
30000000,1034030,1642191072020831
30000000,1028487,1642191072120820
30000000,8198431,1642191072421471
30000000,3130756,1642191072520882
30000000,1027275,1642191072621845
30000000,2084099,1642191072821117
30000000,8273802,1642191072920753
30000000,1028406,1642191073021643
30000000,1032797,1642191073121492
30000000,9222691,1642191073421573
30000000,5190842,1642191073521514
30000000,1030871,1642191073621371
30000000,3074103,1642191073821413
30000000,8186731,1642191073920925
30000000,1034090,1642191074021486
30000000,1024189,1642191074120443
30000000,8237030,1642191074417639
30000000,3109712,1642191074517464
30000000,1025647,1642191074621159
30000000,1027477,1642191074821232
30000000,9297792,1642191074921067
30000000,1020298,1642191075021668
30000000,1073994,1642191075120705
30000000,8201821,1642191075421590
30000000,3118838,1642191075521371
30000000,1024093,1642191075620863
30000000,2030015,1642191075820697
30000000,9241271,1642191075921245
30000000,1036863,1642191076021086
30000000,1015927,1642191076121629
30000000,8215007,1642191076420462
30000000,3102936,1642191076520678
30000000,1032090,1642191076621468
30000000,1054479,1642191076816695
30000000,9330753,1642191076921151
30000000,1033853,1642191077021152
30000000,1025109,1642191077121831
30000000,8271580,1642191077421090
30000000,3152169,1642191077520989
30000000,1037064,1642191077617244
30000000,1058725,1642191077820682
30000000,10317204,1642191077921525
30000000,1031090,1642191078017822
30000000,1032416,1642191078121249
30000000,9275866,1642191078421182
30000000,4176016,1642191078517519
30000000,1024279,1642191078621475
30000000,1052544,1642191078821088
30000000,7256930,1642191078921751
30000000,1039633,1642191079020864
30000000,1022961,1642191079120920
30000000,6171286,1642191079421120
30000000,3196040,1642191079520978
30000000,1033037,1642191079620718
30000000,2032666,1642191079820952
30000000,8253230,1642191079920672
30000000,3019497,1642191080021349
30000000,1031323,1642191080121429
30000000,6120940,1642191080421064
30000000,2050304,1642191080520837
30000000,1031502,1642191080621451
30000000,1048213,1642191080821513
30000000,8168231,1642191080920633
30000000,1027745,1642191081020561
30000000,1066000,1642191081121634
30000000,5110240,1642191081420843
30000000,3125633,1642191081520846
30000000,1026490,1642191081620714
30000000,1058775,1642191081821258
30000000,6142939,1642191081921151
30000000,1026679,1642191082021363
30000000,1030597,1642191082120672
30000000,7180056,1642191082416636
30000000,3128184,1642191082521577
30000000,1064678,1642191082620943
30000000,1047428,1642191082824823
30000000,8254243,1642191082921079
30000000,1027920,1642191083017552
30000000,1032186,1642191083117289
30000000,6155600,1642191083421084
30000000,5173203,1642191083520749
30000000,1026714,1642191083618154
30000000,2039719,1642191083820957
30000000,7203569,1642191083921448
30000000,1034140,1642191084021634
30000000,1028837,1642191084121200
30000000,6181004,1642191084421335
30000000,2061936,1642191084520974
30000000,1026130,1642191084621429
30000000,1044361,1642191084816921
30000000,7180433,1642191084920314
30000000,1029493,1642191085016876
30000000,1035073,1642191085120915
30000000,6162373,1642191085420508
30000000,2068635,1642191085520726
30000000,1015345,1642191085621074
30000000,1051273,1642191085820909
30000000,7200892,1642191085921109
30000000,1030351,1642191086016679
30000000,1033989,1642191086120927
30000000,6168962,1642191086420536
30000000,3203991,1642191086520684
30000000,1030909,1642191086620540
30000000,1055500,1642191086816952
30000000,7168402,1642191086920888
30000000,1031428,1642191087020347
30000000,1031444,1642191087116660
30000000,6136466,1642191087421410
30000000,3136633,1642191087521075
30000000,1029370,1642191087617015
30000000,1055654,1642191087816839
30000000,7225952,1642191087920878
30000000,1083340,1642191088021003
30000000,1018380,1642191088120504
30000000,8261319,1642191088420820
30000000,4176713,1642191088521023
30000000,1028311,1642191088620912
30000000,1047511,1642191088821054
30000000,8243721,1642191088916526
30000000,1038059,1642191089017210
30000000,1029451,1642191089120671
30000000,7200991,1642191089417074
30000000,3222374,1642191089517487
30000000,1026518,1642191089620427
30000000,1051790,1642191089820862
30000000,8261289,1642191089920980
30000000,1034800,1642191090020820
30000000,1026914,1642191090120910
30000000,8312416,1642191090420762
30000000,3146089,1642191090520591
30000000,1030130,1642191090620630
30000000,1055615,1642191090820464
30000000,9275303,1642191090920711
30000000,1033228,1642191091025341
30000000,1026236,1642191091120817
30000000,8172998,1642191091416750
30000000,2082002,1642191091516664
30000000,1029978,1642191091616632
30000000,3053177,1642191091820745
30000000,8199759,1642191091920814
30000000,1023425,1642191092020878
30000000,1026866,1642191092120807
30000000,7194885,1642191092421396
30000000,2051003,1642191092520854
30000000,1029244,1642191092621410
30000000,1095406,1642191092821147
30000000,8302260,1642191092920395
30000000,1028987,1642191093021318
30000000,1036159,1642191093121164
30000000,9242426,1642191093421222
30000000,4165899,1642191093520506
30000000,1025433,1642191093620688
30000000,1021630,1642191093820835
30000000,9246578,1642191093920918
30000000,1028576,1642191094020490
30000000,1035844,1642191094120937
30000000,8256373,1642191094421695
30000000,3176807,1642191094520887
30000000,1015714,1642191094621242
30000000,1049289,1642191094817398
30000000,8215284,1642191094917600
30000000,1030084,1642191095016646
30000000,1027317,1642191095120615
30000000,8272717,1642191095421378
30000000,3119527,1642191095520866
30000000,1023846,1642191095621057
30000000,1104640,1642191095817631
30000000,9269034,1642191095920527
30000000,1034056,1642191096021143
30000000,1021149,1642191096121155
30000000,8255454,1642191096421029
30000000,4107416,1642191096521124
30000000,1070254,1642191096624776
30000000,1043699,1642191096817535
30000000,9226021,1642191096917644
30000000,1031368,1642191097021150
30000000,1023161,1642191097121302
30000000,8230731,1642191097420605
30000000,3116528,1642191097520341
30000000,1015884,1642191097620235
30000000,1047554,1642191097816585
30000000,7172393,1642191097921440
30000000,1025589,1642191098020584
30000000,1028633,1642191098120096
30000000,8212464,1642191098421315
30000000,4200070,1642191098521349
30000000,1029278,1642191098620498
30000000,1081060,1642191098820722
30000000,9218619,1642191098920429
30000000,1014867,1642191099020343
30000000,1015991,1642191099120878
30000000,8170520,1642191099420257
30000000,4082012,1642191099521227
30000000,1013499,1642191099621270
30000000,8314798,1642191099921209
30000000,2017648,1642191100020595
30000000,1016556,1642191100120022
30000000,7160330,1642191100421427
30000000,3119982,1642191100520625
30000000,1024360,1642191100620532
30000000,9391796,1642191100920854
30000000,1018555,1642191101021231
30000000,1028757,1642191101120489
30000000,8221582,1642191101420288
30000000,3125043,1642191101520816
30000000,1032106,1642191101621322
30000000,9299437,1642191101916503
30000000,1029442,1642191102021313
30000000,1036627,1642191102120318
30000000,8209069,1642191102420750
30000000,3126689,1642191102520321
30000000,1035488,1642191102620745
30000000,10563573,1642191102916231
30000000,1030599,1642191103021190
30000000,1034796,1642191103120526
30000000,7173472,1642191103420362
30000000,5169879,1642191103520398
30000000,1026135,1642191103620579
30000000,8187995,1642191103920884
30000000,1025602,1642191104020774
30000000,1029220,1642191104121056
30000000,7168969,1642191104420845
30000000,3154100,1642191104520493
30000000,1018884,1642191104617096
30000000,10289020,1642191104920698
30000000,1024894,1642191105016756
30000000,1030816,1642191105120178
30000000,8198110,1642191105421382
30000000,3135952,1642191105520676
30000000,1020044,1642191105620715
30000000,10262112,1642191105920131
30000000,1026128,1642191106020530
30000000,1023736,1642191106120474
30000000,8202125,1642191106420323
30000000,3167124,1642191106521431
30000000,1025737,1642191106621316
30000000,8341131,1642191106917174
30000000,1029553,1642191107020481
30000000,1034109,1642191107117426
30000000,8243789,1642191107420908
30000000,3118219,1642191107520635
30000000,1072732,1642191107620041
30000000,10310791,1642191107920198
30000000,1033806,1642191108016646
30000000,1036671,1642191108120221
30000000,9272580,1642191108420299
30000000,4165951,1642191108520576
30000000,2033438,1642191108620392
30000000,9311846,1642191108920582
30000000,1029370,1642191109020222
30000000,1033955,1642191109120623
30000000,8283689,1642191109420557
30000000,3205803,1642191109520194
30000000,1033552,1642191109620052
30000000,9265836,1642191109917195
30000000,1013236,1642191110020189
30000000,1032220,1642191110120772
30000000,8284023,1642191110416663
30000000,3143609,1642191110517313
30000000,1024496,1642191110620301
30000000,9295692,1642191110916579
30000000,1035629,1642191111020886
30000000,1035333,1642191111116875
30000000,8308099,1642191111420701
30000000,3143746,1642191111517245
30000000,1033172,1642191111620596
30000000,9384939,1642191111919898
30000000,1072514,1642191112020573
30000000,1040623,1642191112120329
30000000,8335690,1642191112421113
30000000,3143313,1642191112517404
30000000,1031433,1642191112617386
30000000,9301710,1642191112920770
30000000,1016616,1642191113017039
30000000,1023689,1642191113116614
30000000,8298747,1642191113416399
30000000,4174195,1642191113519791
30000000,1073323,1642191113617127
30000000,9205900,1642191113923929
30000000,1027030,1642191114020247
30000000,1020179,1642191114120150
30000000,7251891,1642191114420834
30000000,3139820,1642191114520187
30000000,1022869,1642191114620485
30000000,9302484,1642191114919981
30000000,1022353,1642191115020301
30000000,1077238,1642191115120397
30000000,7208988,1642191115420416
30000000,3117116,1642191115520744
30000000,1030445,1642191115620074
30000000,9264667,1642191115920616
30000000,2026995,1642191116020538
30000000,1074996,1642191116120904
30000000,8222299,1642191116419905
30000000,3207655,1642191116520794
30000000,1025908,1642191116620617
30000000,10313058,1642191116923062
30000000,1032440,1642191117016605
30000000,1035573,1642191117119867
30000000,8270358,1642191117420051
30000000,3169958,1642191117520429
30000000,1026323,1642191117616489
30000000,8259352,1642191117920632
30000000,1033656,1642191118016846
30000000,1035567,1642191118120628
30000000,9272148,1642191118416409
30000000,4161539,1642191118520416
30000000,1036315,1642191118620598
30000000,10293844,1642191118916632
30000000,1031661,1642191119020903
30000000,1032412,1642191119120750
30000000,8299177,1642191119420272
30000000,3115085,1642191119520087
30000000,1032048,1642191119619913
30000000,8274459,1642191119919786
30000000,1025293,1642191120020146
30000000,1035596,1642191120120730
30000000,8246189,1642191120420273
30000000,3215281,1642191120520771
30000000,1028679,1642191120620373
30000000,10464156,1642191120920041
30000000,1034250,1642191121016264
30000000,1037705,1642191121120093
30000000,8356485,1642191121419769
30000000,3123510,1642191121519745
30000000,1035407,1642191121620201
30000000,11303730,1642191121920044
30000000,1028528,1642191122017056
30000000,1032101,1642191122120378
30000000,8221815,1642191122419953
30000000,3182715,1642191122520697
30000000,1037333,1642191122616398
30000000,9272014,1642191122920439
30000000,1032103,1642191123021000
30000000,1036402,1642191123116641
30000000,9278457,1642191123416774
30000000,5213520,1642191123516815
30000000,1037932,1642191123619992
30000000,8336690,1642191123916490
30000000,1035387,1642191124016081
30000000,1027256,1642191124120870
30000000,9220543,1642191124415888
30000000,3173375,1642191124519917
30000000,1032382,1642191124616031
30000000,8231701,1642191124916175
30000000,1034094,1642191125016359
30000000,1039348,1642191125117065
30000000,7196204,1642191125416344
30000000,3153717,1642191125520032
30000000,1038726,1642191125620455
30000000,10289391,1642191125920328
30000000,1030417,1642191126020710
30000000,1039252,1642191126116260
30000000,8216771,1642191126416915
30000000,3149817,1642191126520375
30000000,1054636,1642191126616318
30000000,9294659,1642191126920452
30000000,1077394,1642191127017040
30000000,1038837,1642191127116171
30000000,8272564,1642191127419990
30000000,3134846,1642191127517126
30000000,1036837,1642191127619963
30000000,9313040,1642191127916883
30000000,1030517,1642191128020312
30000000,1023596,1642191128119792
30000000,9346669,1642191128420375
30000000,4173843,1642191128520385
30000000,1026447,1642191128619561
30000000,11271552,1642191128916599
30000000,1023955,1642191129016991
30000000,1020707,1642191129119838
30000000,7244496,1642191129416689
30000000,3108017,1642191129520103
30000000,1024539,1642191129616297
30000000,10189459,1642191129920199
30000000,1026766,1642191130020489
30000000,1031411,1642191130119945
30000000,7202579,1642191130420105
30000000,3104929,1642191130520242
30000000,1020134,1642191130619962
30000000,8198669,1642191130923524
30000000,1027635,1642191131016090
30000000,1027723,1642191131116637
30000000,7174027,1642191131420258
30000000,3102657,1642191131520425
30000000,1026823,1642191131620612
30000000,9263546,1642191131920595
30000000,1025580,1642191132020434
30000000,1027474,1642191132120766
30000000,8287578,1642191132420229
30000000,3127279,1642191132520393
30000000,1029755,1642191132615868
30000000,13294671,1642191132920786
30000000,1027231,1642191133016115
30000000,1021556,1642191133119777
30000000,9259444,1642191133420339
30000000,5190089,1642191133519753
30000000,1037533,1642191133619973
30000000,10386675,1642191133915646
30000000,1031377,1642191134020238
30000000,1042223,1642191134120064
30000000,8256558,1642191134420647
30000000,3191001,1642191134520754
30000000,1038985,1642191134619720
30000000,10322987,1642191134919868
30000000,1035074,1642191135019721
30000000,1038964,1642191135119912
30000000,7217397,1642191135419688
30000000,3139591,1642191135519619
30000000,1039428,1642191135615817
30000000,10435968,1642191135920686
30000000,1034897,1642191136015841
30000000,1038192,1642191136120028
30000000,8257744,1642191136419770
30000000,3141762,1642191136519851
30000000,1038742,1642191136619973
30000000,10360647,1642191136919867
30000000,1034388,1642191137016040
30000000,1027399,1642191137120208
30000000,8306302,1642191137415785
30000000,3207625,1642191137519624
30000000,1040014,1642191137619428
30000000,10335408,1642191137919977
30000000,1034721,1642191138015785
30000000,1038614,1642191138116580
30000000,8300917,1642191138419463
30000000,5165818,1642191138519800
30000000,1039021,1642191138619858
30000000,9368702,1642191138916742
30000000,1030154,1642191139019887
30000000,1038126,1642191139120031
30000000,8213656,1642191139415809
30000000,3179351,1642191139520305
30000000,1040665,1642191139619520
30000000,9273095,1642191139919395
30000000,1035134,1642191140020500
30000000,1028843,1642191140116462
30000000,8291208,1642191140420442
30000000,3146093,1642191140519955
30000000,1039496,1642191140615646
30000000,10335361,1642191140920387
30000000,1032394,1642191141016474
30000000,1038878,1642191141116861
30000000,9242404,1642191141420009
30000000,6148532,1642191141519805
30000000,1038585,1642191141616803
30000000,10296491,1642191141920105
30000000,1034066,1642191142015954
30000000,1040335,1642191142119891
30000000,8285386,1642191142419700
30000000,3167656,1642191142520041
30000000,1039207,1642191142620071
30000000,10291556,1642191142920236
30000000,1030327,1642191143020114
30000000,1039901,1642191143119639
30000000,8482061,1642191143423634
30000000,5217783,1642191143519223
30000000,1030757,1642191143615580
30000000,10341068,1642191143915885
30000000,1034859,1642191144020339
30000000,1035162,1642191144119270
30000000,7176791,1642191144419846
30000000,3143079,1642191144519477
30000000,1037056,1642191144619968
30000000,9214776,1642191144915686
30000000,1035272,1642191145020108
30000000,2028230,1642191145119806
30000000,7184845,1642191145419600
30000000,3122156,1642191145519814
30000000,1026853,1642191145619848
30000000,8183523,1642191145919865
30000000,1029194,1642191146019896
30000000,1029269,1642191146119712
30000000,7157872,1642191146420364
30000000,4111404,1642191146519716
30000000,1027568,1642191146619536
30000000,8245696,1642191146919567
30000000,1029771,1642191147019982
30000000,1029781,1642191147119857
30000000,8185678,1642191147419343
30000000,2102029,1642191147519818
30000000,2073408,1642191147616152
30000000,9369865,1642191147919745
30000000,2053528,1642191148119633
30000000,9231411,1642191148420011
30000000,3159354,1642191148519859
30000000,2054882,1642191148620167
30000000,10246609,1642191148915697
30000000,2063734,1642191149119414
30000000,8300666,1642191149420156
30000000,2106789,1642191149520676
30000000,2058440,1642191149619386
30000000,9265093,1642191149919676
30000000,2062613,1642191150119115
30000000,8229683,1642191150419664
30000000,2113488,1642191150515518
30000000,2065242,1642191150620145
30000000,10364053,1642191150920408
30000000,2065510,1642191151119614
30000000,8227322,1642191151419879
30000000,2107175,1642191151519755
30000000,2062107,1642191151620966
30000000,11273065,1642191151920063
