428756992	501049000
428756992	501049000
428756992	501049000
428756992	501049000
428756992	501049000
428756992	501049000
428756992	501049000
428756992	501049000
428756992	501049000
428756992	501049000
428756992	501049000
428756992	501049000
428756992	501049000
428756992	501049000
428756992	501049000
428888064	501049000
428888064	501049000
428888064	501049000
428888064	501049000
428888064	501049000
428888064	501049000
428765184	501049000
428765184	501049000
428765184	501049000
428765184	501049000
428765184	501049000
428769280	501049000
428769280	501049000
429830144	501049000
429658112	501049000
432680960	501049000
433094656	501049000
434503680	501049000
436105216	501049000
435449856	501049000
436256768	501049000
435896320	501049000
435896320	501049000
435896320	501049000
436469760	501049000
436105216	501049000
435986432	501049000
438800384	501049000
441110528	501049000
446758912	501049000
446377984	501049000
447676416	501049000
449200128	501049000
450785280	501049000
452362240	501049000
452980736	501049000
453574656	501049000
454971392	501049000
455192576	501049000
454213632	501049000
454922240	501049000
455004160	501049000
455602176	501049000
456146944	501049000
455471104	501049000
455507968	501049000
455348224	501049000
455380992	501049000
455991296	501049000
455880704	501049000
455770112	501049000
455770112	501049000
456040448	501049000
479514624	501049000
468930560	501049000
469049344	501049000
469737472	501049000
469553152	501049000
469581824	501049000
471609344	501049000
471609344	501049000
471609344	501049000
471740416	501049000
471646208	501049000
456720384	501049000
456773632	501049000
457244672	501049000
456871936	501049000
456871936	501049000
456871936	501049000
457003008	501049000
457003008	501049000
456876032	501049000
456876032	501049000
456876032	501049000
456880128	501049000
456916992	501049000
457158656	501049000
457240576	501049000
457113600	501049000
457113600	501049000
457113600	501049000
457113600	501049000
457113600	501049000
457113600	501049000
457113600	501049000
457113600	501049000
457113600	501049000
457113600	501049000
457113600	501049000
457113600	501049000
457113600	501049000
457113600	501049000
457113600	501049000
457113600	501049000
457113600	501049000
457113600	501049000
457113600	501049000
457113600	501049000
457113600	501049000
457113600	501049000
457113600	501049000
457113600	501049000
457113600	501049000
457113600	501049000
457113600	501049000
457113600	501049000
457113600	501049000
457113600	501049000
457113600	501049000
457113600	501049000
457113600	501049000
457113600	501049000
457113600	501049000
457113600	501049000
457113600	501049000
457113600	501049000
457117696	501049000
457117696	501049000
457117696	501049000
457117696	501049000
457117696	501049000
457117696	501049000
457117696	501049000
457117696	501049000
457117696	501049000
457117696	501049000
457117696	501049000
457117696	501049000
457117696	501049000
457117696	501049000
457117696	501049000
457117696	501049000
457117696	501049000
457117696	501049000
457248768	501049000
457121792	501049000
457121792	501049000
457252864	501049000
457261056	501049000
457138176	501049000
457281536	501049000
457420800	501049000
457457664	501049000
457236480	501049000
457428992	501049000
457695232	501049000
457465856	501049000
457756672	501049000
457707520	501049000
457752576	501049000
457654272	501049000
457785344	501049000
457662464	501049000
457662464	501049000
457662464	501049000
457666560	501049000
457826304	501049000
457986048	501049000
457961472	501049000
457834496	501049000
458764288	501049000
458203136	501049000
457957376	501049000
457957376	501049000
