40378368	268435456
36212736	268435456
36298752	268435456
37027840	268435456
137719808	268435456
42786816	268435456
42668032	268435456
38084608	268435456
37908480	268435456
38039552	268435456
38043648	268435456
40521728	268435456
149377024	268435456
43241472	268435456
41062400	268435456
41062400	268435456
40935424	268435456
40919040	268435456
40919040	268435456
41054208	268435456
40955904	268435456
40955904	268435456
43237376	268435456
41029632	268435456
41029632	268435456
41029632	268435456
41029632	268435456
41013248	268435456
41013248	268435456
41091072	268435456
41091072	268435456
41037824	268435456
41037824	268435456
41037824	268435456
41037824	268435456
41037824	268435456
41037824	268435456
41037824	268435456
41037824	268435456
41021440	268435456
41021440	268435456
41021440	268435456
41021440	268435456
41021440	268435456
41021440	268435456
41021440	268435456
41021440	268435456
41021440	268435456
41021440	268435456
41021440	268435456
41021440	268435456
41021440	268435456
41021440	268435456
41021440	268435456
41136128	268435456
41218048	268435456
41119744	268435456
41119744	268435456
41119744	268435456
41119744	268435456
41119744	268435456
41119744	268435456
41119744	268435456
38924288	268435456
38887424	268435456
38776832	268435456
38776832	268435456
38776832	268435456
38760448	268435456
141766656	268435456
139431936	268435456
43315200	268435456
44847104	268435456
42332160	268435456
42160128	268435456
42160128	268435456
42160128	268435456
42160128	268435456
42160128	268435456
42143744	268435456
42143744	268435456
42143744	268435456
42143744	268435456
42143744	268435456
42143744	268435456
42143744	268435456
42143744	268435456
42205184	268435456
42143744	268435456
42143744	268435456
42143744	268435456
42143744	268435456
42143744	268435456
42143744	268435456
42201088	268435456
42147840	268435456
42147840	268435456
42147840	268435456
42278912	268435456
42414080	268435456
42414080	268435456
42328064	268435456
42229760	268435456
42229760	268435456
42229760	268435456
42229760	268435456
42229760	268435456
42229760	268435456
42229760	268435456
42229760	268435456
42229760	268435456
42229760	268435456
42229760	268435456
42229760	268435456
42229760	268435456
42229760	268435456
42229760	268435456
41873408	268435456
143634432	268435456
110006272	268435456
43560960	268435456
43462656	268435456
43433984	268435456
45756416	268435456
43360256	268435456
43360256	268435456
43360256	268435456
43491328	268435456
43491328	268435456
43413504	268435456
43413504	268435456
43413504	268435456
43413504	268435456
43397120	268435456
43397120	268435456
43397120	268435456
43397120	268435456
43397120	268435456
43397120	268435456
43397120	268435456
43397120	268435456
43397120	268435456
43397120	268435456
43397120	268435456
43397120	268435456
43401216	268435456
43401216	268435456
43462656	268435456
43401216	268435456
43401216	268435456
43401216	268435456
43401216	268435456
43401216	268435456
43401216	268435456
43401216	268435456
43401216	268435456
43401216	268435456
43401216	268435456
43401216	268435456
43401216	268435456
45760512	268435456
43409408	268435456
43409408	268435456
43409408	268435456
43409408	268435456
43409408	268435456
43409408	268435456
43409408	268435456
43409408	268435456
43409408	268435456
43409408	268435456
43409408	268435456
43409408	268435456
43409408	268435456
43409408	268435456
43409408	268435456
43409408	268435456
43409408	268435456
43409408	268435456
43409408	268435456
43393024	268435456
43393024	268435456
43393024	268435456
45621248	268435456
43393024	268435456
45621248	268435456
43454464	268435456
43393024	268435456
43393024	268435456
43393024	268435456
43393024	268435456
43393024	268435456
43393024	268435456
43393024	268435456
43393024	268435456
43393024	268435456
43393024	268435456
43393024	268435456
43393024	268435456
43393024	268435456
43393024	268435456
45621248	268435456
43393024	268435456
43393024	268435456
41164800	268435456
41050112	268435456
144695296	268435456
48427008	268435456
41639936	268435456
41553920	268435456
41553920	268435456
41521152	268435456
41521152	268435456
41521152	268435456
41521152	268435456
152768512	268435456
44437504	268435456
44421120	268435456
44421120	268435456
44421120	268435456
44404736	268435456
44404736	268435456
44404736	268435456
44404736	268435456
44404736	268435456
44404736	268435456
44404736	268435456
44404736	268435456
44404736	268435456
44404736	268435456
44404736	268435456
44474368	268435456
44474368	268435456
44474368	268435456
44474368	268435456
44474368	268435456
44474368	268435456
44474368	268435456
44474368	268435456
44474368	268435456
44474368	268435456
44457984	268435456
44457984	268435456
44457984	268435456
44457984	268435456
44457984	268435456
44457984	268435456
44457984	268435456
44457984	268435456
44457984	268435456
44457984	268435456
44457984	268435456
44457984	268435456
44457984	268435456
44457984	268435456
44457984	268435456
44457984	268435456
44457984	268435456
44457984	268435456
44457984	268435456
44457984	268435456
