21069824	268435456
40804352	268435456
140029952	268435456
50323456	268435456
40402944	268435456
40161280	268435456
40488960	268435456
40562688	268435456
40562688	268435456
40628224	268435456
38420480	268435456
38359040	268435456
141221888	268435456
138932224	268435456
150536192	268435456
42123264	268435456
42115072	268435456
41979904	268435456
41979904	268435456
44724224	268435456
42012672	268435456
42012672	268435456
42012672	268435456
42012672	268435456
42012672	268435456
42012672	268435456
42012672	268435456
42012672	268435456
42012672	268435456
41996288	268435456
41996288	268435456
41996288	268435456
41996288	268435456
41996288	268435456
41996288	268435456
41996288	268435456
41996288	268435456
41996288	268435456
41996288	268435456
41996288	268435456
41996288	268435456
41996288	268435456
41996288	268435456
41996288	268435456
41996288	268435456
41996288	268435456
41996288	268435456
39886848	268435456
40366080	268435456
140029952	268435456
43163648	268435456
42807296	268435456
42266624	268435456
46366720	268435456
45879296	268435456
43499520	268435456
43499520	268435456
43360256	268435456
43261952	268435456
43401216	268435456
43405312	268435456
43225088	268435456
48467968	268435456
43290624	268435456
43290624	268435456
43261952	268435456
43261952	268435456
43261952	268435456
43261952	268435456
43261952	268435456
43261952	268435456
43261952	268435456
43245568	268435456
43245568	268435456
43245568	268435456
43245568	268435456
43245568	268435456
43372544	268435456
43372544	268435456
43245568	268435456
43245568	268435456
43245568	268435456
43245568	268435456
43245568	268435456
43245568	268435456
43245568	268435456
141078528	268435456
140967936	268435456
41222144	268435456
41144320	268435456
41144320	268435456
41127936	268435456
41127936	268435456
152363008	268435456
44146688	268435456
44138496	268435456
44044288	268435456
44023808	268435456
43982848	268435456
43888640	268435456
43888640	268435456
43888640	268435456
43888640	268435456
43872256	268435456
43872256	268435456
43872256	268435456
43872256	268435456
43872256	268435456
43872256	268435456
43872256	268435456
43872256	268435456
43872256	268435456
43872256	268435456
43872256	268435456
43872256	268435456
41648128	268435456
41603072	268435456
44224512	268435456
43728896	268435456
145330176	268435456
43311104	268435456
47915008	268435456
44896256	268435456
44777472	268435456
44777472	268435456
44765184	268435456
44765184	268435456
44765184	268435456
44765184	268435456
44765184	268435456
44765184	268435456
44765184	268435456
44765184	268435456
44765184	268435456
47669248	268435456
44802048	268435456
44802048	268435456
44802048	268435456
44802048	268435456
44802048	268435456
44802048	268435456
44802048	268435456
44802048	268435456
44802048	268435456
44785664	268435456
44785664	268435456
44785664	268435456
44785664	268435456
44785664	268435456
44785664	268435456
44785664	268435456
44785664	268435456
44785664	268435456
44785664	268435456
44785664	268435456
44785664	268435456
44785664	268435456
44785664	268435456
44785664	268435456
44785664	268435456
45047808	268435456
44875776	268435456
47276032	268435456
44949504	268435456
44834816	268435456
44834816	268435456
44834816	268435456
44834816	268435456
44834816	268435456
44834816	268435456
44834816	268435456
44834816	268435456
44834816	268435456
44834816	268435456
44834816	268435456
44834816	268435456
45096960	268435456
44834816	268435456
44834816	268435456
44834816	268435456
44834816	268435456
44818432	268435456
44818432	268435456
44818432	268435456
44818432	268435456
44818432	268435456
44818432	268435456
44818432	268435456
44818432	268435456
44818432	268435456
44818432	268435456
44818432	268435456
44818432	268435456
44818432	268435456
42688512	268435456
142909440	268435456
48271360	268435456
42991616	268435456
42872832	268435456
42856448	268435456
42856448	268435456
42856448	268435456
42856448	268435456
42856448	268435456
44187648	268435456
151408640	268435456
45670400	268435456
38313984	268435456
38313984	268435456
38313984	268435456
38313984	268435456
38313984	268435456
38420480	268435456
38326272	268435456
38326272	268435456
38309888	268435456
38428672	268435456
38330368	268435456
38330368	268435456
38330368	268435456
36982784	268435456
139452416	268435456
38662144	268435456
36155392	268435456
36155392	268435456
36155392	268435456
36139008	268435456
36139008	268435456
36483072	268435456
147263488	268435456
38932480	268435456
38907904	268435456
38907904	268435456
38907904	268435456
38891520	268435456
38891520	268435456
38891520	268435456
41644032	268435456
38998016	268435456
39555072	268435456
36671488	268435456
140136448	268435456
42094592	268435456
36872192	268435456
36872192	268435456
36872192	268435456
36872192	268435456
36872192	268435456
37650432	268435456
147869696	268435456
39542784	268435456
39497728	268435456
39497728	268435456
39497728	268435456
39481344	268435456
39337984	268435456
39337984	268435456
39337984	268435456
39337984	268435456
39337984	268435456
39337984	268435456
39337984	268435456
39395328	268435456
39395328	268435456
39395328	268435456
39395328	268435456
39395328	268435456
39395328	268435456
39395328	268435456
39395328	268435456
39395328	268435456
39395328	268435456
37408768	268435456
137248768	268435456
137097216	268435456
39653376	268435456
37040128	268435456
37040128	268435456
37023744	268435456
37023744	268435456
37023744	268435456
37023744	268435456
38801408	268435456
40239104	268435456
39886848	268435456
39886848	268435456
39792640	268435456
39673856	268435456
39657472	268435456
39657472	268435456
39673856	268435456
39673856	268435456
39673856	268435456
39673856	268435456
39673856	268435456
39657472	268435456
39657472	268435456
40050688	268435456
39915520	268435456
39682048	268435456
39682048	268435456
39682048	268435456
39682048	268435456
39682048	268435456
39682048	268435456
39682048	268435456
39682048	268435456
39665664	268435456
39665664	268435456
39665664	268435456
39665664	268435456
39665664	268435456
39665664	268435456
39665664	268435456
39665664	268435456
39665664	268435456
39665664	268435456
39665664	268435456
39665664	268435456
39665664	268435456
39665664	268435456
39665664	268435456
39665664	268435456
39665664	268435456
39665664	268435456
39665664	268435456
39665664	268435456
39665664	268435456
39665664	268435456
39665664	268435456
39665664	268435456
39665664	268435456
39665664	268435456
39665664	268435456
39665664	268435456
39665664	268435456
39665664	268435456
39665664	268435456
39665664	268435456
39665664	268435456
39665664	268435456
39665664	268435456
39665664	268435456
39649280	268435456
39649280	268435456
39649280	268435456
39649280	268435456
39649280	268435456
39649280	268435456
39649280	268435456
39649280	268435456
39649280	268435456
39649280	268435456
42401792	268435456
42115072	268435456
39751680	268435456
39751680	268435456
39751680	268435456
39751680	268435456
39751680	268435456
39751680	268435456
39657472	268435456
39657472	268435456
39657472	268435456
39657472	268435456
39657472	268435456
39657472	268435456
39657472	268435456
39657472	268435456
39657472	268435456
39657472	268435456
39657472	268435456
39657472	268435456
39657472	268435456
39657472	268435456
39657472	268435456
39657472	268435456
39657472	268435456
39657472	268435456
39657472	268435456
39657472	268435456
39657472	268435456
39657472	268435456
39657472	268435456
39657472	268435456
39657472	268435456
39657472	268435456
39657472	268435456
39657472	268435456
39657472	268435456
39657472	268435456
39657472	268435456
39657472	268435456
39657472	268435456
39657472	268435456
39657472	268435456
39657472	268435456
39657472	268435456
39657472	268435456
39657472	268435456
39657472	268435456
39657472	268435456
39657472	268435456
39657472	268435456
39657472	268435456
39657472	268435456
39657472	268435456
39657472	268435456
39657472	268435456
39657472	268435456
39657472	268435456
39657472	268435456
39657472	268435456
39657472	268435456
39657472	268435456
39657472	268435456
39657472	268435456
39657472	268435456
39657472	268435456
39657472	268435456
39657472	268435456
39657472	268435456
39657472	268435456
39657472	268435456
39657472	268435456
39657472	268435456
39657472	268435456
39657472	268435456
39657472	268435456
39657472	268435456
39657472	268435456
39657472	268435456
39657472	268435456
39657472	268435456
39657472	268435456
39657472	268435456
39657472	268435456
39657472	268435456
39657472	268435456
39657472	268435456
39657472	268435456
39657472	268435456
39657472	268435456
39657472	268435456
39657472	268435456
39657472	268435456
39657472	268435456
39657472	268435456
39657472	268435456
39657472	268435456
39657472	268435456
39657472	268435456
39657472	268435456
39657472	268435456
39657472	268435456
39657472	268435456
39657472	268435456
39657472	268435456
39657472	268435456
39657472	268435456
39657472	268435456
39657472	268435456
39657472	268435456
39657472	268435456
39657472	268435456
39657472	268435456
39657472	268435456
39657472	268435456
39657472	268435456
39657472	268435456
39657472	268435456
39657472	268435456
39657472	268435456
39657472	268435456
39657472	268435456
39657472	268435456
39657472	268435456
-1	-1
47947776	268435456
47833088	268435456
47833088	268435456
47833088	268435456
47837184	268435456
47837184	268435456
47837184	268435456
45572096	268435456
45572096	268435456
45469696	268435456
45453312	268435456
45453312	268435456
47689728	268435456
149028864	268435456
48103424	268435456
48078848	268435456
47968256	268435456
45768704	268435456
53010432	268435456
47972352	268435456
47939584	268435456
47935488	268435456
47935488	268435456
47919104	268435456
47935488	268435456
47935488	268435456
45559808	268435456
45662208	268435456
45584384	268435456
45568000	268435456
45568000	268435456
45568000	268435456
45568000	268435456
47976448	268435456
149069824	268435456
48128000	268435456
48185344	268435456
156803072	268435456
48635904	268435456
48439296	268435456
48373760	268435456
45920256	268435456
45854720	268435456
149516288	268435456
48750592	268435456
46387200	268435456
46227456	268435456
46227456	268435456
46227456	268435456
46227456	268435456
112177152	268435456
48734208	268435456
48734208	268435456
48668672	268435456
48668672	268435456
48652288	268435456
48816128	268435456
46473216	268435456
46473216	268435456
46473216	268435456
46473216	268435456
46456832	268435456
46358528	268435456
48787456	268435456
149798912	268435456
49016832	268435456
46481408	268435456
46481408	268435456
46481408	268435456
46444544	268435456
46444544	268435456
46444544	268435456
46444544	268435456
46444544	268435456
46444544	268435456
157487104	268435456
49000448	268435456
48943104	268435456
48943104	268435456
48943104	268435456
48926720	268435456
48926720	268435456
48926720	268435456
48926720	268435456
48943104	268435456
48943104	268435456
48943104	268435456
48943104	268435456
81108992	268435456
146444288	268435456
46694400	268435456
46403584	268435456
157126656	268435456
48865280	268435456
48840704	268435456
48824320	268435456
48762880	268435456
51384320	268435456
48975872	268435456
48861184	268435456
48861184	268435456
48779264	268435456
48783360	268435456
48783360	268435456
48783360	268435456
48783360	268435456
48783360	268435456
48766976	268435456
46407680	268435456
46407680	268435456
46407680	268435456
46407680	268435456
46407680	268435456
46391296	268435456
46391296	268435456
46391296	268435456
46391296	268435456
46391296	268435456
46391296	268435456
146665472	268435456
146657280	268435456
49012736	268435456
46727168	268435456
157622272	268435456
48975872	268435456
48943104	268435456
48943104	268435456
48943104	268435456
48943104	268435456
48943104	268435456
48943104	268435456
48943104	268435456
48943104	268435456
48943104	268435456
49074176	268435456
49074176	268435456
48959488	268435456
48959488	268435456
48959488	268435456
48943104	268435456
48943104	268435456
48959488	268435456
48574464	268435456
150097920	268435456
49618944	268435456
46907392	268435456
46874624	268435456
46874624	268435456
46874624	268435456
46874624	268435456
46821376	268435456
46821376	268435456
157798400	268435456
49573888	268435456
49451008	268435456
49287168	268435456
49287168	268435456
49270784	268435456
49270784	268435456
49270784	268435456
49319936	268435456
49303552	268435456
49303552	268435456
46927872	268435456
46927872	268435456
46911488	268435456
46911488	268435456
46911488	268435456
46911488	268435456
46911488	268435456
46911488	268435456
46911488	268435456
130445312	268435456
147087360	268435456
47165440	268435456
46993408	268435456
46993408	268435456
46977024	268435456
46977024	268435456
46977024	268435456
46977024	268435456
46977024	268435456
46977024	268435456
46977024	268435456
46977024	268435456
46977024	268435456
46977024	268435456
46977024	268435456
48689152	268435456
157806592	268435456
49475584	268435456
49475584	268435456
49418240	268435456
49418240	268435456
49401856	268435456
49401856	268435456
49401856	268435456
49401856	268435456
49418240	268435456
49418240	268435456
49418240	268435456
49418240	268435456
49418240	268435456
49401856	268435456
49401856	268435456
49401856	268435456
49401856	268435456
49401856	268435456
49401856	268435456
49401856	268435456
49401856	268435456
49401856	268435456
49418240	268435456
49418240	268435456
49418240	268435456
49418240	268435456
49709056	268435456
46944256	268435456
46944256	268435456
46944256	268435456
150716416	268435456
147181568	268435456
49860608	268435456
50077696	268435456
50380800	268435456
50188288	268435456
49864704	268435456
49717248	268435456
49717248	268435456
49717248	268435456
49717248	268435456
49717248	268435456
49733632	268435456
49733632	268435456
49733632	268435456
49733632	268435456
49733632	268435456
49717248	268435456
49717248	268435456
49717248	268435456
49852416	268435456
49852416	268435456
49852416	268435456
49852416	268435456
49852416	268435456
49721344	268435456
49741824	268435456
49741824	268435456
49741824	268435456
49741824	268435456
49741824	268435456
49741824	268435456
49741824	268435456
49741824	268435456
49741824	268435456
49741824	268435456
49725440	268435456
49725440	268435456
49725440	268435456
49725440	268435456
49725440	268435456
49725440	268435456
