0.0	1000.0
30729.0	1000.0
8359.0	31000.0
9902.0	31000.0
5724.0	31000.0
8950.0	31000.0
10849.0	31000.0
11066.0	31000.0
18658.0	31000.0
5969.0	31000.0
4792.0	31000.0
12249.0	31000.0
7625.0	31000.0
13529.0	31000.0
12997.0	31000.0
5387.0	31000.0
6518.0	31000.0
9517.0	31000.0
8160.0	31000.0
20760.0	31000.0
1369.0	31000.0
11146.0	31000.0
11621.0	31000.0
8330.0	31000.0
8492.0	31000.0
8714.0	31000.0
8593.0	31000.0
8382.0	31000.0
13269.0	31000.0
6267.0	31000.0
10608.0	31000.0
126127.0	31000.0
157328.0	127000.0
81017.0	158000.0
13574.0	158000.0
0.0	158000.0
0.0	158000.0
2886.0	158000.0
0.0	158000.0
183.0	158000.0
0.0	158000.0
0.0	158000.0
0.0	158000.0
0.0	158000.0
0.0	158000.0
0.0	158000.0
0.0	158000.0
2040.0	158000.0
0.0	158000.0
0.0	158000.0
0.0	158000.0
0.0	158000.0
5750.0	158000.0
49083.0	158000.0
129189.0	158000.0
5191.0	158000.0
3017.0	158000.0
2638.0	158000.0
0.0	158000.0
0.0	158000.0
0.0	158000.0
0.0	158000.0
0.0	158000.0
0.0	158000.0
0.0	158000.0
0.0	158000.0
0.0	158000.0
2316.0	158000.0
0.0	158000.0
0.0	158000.0
0.0	158000.0
0.0	158000.0
0.0	158000.0
11013.0	158000.0
86799.0	158000.0
526983.0	158000.0
704022.0	158000.0
929768.0	158000.0
1091395.0	158000.0
989705.0	158000.0
821645.0	158000.0
940785.0	158000.0
1066971.0	158000.0
1280659.0	158000.0
811271.0	158000.0
602281.0	158000.0
1029533.0	632000.0
1057121.0	632000.0
1076985.0	632000.0
1026662.0	632000.0
844971.0	632000.0
4525374.0	632000.0
4026986.0	632000.0
5360072.0	632000.0
5040157.0	632000.0
5149375.0	632000.0
3803115.0	632000.0
4668095.0	632000.0
6025729.0	632000.0
5245003.0	632000.0
5225970.0	632000.0
5985711.0	632000.0
5905055.0	632000.0
5632705.0	632000.0
4460952.0	632000.0
3175679.0	632000.0
2836534.0	632000.0
3542173.0	632000.0
3549824.0	632000.0
3869621.0	632000.0
3431121.0	632000.0
3530962.0	632000.0
3825504.0	632000.0
3587337.0	632000.0
3640725.0	632000.0
3734986.0	632000.0
3361272.0	632000.0
3550765.0	632000.0
3600459.0	632000.0
3702642.0	632000.0
3596870.0	632000.0
3618985.0	632000.0
3758850.0	632000.0
1940075.0	632000.0
3303987.0	632000.0
3537291.0	632000.0
3612574.0	632000.0
3769313.0	632000.0
3693060.0	632000.0
3574519.0	632000.0
3442960.0	632000.0
3522777.0	632000.0
3743279.0	632000.0
3819192.0	632000.0
3622775.0	632000.0
3507672.0	632000.0
3468800.0	632000.0
3602847.0	632000.0
3497477.0	632000.0
214131.0	430000.0
0.0	430000.0
0.0	430000.0
194153.0	430000.0
1402758.0	430000.0
1528574.0	430000.0
1549887.0	430000.0
1436198.0	430000.0
1444694.0	430000.0
1404558.0	430000.0
1434794.0	430000.0
1618652.0	430000.0
1487920.0	430000.0
1471749.0	430000.0
1622075.0	430000.0
1568810.0	430000.0
1528447.0	430000.0
1453301.0	430000.0
1555764.0	430000.0
1906025.0	430000.0
4000428.0	430000.0
3939159.0	430000.0
3885067.0	430000.0
4232356.0	430000.0
3962576.0	430000.0
4204686.0	430000.0
4053629.0	430000.0
4058632.0	430000.0
4044805.0	430000.0
4065040.0	430000.0
4119693.0	430000.0
3473947.0	430000.0
3352369.0	430000.0
3833937.0	430000.0
3600630.0	430000.0
3687427.0	430000.0
3560708.0	430000.0
3325919.0	430000.0
3382772.0	430000.0
28192.0	430000.0
0.0	430000.0
