108908544	268435456
108802048	268435456
108802048	268435456
108802048	268435456
108802048	268435456
108802048	268435456
108802048	268435456
122568704	268435456
163811328	268435456
178552832	268435456
194740224	268435456
207540224	268435456
228474880	268435456
192163840	268435456
109166592	268435456
109166592	268435456
109166592	268435456
109166592	268435456
109166592	268435456
109166592	268435456
109166592	268435456
109166592	268435456
109166592	268435456
109166592	268435456
109166592	268435456
109166592	268435456
109166592	268435456
109166592	268435456
109166592	268435456
109166592	268435456
109166592	268435456
109166592	268435456
109166592	268435456
109166592	268435456
109166592	268435456
109166592	268435456
109166592	268435456
109166592	268435456
109166592	268435456
109166592	268435456
109166592	268435456
109166592	268435456
109166592	268435456
109166592	268435456
109166592	268435456
109166592	268435456
109166592	268435456
109166592	268435456
109166592	268435456
109166592	268435456
109166592	268435456
109166592	268435456
109166592	268435456
109166592	268435456
109166592	268435456
109166592	268435456
109166592	268435456
109166592	268435456
109166592	268435456
109166592	268435456
109166592	268435456
109166592	268435456
109166592	268435456
109166592	268435456
109166592	268435456
109166592	268435456
109166592	268435456
109166592	268435456
157650944	268435456
185602048	268435456
203632640	268435456
224276480	268435456
227233792	268435456
199479296	268435456
109338624	268435456
109338624	268435456
109338624	268435456
109338624	268435456
109338624	268435456
109338624	268435456
109338624	268435456
109338624	268435456
109338624	268435456
109338624	268435456
109338624	268435456
109338624	268435456
109338624	268435456
109338624	268435456
109338624	268435456
109338624	268435456
109338624	268435456
109338624	268435456
109338624	268435456
109338624	268435456
109338624	268435456
109338624	268435456
109338624	268435456
109338624	268435456
109338624	268435456
109338624	268435456
109338624	268435456
109338624	268435456
109338624	268435456
109338624	268435456
109338624	268435456
109338624	268435456
109338624	268435456
109338624	268435456
109338624	268435456
109338624	268435456
109338624	268435456
109338624	268435456
109338624	268435456
109338624	268435456
109338624	268435456
109338624	268435456
109338624	268435456
109338624	268435456
109338624	268435456
109338624	268435456
109338624	268435456
109338624	268435456
109338624	268435456
109338624	268435456
109338624	268435456
109338624	268435456
109338624	268435456
109338624	268435456
136273920	268435456
180736000	268435456
204021760	268435456
225484800	268435456
230289408	268435456
187379712	268435456
109858816	268435456
109858816	268435456
109858816	268435456
109858816	268435456
109858816	268435456
109858816	268435456
109858816	268435456
109858816	268435456
109858816	268435456
109858816	268435456
109858816	268435456
109858816	268435456
109858816	268435456
109858816	268435456
109858816	268435456
109858816	268435456
109858816	268435456
109858816	268435456
109858816	268435456
109858816	268435456
109858816	268435456
109858816	268435456
109858816	268435456
109858816	268435456
109858816	268435456
109858816	268435456
109858816	268435456
109858816	268435456
109858816	268435456
109858816	268435456
109858816	268435456
109858816	268435456
109858816	268435456
109858816	268435456
109858816	268435456
109858816	268435456
109858816	268435456
109858816	268435456
109858816	268435456
109858816	268435456
109858816	268435456
109858816	268435456
109858816	268435456
109858816	268435456
109858816	268435456
109858816	268435456
109858816	268435456
109858816	268435456
109858816	268435456
109858816	268435456
109858816	268435456
109858816	268435456
109858816	268435456
139554816	268435456
181252096	268435456
193892352	268435456
205275136	268435456
110206976	268435456
143355904	268435456
184438784	268435456
193720320	268435456
207679488	268435456
191471616	268435456
111046656	268435456
111022080	268435456
111022080	268435456
111022080	268435456
111022080	268435456
111022080	268435456
111022080	268435456
111022080	268435456
111022080	268435456
111022080	268435456
111022080	268435456
111022080	268435456
111022080	268435456
111022080	268435456
111022080	268435456
111022080	268435456
111022080	268435456
111022080	268435456
111022080	268435456
111022080	268435456
111022080	268435456
111022080	268435456
111022080	268435456
111022080	268435456
111022080	268435456
111022080	268435456
111022080	268435456
111022080	268435456
111022080	268435456
111022080	268435456
111022080	268435456
111022080	268435456
111022080	268435456
111022080	268435456
111022080	268435456
111022080	268435456
111022080	268435456
111022080	268435456
111022080	268435456
111022080	268435456
111022080	268435456
111022080	268435456
111022080	268435456
111022080	268435456
111022080	268435456
111022080	268435456
111022080	268435456
111022080	268435456
111022080	268435456
111022080	268435456
111022080	268435456
111022080	268435456
111022080	268435456
111022080	268435456
111022080	268435456
111022080	268435456
111022080	268435456
111022080	268435456
111022080	268435456
111022080	268435456
111022080	268435456
111022080	268435456
111022080	268435456
111022080	268435456
111022080	268435456
111022080	268435456
111022080	268435456
111022080	268435456
111022080	268435456
111022080	268435456
111022080	268435456
111022080	268435456
111022080	268435456
111022080	268435456
111022080	268435456
111022080	268435456
111022080	268435456
111022080	268435456
111022080	268435456
111022080	268435456
111022080	268435456
111022080	268435456
111022080	268435456
111022080	268435456
111022080	268435456
111022080	268435456
111022080	268435456
111022080	268435456
111022080	268435456
111022080	268435456
111022080	268435456
111022080	268435456
111022080	268435456
111022080	268435456
111022080	268435456
111022080	268435456
111022080	268435456
111022080	268435456
111022080	268435456
111022080	268435456
111022080	268435456
111022080	268435456
111022080	268435456
