224448512	268435456
132665344	268435456
190738432	268435456
210800640	268435456
232505344	268435456
236044288	268435456
117026816	268435456
171831296	268435456
171864064	268435456
186462208	268435456
203264000	268435456
216772608	268435456
117022720	268435456
150777856	268435456
191205376	268435456
210739200	268435456
231788544	268435456
193675264	268435456
117534720	268435456
117534720	268435456
117403648	268435456
117395456	268435456
117395456	268435456
117395456	268435456
117395456	268435456
117395456	268435456
117395456	268435456
117334016	268435456
117272576	268435456
117248000	268435456
117248000	268435456
117248000	268435456
117248000	268435456
117248000	268435456
117248000	268435456
117248000	268435456
117215232	268435456
117215232	268435456
117215232	268435456
117215232	268435456
117215232	268435456
117215232	268435456
117215232	268435456
117215232	268435456
117215232	268435456
117215232	268435456
117215232	268435456
117215232	268435456
117215232	268435456
117215232	268435456
117215232	268435456
117215232	268435456
117215232	268435456
117215232	268435456
117215232	268435456
117215232	268435456
117215232	268435456
117215232	268435456
117215232	268435456
117215232	268435456
117215232	268435456
117215232	268435456
117215232	268435456
117215232	268435456
117215232	268435456
172224512	268435456
201428992	268435456
213413888	268435456
129318912	268435456
172367872	268435456
202354688	268435456
214736896	268435456
234733568	268435456
239169536	268435456
208343040	268435456
117395456	268435456
117395456	268435456
117395456	268435456
117395456	268435456
117395456	268435456
117395456	268435456
117395456	268435456
117395456	268435456
117395456	268435456
117395456	268435456
117395456	268435456
117395456	268435456
117395456	268435456
117395456	268435456
117395456	268435456
117395456	268435456
117395456	268435456
117395456	268435456
117395456	268435456
117395456	268435456
117395456	268435456
117395456	268435456
117395456	268435456
117395456	268435456
117395456	268435456
117395456	268435456
117395456	268435456
117395456	268435456
117395456	268435456
117395456	268435456
117395456	268435456
117395456	268435456
117395456	268435456
117395456	268435456
117395456	268435456
117395456	268435456
117395456	268435456
117395456	268435456
117395456	268435456
117395456	268435456
117395456	268435456
117395456	268435456
117395456	268435456
117395456	268435456
117395456	268435456
117395456	268435456
117395456	268435456
117395456	268435456
117395456	268435456
117395456	268435456
172449792	268435456
195137536	268435456
214097920	268435456
234930176	268435456
236650496	268435456
199938048	268435456
136327168	268435456
172838912	268435456
199319552	268435456
213725184	268435456
234131456	268435456
236625920	268435456
200691712	268435456
118136832	268435456
117956608	268435456
117956608	268435456
117956608	268435456
117956608	268435456
117956608	268435456
117956608	268435456
117956608	268435456
117956608	268435456
117956608	268435456
117956608	268435456
117956608	268435456
117956608	268435456
117956608	268435456
117956608	268435456
117956608	268435456
117956608	268435456
117956608	268435456
117956608	268435456
117956608	268435456
117956608	268435456
117956608	268435456
117956608	268435456
117956608	268435456
117956608	268435456
117956608	268435456
117956608	268435456
117956608	268435456
117956608	268435456
117956608	268435456
117956608	268435456
117956608	268435456
117956608	268435456
117956608	268435456
117956608	268435456
117956608	268435456
117956608	268435456
117956608	268435456
117956608	268435456
117956608	268435456
117956608	268435456
117956608	268435456
117956608	268435456
117956608	268435456
117956608	268435456
117956608	268435456
117956608	268435456
172961792	268435456
192557056	268435456
203157504	268435456
213757952	268435456
216920064	268435456
200183808	268435456
138915840	268435456
187564032	268435456
203202560	268435456
214147072	268435456
234266624	268435456
239128576	268435456
195776512	268435456
118538240	268435456
118448128	268435456
118448128	268435456
118427648	268435456
118427648	268435456
118419456	268435456
118419456	268435456
118419456	268435456
118419456	268435456
118419456	268435456
118419456	268435456
118419456	268435456
118419456	268435456
118419456	268435456
118419456	268435456
118419456	268435456
118419456	268435456
118419456	268435456
118419456	268435456
118419456	268435456
118419456	268435456
118419456	268435456
118419456	268435456
118419456	268435456
118419456	268435456
118419456	268435456
118419456	268435456
118419456	268435456
118419456	268435456
118419456	268435456
118419456	268435456
118419456	268435456
118419456	268435456
118419456	268435456
118419456	268435456
118419456	268435456
118419456	268435456
118419456	268435456
118419456	268435456
118419456	268435456
118419456	268435456
118419456	268435456
118419456	268435456
118419456	268435456
118419456	268435456
118419456	268435456
133820416	268435456
173490176	268435456
201121792	268435456
212115456	268435456
232873984	268435456
237416448	268435456
207659008	268435456
118706176	268435456
118640640	268435456
118640640	268435456
118640640	268435456
118640640	268435456
118640640	268435456
118640640	268435456
118640640	268435456
118640640	268435456
118640640	268435456
118640640	268435456
118640640	268435456
118640640	268435456
118640640	268435456
118640640	268435456
118640640	268435456
118640640	268435456
118640640	268435456
118640640	268435456
118640640	268435456
118640640	268435456
118640640	268435456
118640640	268435456
118640640	268435456
118640640	268435456
118640640	268435456
118640640	268435456
118640640	268435456
118640640	268435456
118640640	268435456
118640640	268435456
118640640	268435456
118640640	268435456
118640640	268435456
118640640	268435456
118640640	268435456
118640640	268435456
118640640	268435456
118640640	268435456
118640640	268435456
118640640	268435456
118640640	268435456
118640640	268435456
118640640	268435456
118640640	268435456
118640640	268435456
118640640	268435456
118640640	268435456
118640640	268435456
