192110592	268435456
211865600	268435456
233062400	268435456
197369856	268435456
133935104	268435456
170496000	268435456
187351040	268435456
211816448	268435456
232337408	268435456
234106880	268435456
204763136	268435456
150253568	268435456
193392640	268435456
213635072	268435456
235597824	268435456
199696384	268435456
116359168	268435456
116359168	268435456
116359168	268435456
116359168	268435456
116359168	268435456
116359168	268435456
116359168	268435456
116359168	268435456
116359168	268435456
116359168	268435456
116359168	268435456
116359168	268435456
116359168	268435456
116359168	268435456
116359168	268435456
116359168	268435456
116359168	268435456
116359168	268435456
116359168	268435456
116359168	268435456
116359168	268435456
116359168	268435456
116359168	268435456
116359168	268435456
116359168	268435456
116359168	268435456
116359168	268435456
116359168	268435456
116359168	268435456
116359168	268435456
116359168	268435456
116359168	268435456
116359168	268435456
116359168	268435456
116359168	268435456
116359168	268435456
116359168	268435456
116359168	268435456
116359168	268435456
116359168	268435456
116359168	268435456
116359168	268435456
116359168	268435456
116359168	268435456
116359168	268435456
116359168	268435456
116359168	268435456
116359168	268435456
136392704	268435456
186286080	268435456
200638464	268435456
212414464	268435456
233201664	268435456
237957120	268435456
194699264	268435456
135942144	268435456
171892736	268435456
193847296	268435456
211763200	268435456
233353216	268435456
238706688	268435456
117256192	268435456
117141504	268435456
117141504	268435456
117141504	268435456
117125120	268435456
117125120	268435456
117125120	268435456
117125120	268435456
117125120	268435456
117121024	268435456
117121024	268435456
117121024	268435456
117121024	268435456
117121024	268435456
117108736	268435456
117108736	268435456
117108736	268435456
117108736	268435456
117108736	268435456
117108736	268435456
117108736	268435456
117108736	268435456
117108736	268435456
117108736	268435456
117108736	268435456
117108736	268435456
117108736	268435456
117108736	268435456
117108736	268435456
117108736	268435456
117108736	268435456
117108736	268435456
117108736	268435456
117108736	268435456
117108736	268435456
117108736	268435456
117108736	268435456
117108736	268435456
117108736	268435456
117108736	268435456
117108736	268435456
117108736	268435456
117108736	268435456
117108736	268435456
117108736	268435456
117108736	268435456
117108736	268435456
149192704	268435456
193691648	268435456
211496960	268435456
192835584	268435456
147128320	268435456
193744896	268435456
213110784	268435456
234946560	268435456
238370816	268435456
135823360	268435456
188309504	268435456
212766720	268435456
200486912	268435456
118280192	268435456
118169600	268435456
118046720	268435456
118038528	268435456
118038528	268435456
118038528	268435456
118038528	268435456
118038528	268435456
118038528	268435456
118038528	268435456
118038528	268435456
118038528	268435456
118038528	268435456
118038528	268435456
118038528	268435456
118038528	268435456
118038528	268435456
118038528	268435456
118038528	268435456
118038528	268435456
118038528	268435456
118038528	268435456
118038528	268435456
118038528	268435456
118038528	268435456
118038528	268435456
118038528	268435456
118038528	268435456
118038528	268435456
118038528	268435456
118038528	268435456
118038528	268435456
118038528	268435456
118038528	268435456
118038528	268435456
118038528	268435456
118038528	268435456
118038528	268435456
118038528	268435456
118038528	268435456
118038528	268435456
118038528	268435456
118038528	268435456
118038528	268435456
118038528	268435456
118038528	268435456
118038528	268435456
149450752	268435456
194744320	268435456
212148224	268435456
216498176	268435456
199786496	268435456
156028928	268435456
192303104	268435456
201617408	268435456
213032960	268435456
129851392	268435456
173891584	268435456
202264576	268435456
215711744	268435456
237551616	268435456
118919168	268435456
118919168	268435456
118910976	268435456
118890496	268435456
118890496	268435456
118890496	268435456
118882304	268435456
118763520	268435456
118763520	268435456
118726656	268435456
118726656	268435456
118726656	268435456
118726656	268435456
118726656	268435456
118726656	268435456
118726656	268435456
118726656	268435456
118726656	268435456
118726656	268435456
118726656	268435456
118726656	268435456
118726656	268435456
118726656	268435456
118726656	268435456
118726656	268435456
118726656	268435456
118726656	268435456
118726656	268435456
118726656	268435456
118726656	268435456
118726656	268435456
118726656	268435456
118726656	268435456
118726656	268435456
118726656	268435456
118726656	268435456
118726656	268435456
118726656	268435456
118726656	268435456
118726656	268435456
118726656	268435456
118726656	268435456
118726656	268435456
118726656	268435456
118726656	268435456
118726656	268435456
151613440	268435456
195125248	268435456
213704704	268435456
118816768	268435456
173993984	268435456
203378688	268435456
196288512	268435456
119136256	268435456
119136256	268435456
119033856	268435456
119033856	268435456
119033856	268435456
119033856	268435456
119033856	268435456
119033856	268435456
119033856	268435456
119033856	268435456
119033856	268435456
119033856	268435456
119033856	268435456
119033856	268435456
119033856	268435456
119033856	268435456
119033856	268435456
119033856	268435456
119033856	268435456
119033856	268435456
119033856	268435456
119033856	268435456
119033856	268435456
119033856	268435456
119033856	268435456
119033856	268435456
119033856	268435456
119033856	268435456
119033856	268435456
119033856	268435456
119033856	268435456
119033856	268435456
119033856	268435456
119033856	268435456
119033856	268435456
119033856	268435456
119033856	268435456
119033856	268435456
119033856	268435456
119033856	268435456
119033856	268435456
119033856	268435456
119033856	268435456
119033856	268435456
119033856	268435456
119033856	268435456
119033856	268435456
119033856	268435456
119033856	268435456
