223649792	268435456
109076480	268435456
108982272	268435456
108982272	268435456
108982272	268435456
108982272	268435456
164364288	268435456
171761664	268435456
187539456	268435456
203497472	268435456
215089152	268435456
197443584	268435456
166084608	268435456
194994176	268435456
214503424	268435456
117874688	268435456
117874688	268435456
117874688	268435456
117874688	268435456
117874688	268435456
117874688	268435456
117874688	268435456
117874688	268435456
117874688	268435456
117874688	268435456
117874688	268435456
117874688	268435456
117874688	268435456
117874688	268435456
117874688	268435456
117874688	268435456
117874688	268435456
117874688	268435456
117874688	268435456
117874688	268435456
117874688	268435456
117874688	268435456
117874688	268435456
117874688	268435456
117874688	268435456
117874688	268435456
117874688	268435456
117874688	268435456
117874688	268435456
117874688	268435456
117874688	268435456
117874688	268435456
117874688	268435456
117874688	268435456
117874688	268435456
117874688	268435456
117874688	268435456
117874688	268435456
117874688	268435456
117874688	268435456
117874688	268435456
117874688	268435456
117874688	268435456
117874688	268435456
117874688	268435456
117874688	268435456
117874688	268435456
117874688	268435456
117874688	268435456
117874688	268435456
117874688	268435456
169529344	268435456
190943232	268435456
201588736	268435456
212295680	268435456
191631360	268435456
117919744	268435456
139395072	268435456
173170688	268435456
204587008	268435456
216018944	268435456
118550528	268435456
118550528	268435456
118550528	268435456
118550528	268435456
118550528	268435456
118468608	268435456
118468608	268435456
118468608	268435456
118468608	268435456
118468608	268435456
118468608	268435456
118468608	268435456
118468608	268435456
118468608	268435456
118468608	268435456
118468608	268435456
118468608	268435456
118468608	268435456
118468608	268435456
118468608	268435456
118468608	268435456
118468608	268435456
118468608	268435456
118468608	268435456
118468608	268435456
118468608	268435456
118468608	268435456
118468608	268435456
118468608	268435456
118468608	268435456
118468608	268435456
118468608	268435456
118468608	268435456
118468608	268435456
118468608	268435456
118468608	268435456
118468608	268435456
118468608	268435456
118468608	268435456
118468608	268435456
118468608	268435456
118468608	268435456
118468608	268435456
118468608	268435456
118468608	268435456
118468608	268435456
118468608	268435456
118468608	268435456
118468608	268435456
118468608	268435456
157548544	268435456
195530752	268435456
204951552	268435456
216723456	268435456
237641728	268435456
240824320	268435456
240824320	268435456
210468864	268435456
156143616	268435456
195702784	268435456
213463040	268435456
235560960	268435456
239857664	268435456
119468032	268435456
119382016	268435456
119255040	268435456
119255040	268435456
119255040	268435456
119255040	268435456
119246848	268435456
119246848	268435456
119246848	268435456
119246848	268435456
119246848	268435456
119246848	268435456
119238656	268435456
119238656	268435456
119238656	268435456
119238656	268435456
119238656	268435456
119238656	268435456
119238656	268435456
119238656	268435456
119238656	268435456
119238656	268435456
119238656	268435456
119238656	268435456
119238656	268435456
119238656	268435456
119238656	268435456
119238656	268435456
119238656	268435456
119238656	268435456
119238656	268435456
119238656	268435456
119238656	268435456
119238656	268435456
119238656	268435456
119238656	268435456
119238656	268435456
119238656	268435456
119238656	268435456
119238656	268435456
119238656	268435456
119238656	268435456
119238656	268435456
119238656	268435456
119238656	268435456
119238656	268435456
119238656	268435456
156733440	268435456
202784768	268435456
215298048	268435456
235536384	268435456
237543424	268435456
240033792	268435456
196509696	268435456
119431168	268435456
174620672	268435456
196460544	268435456
204668928	268435456
217755648	268435456
119799808	268435456
119799808	268435456
119799808	268435456
119758848	268435456
119758848	268435456
119750656	268435456
119738368	268435456
119738368	268435456
119738368	268435456
119738368	268435456
119738368	268435456
119738368	268435456
119738368	268435456
119738368	268435456
119738368	268435456
119738368	268435456
119738368	268435456
119738368	268435456
119738368	268435456
119664640	268435456
119664640	268435456
119664640	268435456
119664640	268435456
119664640	268435456
119664640	268435456
119664640	268435456
119664640	268435456
119664640	268435456
119664640	268435456
119664640	268435456
119664640	268435456
119664640	268435456
119664640	268435456
119664640	268435456
119664640	268435456
119664640	268435456
119664640	268435456
119664640	268435456
119664640	268435456
119664640	268435456
119664640	268435456
119664640	268435456
119664640	268435456
119664640	268435456
119664640	268435456
119664640	268435456
119664640	268435456
119664640	268435456
157147136	268435456
196386816	268435456
204869632	268435456
216498176	268435456
236646400	268435456
240799744	268435456
240799744	268435456
120418304	268435456
120291328	268435456
120291328	268435456
120188928	268435456
120188928	268435456
120188928	268435456
120188928	268435456
120188928	268435456
120188928	268435456
120188928	268435456
120180736	268435456
120180736	268435456
120180736	268435456
120180736	268435456
120180736	268435456
120180736	268435456
120180736	268435456
120172544	268435456
120172544	268435456
120172544	268435456
120172544	268435456
120172544	268435456
120172544	268435456
120172544	268435456
120172544	268435456
120172544	268435456
120172544	268435456
120172544	268435456
120172544	268435456
120172544	268435456
120172544	268435456
120172544	268435456
120172544	268435456
120172544	268435456
120172544	268435456
120172544	268435456
120172544	268435456
120172544	268435456
120172544	268435456
120172544	268435456
120172544	268435456
120172544	268435456
120172544	268435456
120172544	268435456
120172544	268435456
120172544	268435456
120172544	268435456
