253689856	268435456
107913216	268435456
163205120	268435456
188768256	268435456
215683072	268435456
238039040	268435456
202657792	268435456
150679552	268435456
174391296	268435456
188911616	268435456
204152832	268435456
215904256	268435456
236437504	268435456
239206400	268435456
197726208	268435456
138518528	268435456
193523712	268435456
215916544	268435456
119685120	268435456
119676928	268435456
119623680	268435456
119619584	268435456
119595008	268435456
119595008	268435456
119595008	268435456
119595008	268435456
119595008	268435456
119595008	268435456
119595008	268435456
119595008	268435456
119595008	268435456
119595008	268435456
119595008	268435456
119595008	268435456
119595008	268435456
119595008	268435456
119595008	268435456
119595008	268435456
119595008	268435456
119595008	268435456
119595008	268435456
119595008	268435456
119595008	268435456
119595008	268435456
119595008	268435456
119595008	268435456
119595008	268435456
119595008	268435456
119595008	268435456
119595008	268435456
119595008	268435456
119595008	268435456
119595008	268435456
119595008	268435456
119595008	268435456
119595008	268435456
119595008	268435456
119595008	268435456
119595008	268435456
119595008	268435456
119595008	268435456
119595008	268435456
119595008	268435456
119595008	268435456
119595008	268435456
174649344	268435456
196030464	268435456
216834048	268435456
237821952	268435456
196259840	268435456
149995520	268435456
196440064	268435456
215891968	268435456
219168768	268435456
242049024	268435456
212303872	268435456
120188928	268435456
120135680	268435456
120135680	268435456
120135680	268435456
120135680	268435456
120135680	268435456
120135680	268435456
120135680	268435456
120135680	268435456
120135680	268435456
120135680	268435456
120135680	268435456
120135680	268435456
120135680	268435456
120135680	268435456
120135680	268435456
120135680	268435456
120135680	268435456
120135680	268435456
120135680	268435456
120135680	268435456
120135680	268435456
120135680	268435456
120135680	268435456
120135680	268435456
120135680	268435456
120135680	268435456
120135680	268435456
120135680	268435456
120135680	268435456
120135680	268435456
120135680	268435456
120135680	268435456
120135680	268435456
120135680	268435456
120135680	268435456
120135680	268435456
120135680	268435456
120135680	268435456
120135680	268435456
120135680	268435456
120135680	268435456
120135680	268435456
120135680	268435456
120135680	268435456
120135680	268435456
120135680	268435456
120135680	268435456
120135680	268435456
174825472	268435456
204517376	268435456
216551424	268435456
237092864	268435456
241270784	268435456
210370560	268435456
150913024	268435456
197468160	268435456
214425600	268435456
217657344	268435456
238862336	268435456
241250304	268435456
120565760	268435456
120565760	268435456
120561664	268435456
120561664	268435456
120561664	268435456
120561664	268435456
120561664	268435456
120561664	268435456
120516608	268435456
120516608	268435456
120516608	268435456
120516608	268435456
120516608	268435456
120516608	268435456
120516608	268435456
120516608	268435456
120516608	268435456
120516608	268435456
120516608	268435456
120516608	268435456
120516608	268435456
120516608	268435456
120516608	268435456
120516608	268435456
120516608	268435456
120516608	268435456
120516608	268435456
120516608	268435456
120516608	268435456
120516608	268435456
120516608	268435456
120516608	268435456
120516608	268435456
120516608	268435456
120516608	268435456
120516608	268435456
120516608	268435456
120516608	268435456
120516608	268435456
120516608	268435456
120516608	268435456
120516608	268435456
120516608	268435456
120516608	268435456
120516608	268435456
120516608	268435456
120516608	268435456
120590336	268435456
191942656	268435456
215502848	268435456
120823808	268435456
157503488	268435456
196931584	268435456
205307904	268435456
216854528	268435456
120840192	268435456
157388800	268435456
197079040	268435456
205717504	268435456
216711168	268435456
120938496	268435456
120848384	268435456
120848384	268435456
120848384	268435456
120848384	268435456
120745984	268435456
120745984	268435456
120745984	268435456
120745984	268435456
120745984	268435456
120745984	268435456
120745984	268435456
120745984	268435456
120745984	268435456
120745984	268435456
120745984	268435456
120745984	268435456
120745984	268435456
120745984	268435456
120745984	268435456
120745984	268435456
120745984	268435456
120745984	268435456
120745984	268435456
120745984	268435456
120745984	268435456
120745984	268435456
120745984	268435456
120745984	268435456
120745984	268435456
120745984	268435456
120745984	268435456
120745984	268435456
120745984	268435456
120745984	268435456
120745984	268435456
120745984	268435456
120745984	268435456
120745984	268435456
120745984	268435456
120745984	268435456
120745984	268435456
120745984	268435456
120745984	268435456
120745984	268435456
120745984	268435456
120745984	268435456
139239424	268435456
197402624	268435456
205910016	268435456
236044288	268435456
238952448	268435456
196554752	268435456
120889344	268435456
120860672	268435456
120860672	268435456
120860672	268435456
120860672	268435456
120860672	268435456
120860672	268435456
120860672	268435456
120860672	268435456
120860672	268435456
120852480	268435456
120852480	268435456
120852480	268435456
120852480	268435456
120852480	268435456
120852480	268435456
120852480	268435456
120852480	268435456
120852480	268435456
120852480	268435456
120852480	268435456
120852480	268435456
120852480	268435456
120852480	268435456
120852480	268435456
120852480	268435456
120852480	268435456
120852480	268435456
120852480	268435456
120852480	268435456
120852480	268435456
120852480	268435456
120852480	268435456
120852480	268435456
120852480	268435456
120852480	268435456
120852480	268435456
120852480	268435456
120852480	268435456
120852480	268435456
120852480	268435456
120852480	268435456
120852480	268435456
120852480	268435456
120852480	268435456
120852480	268435456
120852480	268435456
120852480	268435456
120852480	268435456
120852480	268435456
