5419008	57274368
5554176	57274368
5509120	57274368
5795840	57274368
5795840	57274368
5795840	57274368
5734400	57274368
5865472	57274368
5836800	57274368
5967872	57274368
5885952	57274368
6197248	57274368
6160384	57274368
6397952	57274368
6397952	57274368
6438912	57274368
6438912	57274368
6488064	57274368
6488064	57274368
6537216	57274368
6586368	57274368
6586368	57274368
6635520	57274368
6684672	57274368
6684672	57274368
6733824	57274368
6733824	57274368
6733824	57274368
6733824	57274368
6717440	57274368
6717440	57274368
6717440	57274368
6717440	57274368
6717440	57274368
6717440	57274368
6717440	57274368
6717440	57274368
6717440	57274368
6717440	57274368
6717440	57274368
6717440	57274368
6717440	57274368
6717440	57274368
6717440	57274368
6717440	57274368
6717440	57274368
6717440	57274368
6717440	57274368
6717440	57274368
6762496	57274368
6762496	57274368
6762496	57274368
6762496	57274368
6762496	57274368
6762496	57274368
6762496	57274368
6762496	57274368
6762496	57274368
6762496	57274368
6762496	57274368
6762496	57274368
6762496	57274368
6762496	57274368
6762496	57274368
6762496	57274368
6762496	57274368
6762496	57274368
6762496	57274368
6762496	57274368
6762496	57274368
6762496	57274368
6762496	57274368
6762496	57274368
6762496	57274368
6762496	57274368
6762496	57274368
6762496	57274368
6762496	57274368
6762496	57274368
6762496	57274368
6762496	57274368
6762496	57274368
6762496	57274368
6762496	57274368
6762496	57274368
6762496	57274368
6762496	57274368
6762496	57274368
6762496	57274368
6762496	57274368
6762496	57274368
6762496	57274368
6762496	57274368
6762496	57274368
6762496	57274368
6762496	57274368
6762496	57274368
6762496	57274368
6762496	57274368
6762496	57274368
6848512	57274368
6848512	57274368
6848512	57274368
6848512	57274368
6848512	57274368
6848512	57274368
6848512	57274368
6848512	57274368
6848512	57274368
6848512	57274368
6848512	57274368
6848512	57274368
6848512	57274368
6848512	57274368
6848512	57274368
6848512	57274368
6848512	57274368
6848512	57274368
6848512	57274368
6848512	57274368
6848512	57274368
6848512	57274368
6848512	57274368
6848512	57274368
7081984	57274368
6971392	57274368
6971392	57274368
6971392	57274368
6971392	57274368
6971392	57274368
6971392	57274368
6971392	57274368
6971392	57274368
6971392	57274368
6971392	57274368
6971392	57274368
6971392	57274368
6971392	57274368
6971392	57274368
6971392	57274368
