62464000	268435456
62464000	268435456
62464000	268435456
62464000	268435456
62464000	268435456
62464000	268435456
62464000	268435456
62464000	268435456
62464000	268435456
62464000	268435456
62464000	268435456
62464000	268435456
62464000	268435456
62464000	268435456
62464000	268435456
62464000	268435456
62464000	268435456
62464000	268435456
62464000	268435456
62464000	268435456
62464000	268435456
62464000	268435456
62464000	268435456
62464000	268435456
62464000	268435456
62464000	268435456
62464000	268435456
82526208	268435456
116494336	268435456
118374400	268435456
118505472	268435456
133156864	268435456
133267456	268435456
133156864	268435456
145784832	268435456
162373632	268435456
182128640	268435456
184016896	268435456
64122880	268435456
64122880	268435456
64122880	268435456
64122880	268435456
64122880	268435456
64122880	268435456
64122880	268435456
64122880	268435456
64122880	268435456
64122880	268435456
64122880	268435456
64122880	268435456
64122880	268435456
64122880	268435456
64122880	268435456
64122880	268435456
64122880	268435456
64122880	268435456
64122880	268435456
64122880	268435456
64122880	268435456
64122880	268435456
64122880	268435456
64122880	268435456
64122880	268435456
64122880	268435456
64122880	268435456
64122880	268435456
64122880	268435456
64122880	268435456
64122880	268435456
64122880	268435456
64122880	268435456
64122880	268435456
64122880	268435456
64122880	268435456
64122880	268435456
64122880	268435456
64122880	268435456
64122880	268435456
64122880	268435456
64122880	268435456
64122880	268435456
64122880	268435456
64122880	268435456
64122880	268435456
64122880	268435456
64122880	268435456
64122880	268435456
105672704	268435456
120209408	268435456
120344576	268435456
150622208	268435456
181370880	268435456
140644352	268435456
65658880	268435456
65658880	268435456
65658880	268435456
65658880	268435456
65658880	268435456
65658880	268435456
65658880	268435456
65658880	268435456
65658880	268435456
65658880	268435456
65658880	268435456
65658880	268435456
65658880	268435456
65658880	268435456
65658880	268435456
65658880	268435456
65658880	268435456
65658880	268435456
65658880	268435456
65658880	268435456
65658880	268435456
65658880	268435456
65658880	268435456
65658880	268435456
65658880	268435456
65658880	268435456
65658880	268435456
65658880	268435456
65658880	268435456
65658880	268435456
65658880	268435456
65658880	268435456
65658880	268435456
65658880	268435456
65658880	268435456
65658880	268435456
65658880	268435456
65658880	268435456
65658880	268435456
65658880	268435456
65658880	268435456
65658880	268435456
65658880	268435456
65658880	268435456
65658880	268435456
65658880	268435456
65658880	268435456
65658880	268435456
65658880	268435456
65658880	268435456
65658880	268435456
65658880	268435456
65658880	268435456
65658880	268435456
85504000	268435456
120983552	268435456
121114624	268435456
135868416	268435456
135831552	268435456
135671808	268435456
148529152	268435456
166014976	268435456
66584576	268435456
66584576	268435456
66584576	268435456
66584576	268435456
89432064	268435456
121987072	268435456
122126336	268435456
136757248	268435456
136749056	268435456
137457664	268435456
151539712	268435456
164401152	268435456
67612672	268435456
67612672	268435456
67612672	268435456
67612672	268435456
67612672	268435456
67612672	268435456
67612672	268435456
67612672	268435456
67612672	268435456
67612672	268435456
67612672	268435456
67612672	268435456
67612672	268435456
67612672	268435456
67612672	268435456
67612672	268435456
67612672	268435456
67612672	268435456
67612672	268435456
67612672	268435456
67612672	268435456
67612672	268435456
67612672	268435456
67612672	268435456
67612672	268435456
67612672	268435456
67612672	268435456
67612672	268435456
67612672	268435456
67612672	268435456
67612672	268435456
67612672	268435456
67612672	268435456
67612672	268435456
67612672	268435456
67612672	268435456
67612672	268435456
67612672	268435456
67612672	268435456
74891264	268435456
123293696	268435456
123428864	268435456
138113024	268435456
138113024	268435456
138149888	268435456
138108928	268435456
145625088	268435456
166354944	268435456
186372096	268435456
191172608	268435456
191053824	268435456
68939776	268435456
68939776	268435456
68939776	268435456
68939776	268435456
68939776	268435456
68939776	268435456
107102208	268435456
124796928	268435456
146513920	154947584
185864192	195907584
264196096	298307584
226238464	298307584
148692992	298307584
148570112	298307584
148570112	298307584
148570112	298307584
148570112	298307584
148570112	298307584
148570112	298307584
148570112	298307584
148570112	298307584
148570112	298307584
148570112	298307584
148570112	298307584
148570112	298307584
148570112	298307584
148570112	298307584
148570112	298307584
148570112	298307584
148570112	298307584
148570112	298307584
148570112	298307584
148570112	298307584
148570112	298307584
148570112	298307584
148570112	298307584
148570112	200998912
148570112	200998912
148570112	200998912
148570112	200998912
148570112	200998912
148570112	200998912
148570112	200998912
148570112	200998912
148570112	200998912
148570112	200998912
148570112	200998912
148570112	200998912
148570112	200998912
148570112	200998912
148570112	200998912
148570112	200998912
148570112	200998912
148570112	200998912
148570112	200998912
148570112	200998912
148570112	200998912
148570112	200998912
148570112	200998912
148570112	200998912
148570112	200998912
148570112	200998912
148570112	200998912
148570112	200998912
148570112	200998912
148570112	200998912
148570112	200998912
148570112	200998912
148570112	200998912
148570112	200998912
148570112	200998912
148570112	200998912
148570112	200998912
148570112	200998912
148570112	200998912
148570112	200998912
148570112	200998912
148570112	200998912
148570112	200998912
148570112	200998912
148570112	200998912
148570112	200998912
