306438144.0	1507852288.0
306573312.0	1507852288.0
306573312.0	1507852288.0
306376704.0	1507852288.0
306384896.0	1507852288.0
306515968.0	1507852288.0
309108736.0	1507852288.0
311451648.0	1507852288.0
312037376.0	1507852288.0
312754176.0	1507852288.0
312754176.0	1507852288.0
312754176.0	1507852288.0
312905728.0	1507852288.0
316182528.0	1507852288.0
313262080.0	1507852288.0
314077184.0	1507852288.0
313745408.0	1507852288.0
314015744.0	1507852288.0
314191872.0	1507852288.0
314253312.0	1507852288.0
317747200.0	1507852288.0
321241088.0	1507852288.0
321503232.0	1507852288.0
322166784.0	1507852288.0
317370368.0	1507852288.0
317349888.0	1507852288.0
317771776.0	1507852288.0
317906944.0	1507852288.0
317755392.0	1507852288.0
312705024.0	1507852288.0
312356864.0	1507852288.0
312619008.0	1507852288.0
312623104.0	1507852288.0
313372672.0	1507852288.0
313094144.0	1507852288.0
313360384.0	1507852288.0
313905152.0	1507852288.0
313851904.0	1507852288.0
313724928.0	1507852288.0
313520128.0	1507852288.0
314073088.0	1507852288.0
314363904.0	1507852288.0
314376192.0	1507852288.0
314298368.0	1507852288.0
314372096.0	1507852288.0
314503168.0	1507852288.0
314593280.0	1507852288.0
314863616.0	1507852288.0
314765312.0	1507852288.0
314654720.0	1507852288.0
314667008.0	1507852288.0
314802176.0	1507852288.0
314822656.0	1507852288.0
316182528.0	1507852288.0
315854848.0	1507852288.0
315858944.0	1507852288.0
315858944.0	1507852288.0
315990016.0	1507852288.0
316121088.0	1507852288.0
315994112.0	1507852288.0
316055552.0	1507852288.0
316084224.0	1507852288.0
316030976.0	1507852288.0
316407808.0	1507852288.0
316264448.0	1507852288.0
316153856.0	1507852288.0
316461056.0	1507852288.0
316465152.0	1507852288.0
316227584.0	1507852288.0
319930368.0	1507852288.0
325435392.0	1507852288.0
326848512.0	1507852288.0
327548928.0	1507852288.0
327430144.0	1507852288.0
317485056.0	1507852288.0
317509632.0	1507852288.0
317665280.0	1507852288.0
324362240.0	1507852288.0
330002432.0	1507852288.0
317509632.0	1507852288.0
317300736.0	1507852288.0
317562880.0	1507852288.0
317657088.0	1507852288.0
319102976.0	1507852288.0
318664704.0	1507852288.0
318578688.0	1507852288.0
318599168.0	1507852288.0
318730240.0	1507852288.0
318734336.0	1507852288.0
318648320.0	1507852288.0
318910464.0	1507852288.0
321806336.0	1507852288.0
321552384.0	1507852288.0
321724416.0	1507852288.0
322510848.0	1507852288.0
323014656.0	1507852288.0
323018752.0	1507852288.0
323280896.0	1507852288.0
323158016.0	1507852288.0
322924544.0	1507852288.0
323063808.0	1507852288.0
323063808.0	1507852288.0
322973696.0	1507852288.0
322936832.0	1507852288.0
322940928.0	1507852288.0
323207168.0	1507852288.0
323469312.0	1507852288.0
323600384.0	1507852288.0
323452928.0	1507852288.0
323592192.0	1507852288.0
323465216.0	1507852288.0
323596288.0	1507852288.0
323362816.0	1507852288.0
323760128.0	1507852288.0
323760128.0	1507852288.0
323637248.0	1507852288.0
323543040.0	1507852288.0
323686400.0	1507852288.0
323588096.0	1507852288.0
323719168.0	1507852288.0
323989504.0	1507852288.0
323874816.0	1507852288.0
325971968.0	1507852288.0
326123520.0	1507852288.0
320278528.0	1507852288.0
320421888.0	1507852288.0
320299008.0	1507852288.0
320561152.0	1507852288.0
320561152.0	1507852288.0
320954368.0	1507852288.0
320499712.0	1507852288.0
320892928.0	1507852288.0
321028096.0	1507852288.0
321277952.0	1507852288.0
321191936.0	1507852288.0
321064960.0	1507852288.0
321384448.0	1507852288.0
321310720.0	1507852288.0
321204224.0	1507852288.0
321126400.0	1507852288.0
321257472.0	1507852288.0
321257472.0	1507852288.0
321134592.0	1507852288.0
321409024.0	1507852288.0
321314816.0	1507852288.0
321376256.0	1507852288.0
321421312.0	1507852288.0
321421312.0	1507852288.0
321560576.0	1507852288.0
321339392.0	1507852288.0
321716224.0	1507852288.0
321847296.0	1507852288.0
321855488.0	1507852288.0
322248704.0	1507852288.0
321761280.0	1507852288.0
321892352.0	1507852288.0
322023424.0	1507852288.0
322154496.0	1507852288.0
322285568.0	1507852288.0
322285568.0	1507852288.0
322056192.0	1507852288.0
322187264.0	1507852288.0
322121728.0	1507852288.0
321998848.0	1507852288.0
321896448.0	1507852288.0
322027520.0	1507852288.0
322027520.0	1507852288.0
322158592.0	1507852288.0
322068480.0	1507852288.0
321941504.0	1507852288.0
322072576.0	1507852288.0
322207744.0	1507852288.0
322207744.0	1507852288.0
322207744.0	1507852288.0
322338816.0	1507852288.0
322330624.0	1507852288.0
322367488.0	1507852288.0
322396160.0	1507852288.0
322146304.0	1507852288.0
322146304.0	1507852288.0
