697622528.0	751049000.0
697405440.0	751049000.0
697409536.0	751049000.0
697827328.0	751049000.0
698097664.0	751049000.0
698408960.0	751049000.0
698499072.0	751049000.0
698228736.0	751049000.0
698359808.0	751049000.0
698490880.0	751049000.0
699928576.0	751049000.0
700198912.0	751049000.0
700006400.0	751049000.0
700137472.0	751049000.0
700129280.0	751049000.0
700129280.0	751049000.0
700166144.0	751049000.0
700170240.0	751049000.0
700219392.0	751049000.0
700362752.0	751049000.0
700944384.0	751049000.0
701108224.0	751049000.0
701022208.0	751049000.0
701198336.0	751049000.0
701329408.0	751049000.0
701259776.0	751049000.0
701280256.0	751049000.0
701325312.0	751049000.0
701587456.0	751049000.0
701489152.0	751049000.0
701620224.0	751049000.0
701788160.0	751049000.0
701657088.0	751049000.0
701792256.0	751049000.0
710705152.0	751049000.0
710578176.0	751049000.0
711467008.0	751049000.0
704761856.0	751049000.0
709332992.0	751049000.0
711401472.0	751049000.0
713379840.0	751049000.0
713400320.0	751049000.0
713412608.0	751049000.0
713310208.0	751049000.0
717307904.0	751049000.0
