122138624	135786496
122023936	135786496
122023936	135786496
122023936	135786496
122138624	135786496
122023936	135786496
122028032	135786496
122028032	135786496
122028032	135786496
122028032	135786496
122028032	135786496
122028032	135786496
122028032	135786496
122028032	135786496
122130432	135786496
122130432	135786496
122130432	135786496
122138624	135786496
122138624	135786496
122142720	135786496
122142720	135786496
122236928	135786496
122236928	135786496
122236928	135786496
122351616	135786496
122429440	135786496
122314752	135786496
122429440	135786496
122429440	135786496
122314752	135786496
122314752	135786496
122314752	135786496
122429440	135786496
122314752	135786496
122404864	135786496
122437632	135786496
122322944	135786496
122322944	135786496
122359808	135786496
122359808	135786496
122359808	135786496
122359808	135786496
122474496	135786496
122396672	135786496
122396672	135786496
122396672	135786496
122396672	135786496
122396672	135786496
122396672	135786496
122396672	135786496
122396672	135786496
122396672	135786496
122396672	135786496
122396672	135786496
122396672	135786496
122396672	135786496
122511360	135786496
122511360	135786496
122494976	135786496
122511360	135786496
122396672	135786496
122396672	135786496
122400768	135786496
122515456	135786496
122515456	135786496
122400768	135786496
122400768	135786496
122404864	135786496
122404864	135786496
122404864	135786496
122404864	135786496
122437632	135786496
122515456	135786496
122515456	135786496
122630144	135786496
122515456	135786496
122515456	135786496
122515456	135786496
122515456	135786496
122515456	135786496
122515456	135786496
122515456	135786496
122515456	135786496
122515456	135786496
122515456	135786496
122515456	135786496
122630144	135786496
122630144	135786496
122515456	135786496
122515456	135786496
122515456	135786496
122519552	135786496
122519552	135786496
122519552	135786496
122519552	135786496
122519552	135786496
122634240	135786496
122634240	135786496
122519552	135786496
122519552	135786496
122519552	135786496
122519552	135786496
122519552	135786496
122519552	135786496
122519552	135786496
122519552	135786496
122519552	135786496
122519552	135786496
122519552	135786496
122613760	135786496
122646528	135786496
122646528	135786496
122646528	135786496
122646528	135786496
122761216	135786496
122646528	135786496
122761216	135786496
122646528	135786496
122761216	135786496
122654720	135786496
122769408	135786496
122654720	135786496
122654720	135786496
122654720	135786496
122654720	135786496
122654720	135786496
122654720	135786496
122654720	135786496
122662912	135786496
122732544	135786496
122740736	135786496
122826752	135786496
122826752	135786496
122826752	135786496
122826752	135786496
122941440	135786496
122826752	135786496
122826752	135786496
122859520	135786496
122859520	135786496
