82624512	268435456
82624512	268435456
82624512	268435456
82624512	268435456
82624512	268435456
82624512	268435456
82624512	268435456
82624512	268435456
82624512	268435456
82624512	268435456
82624512	268435456
82624512	268435456
82624512	268435456
82624512	268435456
82624512	268435456
82624512	268435456
82624512	268435456
82624512	268435456
82624512	268435456
82624512	268435456
82624512	268435456
82624512	268435456
82624512	268435456
82624512	268435456
82624512	268435456
82624512	268435456
82624512	268435456
82624512	268435456
82624512	268435456
82624512	268435456
101900288	268435456
138129408	268435456
159604736	268435456
178540544	268435456
199593984	268435456
201494528	268435456
172822528	268435456
83091456	268435456
83091456	268435456
83091456	268435456
83091456	268435456
83091456	268435456
83091456	268435456
83091456	268435456
83091456	268435456
83091456	268435456
83091456	268435456
83091456	268435456
83091456	268435456
83091456	268435456
83091456	268435456
83091456	268435456
83091456	268435456
83091456	268435456
83091456	268435456
83091456	268435456
83091456	268435456
83091456	268435456
83091456	268435456
83091456	268435456
83091456	268435456
83091456	268435456
83091456	268435456
83091456	268435456
83091456	268435456
83091456	268435456
83091456	268435456
83091456	268435456
83091456	268435456
83091456	268435456
83091456	268435456
83091456	268435456
83091456	268435456
83091456	268435456
83091456	268435456
83091456	268435456
83091456	268435456
83091456	268435456
83091456	268435456
83091456	268435456
83091456	268435456
83091456	268435456
83091456	268435456
83091456	268435456
83091456	268435456
83091456	268435456
83091456	268435456
83091456	268435456
83091456	268435456
83091456	268435456
110391296	268435456
138301440	268435456
160133120	268435456
179793920	268435456
201101312	268435456
205127680	268435456
175427584	268435456
83591168	268435456
83591168	268435456
83591168	268435456
83591168	268435456
83591168	268435456
83591168	268435456
83591168	268435456
83591168	268435456
83591168	268435456
83591168	268435456
83591168	268435456
83591168	268435456
83591168	268435456
83591168	268435456
83591168	268435456
83591168	268435456
83591168	268435456
83591168	268435456
83591168	268435456
83591168	268435456
83591168	268435456
83591168	268435456
83591168	268435456
83591168	268435456
83591168	268435456
83591168	268435456
83591168	268435456
83591168	268435456
83591168	268435456
83591168	268435456
83591168	268435456
83591168	268435456
83591168	268435456
83591168	268435456
83591168	268435456
83591168	268435456
83591168	268435456
83591168	268435456
83591168	268435456
83591168	268435456
83591168	268435456
83591168	268435456
83591168	268435456
83591168	268435456
83591168	268435456
83591168	268435456
83591168	268435456
83591168	268435456
83591168	268435456
83591168	268435456
83591168	268435456
83591168	268435456
83591168	268435456
102522880	268435456
153411584	268435456
159805440	268435456
178368512	268435456
159875072	268435456
122118144	268435456
159105024	268435456
171671552	268435456
184819712	268435456
168452096	268435456
85385216	268435456
85385216	268435456
85385216	268435456
85385216	268435456
85143552	268435456
85143552	268435456
85143552	268435456
85143552	268435456
85143552	268435456
85143552	268435456
85143552	268435456
85143552	268435456
85143552	268435456
85143552	268435456
85143552	268435456
85143552	268435456
85143552	268435456
85143552	268435456
85143552	268435456
85143552	268435456
85143552	268435456
85143552	268435456
85143552	268435456
85143552	268435456
85143552	268435456
85143552	268435456
85143552	268435456
85143552	268435456
85143552	268435456
85143552	268435456
85143552	268435456
85143552	268435456
85143552	268435456
85143552	268435456
85143552	268435456
85143552	268435456
85143552	268435456
85143552	268435456
85143552	268435456
85143552	268435456
85143552	268435456
85143552	268435456
85143552	268435456
85143552	268435456
85143552	268435456
85143552	268435456
85143552	268435456
85143552	268435456
85143552	268435456
85143552	268435456
133914624	268435456
168824832	268435456
180637696	268435456
162656256	268435456
85622784	268435456
85622784	268435456
85622784	268435456
85622784	268435456
85622784	268435456
85622784	268435456
85622784	268435456
85622784	268435456
85622784	268435456
85622784	268435456
85622784	268435456
85622784	268435456
85622784	268435456
85622784	268435456
85622784	268435456
85622784	268435456
85622784	268435456
85622784	268435456
85622784	268435456
85622784	268435456
85622784	268435456
85622784	268435456
85622784	268435456
85622784	268435456
85622784	268435456
85622784	268435456
85622784	268435456
85622784	268435456
85622784	268435456
85622784	268435456
85622784	268435456
85622784	268435456
85622784	268435456
85622784	268435456
85622784	268435456
85622784	268435456
85622784	268435456
85622784	268435456
85622784	268435456
85622784	268435456
85622784	268435456
85622784	268435456
85622784	268435456
85622784	268435456
85622784	268435456
85622784	268435456
85622784	268435456
85622784	268435456
85622784	268435456
85622784	268435456
85622784	268435456
85622784	268435456
85622784	268435456
85622784	268435456
85622784	268435456
85622784	268435456
85622784	268435456
85622784	268435456
85622784	268435456
85622784	268435456
85622784	268435456
85622784	268435456
85622784	268435456
85622784	268435456
85622784	268435456
85622784	268435456
85622784	268435456
85622784	268435456
85622784	268435456
85622784	268435456
85622784	268435456
85622784	268435456
85622784	268435456
85622784	268435456
85622784	268435456
85622784	268435456
85622784	268435456
85622784	268435456
85622784	268435456
85622784	268435456
85622784	268435456
85622784	268435456
85622784	268435456
85622784	268435456
85622784	268435456
85622784	268435456
