84103168	268435456
84103168	268435456
84103168	268435456
84103168	268435456
84103168	268435456
84103168	268435456
84103168	268435456
84103168	268435456
84103168	268435456
84103168	268435456
84103168	268435456
84103168	268435456
84103168	268435456
84103168	268435456
84103168	268435456
84103168	268435456
84103168	268435456
84103168	268435456
84103168	268435456
84103168	268435456
84103168	268435456
84103168	268435456
84103168	268435456
84103168	268435456
84103168	268435456
84103168	268435456
84103168	268435456
84103168	268435456
84103168	268435456
84103168	268435456
103653376	268435456
139149312	268435456
154083328	268435456
161947648	268435456
181178368	268435456
183885824	268435456
84656128	268435456
84656128	268435456
84656128	268435456
84656128	268435456
84656128	268435456
84656128	268435456
84656128	268435456
84656128	268435456
84656128	268435456
84656128	268435456
84656128	268435456
84656128	268435456
84656128	268435456
84656128	268435456
84656128	268435456
84656128	268435456
84656128	268435456
84656128	268435456
84656128	268435456
84656128	268435456
84656128	268435456
84656128	268435456
84656128	268435456
84656128	268435456
84656128	268435456
84656128	268435456
84656128	268435456
84656128	268435456
84656128	268435456
84656128	268435456
84656128	268435456
84656128	268435456
84656128	268435456
84656128	268435456
84656128	268435456
84656128	268435456
84656128	268435456
84656128	268435456
84656128	268435456
84656128	268435456
84656128	268435456
84656128	268435456
84656128	268435456
84656128	268435456
84656128	268435456
84656128	268435456
84656128	268435456
84656128	268435456
84656128	268435456
84656128	268435456
84656128	268435456
84656128	268435456
84656128	268435456
84656128	268435456
114929664	268435456
139882496	268435456
154861568	268435456
169168896	268435456
159711232	268435456
85598208	268435456
85573632	268435456
85573632	268435456
85573632	268435456
85573632	268435456
85573632	268435456
85573632	268435456
85573632	268435456
85573632	268435456
85573632	268435456
85573632	268435456
85573632	268435456
85573632	268435456
85573632	268435456
85573632	268435456
85573632	268435456
85573632	268435456
85573632	268435456
85573632	268435456
85573632	268435456
85573632	268435456
85573632	268435456
85573632	268435456
85573632	268435456
85573632	268435456
85573632	268435456
85573632	268435456
85573632	268435456
85573632	268435456
85573632	268435456
85573632	268435456
85573632	268435456
85573632	268435456
85573632	268435456
85573632	268435456
85573632	268435456
85573632	268435456
85573632	268435456
85573632	268435456
85573632	268435456
85573632	268435456
85573632	268435456
85573632	268435456
85573632	268435456
85573632	268435456
85573632	268435456
85573632	268435456
85573632	268435456
85573632	268435456
85573632	268435456
85573632	268435456
85573632	268435456
85573632	268435456
85573632	268435456
85573632	268435456
100454400	268435456
140644352	268435456
162926592	268435456
181108736	268435456
183861248	268435456
203988992	268435456
205447168	268435456
85979136	268435456
85889024	268435456
85889024	268435456
85889024	268435456
85889024	268435456
85889024	268435456
85889024	268435456
85889024	268435456
85889024	268435456
85889024	268435456
85889024	268435456
85889024	268435456
85889024	268435456
85889024	268435456
85889024	268435456
85889024	268435456
85889024	268435456
85889024	268435456
85889024	268435456
85889024	268435456
85889024	268435456
85889024	268435456
85889024	268435456
85889024	268435456
85889024	268435456
85889024	268435456
85889024	268435456
85889024	268435456
85889024	268435456
85889024	268435456
85889024	268435456
85889024	268435456
85889024	268435456
85889024	268435456
85889024	268435456
85889024	268435456
85889024	268435456
85889024	268435456
85889024	268435456
85889024	268435456
85889024	268435456
85889024	268435456
85889024	268435456
85889024	268435456
85889024	268435456
85889024	268435456
85889024	268435456
85889024	268435456
85889024	268435456
85889024	268435456
85889024	268435456
85889024	268435456
85889024	268435456
117538816	268435456
159723520	268435456
170455040	268435456
181448704	268435456
168198144	268435456
86491136	268435456
86364160	268435456
86364160	268435456
86364160	268435456
86364160	268435456
86364160	268435456
86364160	268435456
86364160	268435456
86364160	268435456
86364160	268435456
86364160	268435456
86364160	268435456
86364160	268435456
86364160	268435456
86364160	268435456
86364160	268435456
86364160	268435456
86364160	268435456
86364160	268435456
86364160	268435456
86364160	268435456
86364160	268435456
86364160	268435456
86364160	268435456
86364160	268435456
86364160	268435456
86364160	268435456
86364160	268435456
86364160	268435456
86364160	268435456
86364160	268435456
86364160	268435456
86364160	268435456
86364160	268435456
86364160	268435456
86364160	268435456
86364160	268435456
86364160	268435456
86364160	268435456
86364160	268435456
86364160	268435456
86364160	268435456
86364160	268435456
86364160	268435456
86364160	268435456
86364160	268435456
86364160	268435456
86364160	268435456
86364160	268435456
86364160	268435456
86364160	268435456
86364160	268435456
86364160	268435456
86364160	268435456
86364160	268435456
86364160	268435456
86364160	268435456
86364160	268435456
86364160	268435456
86364160	268435456
86364160	268435456
86364160	268435456
86364160	268435456
86364160	268435456
86364160	268435456
86364160	268435456
86364160	268435456
86364160	268435456
86364160	268435456
86364160	268435456
86364160	268435456
86364160	268435456
86364160	268435456
86364160	268435456
86364160	268435456
86364160	268435456
86364160	268435456
86364160	268435456
86364160	268435456
86364160	268435456
86364160	268435456
86364160	268435456
86364160	268435456
86364160	268435456
86364160	268435456
