63991808	116420608
63991808	116420608
63991808	116420608
63991808	116420608
63991808	116420608
63991808	116420608
63991808	116420608
63991808	116420608
63991808	116420608
63991808	116420608
63991808	116420608
63991808	116420608
63991808	116420608
63991808	116420608
63991808	116420608
63991808	116420608
63991808	116420608
63991808	116420608
63991808	116420608
63991808	116420608
63991808	116420608
63991808	116420608
63991808	116420608
63991808	116420608
63991808	116420608
63991808	116420608
63991808	116420608
94523392	116420608
113885184	116420608
113885184	116420608
114003968	116420608
115245056	116420608
124407808	136900608
124350464	136900608
124366848	136900608
138231808	157380608
131452928	157380608
52772864	157380608
52772864	157380608
52772864	157380608
52772864	157380608
52772864	157380608
52772864	157380608
52772864	157380608
52772864	157380608
52772864	157380608
52772864	157380608
52772864	157380608
52772864	157380608
52772864	157380608
52772864	157380608
52772864	157380608
52772864	157380608
52772864	157380608
52772864	157380608
52772864	157380608
52772864	105201664
52772864	105201664
52772864	105201664
52772864	105201664
52772864	105201664
52772864	105201664
52772864	105201664
52772864	105201664
52772864	105201664
52772864	105201664
52772864	105201664
52772864	105201664
52772864	105201664
52772864	105201664
52772864	105201664
52772864	105201664
52772864	105201664
52772864	105201664
52772864	105201664
52772864	105201664
52772864	105201664
52772864	105201664
52772864	105201664
52772864	105201664
52772864	105201664
52772864	105201664
52772864	105201664
52772864	105201664
52772864	105201664
52772864	105201664
52772864	105201664
75808768	105201664
106680320	125681664
108081152	125681664
108220416	125681664
108830720	125681664
109109248	125681664
109080576	125681664
109195264	125681664
110940160	125681664
125644800	125681664
138280960	146161664
180215808	187121664
273387520	289521664
277442560	289521664
157016064	289521664
157007872	289521664
157007872	289521664
157007872	289521664
157007872	289521664
157007872	289521664
157007872	289521664
157007872	289521664
157007872	289521664
157007872	289521664
157007872	289521664
157007872	289521664
157007872	289521664
157007872	209436672
157007872	209436672
157007872	209436672
157007872	209436672
157007872	209436672
157007872	209436672
157007872	209436672
157007872	209436672
157007872	209436672
157007872	209436672
157007872	209436672
157007872	209436672
157007872	209436672
157007872	209436672
157007872	209436672
157007872	209436672
157007872	209436672
157007872	209436672
157007872	209436672
157007872	209436672
157007872	209436672
157007872	209436672
157007872	209436672
157007872	209436672
157007872	209436672
157007872	209436672
157007872	209436672
157007872	209436672
157007872	209436672
157007872	209436672
157007872	209436672
157007872	209436672
157007872	209436672
165744640	209436672
198000640	209436672
212525056	229916672
212635648	229916672
213168128	229916672
213422080	229916672
213630976	229916672
213585920	229916672
221769728	229916672
229826560	229916672
240443392	250396672
284852224	291356672
188096512	291356672
218882048	291356672
244527104	291356672
244772864	291356672
246157312	291356672
265408512	291356672
274534400	291356672
285396992	291356672
304009216	311836672
397975552	414236672
402112512	414236672
371224576	414236672
281534464	414236672
281534464	414236672
281534464	333963264
281534464	333963264
281534464	333963264
281534464	333963264
281534464	333963264
281534464	333963264
281534464	333963264
281534464	333963264
281534464	333963264
281534464	333963264
281534464	333963264
281534464	333963264
281534464	333963264
281534464	333963264
281534464	333963264
281534464	333963264
281534464	333963264
281534464	333963264
281534464	333963264
281534464	333963264
281534464	333963264
281534464	333963264
281534464	333963264
281534464	333963264
281534464	333963264
281534464	333963264
281534464	333963264
281534464	333963264
281534464	333963264
281534464	333963264
281534464	333963264
281534464	333963264
281534464	333963264
283369472	333963264
320073728	333963264
337113088	354443264
337547264	354443264
337526784	354443264
337715200	354443264
337846272	354443264
337838080	354443264
341295104	354443264
353259520	354443264
354430976	354443264
407015424	415883264
501411840	518283264
504676352	518283264
469143552	518283264
385609728	518283264
385609728	518283264
393687040	518283264
439652352	518283264
441044992	518283264
441749504	518283264
443166720	518283264
461152256	518283264
472551424	518283264
484200448	518283264
498200576	518283264
398348288	518283264
398295040	518283264
398295040	518283264
398295040	518283264
398295040	518283264
398295040	518283264
398295040	518283264
398295040	518283264
398295040	518283264
398295040	518283264
398295040	518283264
398295040	518283264
398295040	518283264
398295040	518283264
398295040	518283264
398295040	518283264
398295040	518283264
398295040	518283264
398295040	518283264
398295040	518283264
398295040	518283264
398295040	518283264
398295040	518283264
398295040	518283264
398295040	518283264
398295040	450723840
398295040	450723840
398295040	450723840
398295040	450723840
398295040	450723840
398295040	450723840
398295040	450723840
398295040	450723840
398295040	450723840
398295040	450723840
398295040	450723840
398295040	450723840
398295040	450723840
398295040	450723840
398295040	450723840
398295040	450723840
398295040	450723840
398295040	450723840
398295040	450723840
398295040	450723840
398295040	450723840
398295040	450723840
398295040	450723840
398295040	450723840
398295040	450723840
398295040	450723840
398295040	450723840
398295040	450723840
398295040	450723840
398295040	450723840
398295040	450723840
398295040	450723840
398295040	450723840
398295040	450723840
398295040	450723840
398295040	450723840
398295040	450723840
398295040	450723840
398295040	450723840
398295040	450723840
398295040	450723840
398295040	450723840
398295040	450723840
