0	117344
15190	30760
1841	30000
529	30000
8	30000
1331	30000
1649	30000
839	30000
1182	30000
19461	54000
94091	109000
99721	104000
96925	98383
106296	117684
17792	90147
78495	105693
10441	30000
5116	30000
51652	114000
109659	114000
53869	88320
0	88320
0	88320
0	88320
0	88320
0	88320
0	88320
0	88320
0	88320
0	88320
0	88320
0	88320
0	88320
0	88320
0	88320
0	88320
0	88320
0	88320
0	88320
0	88320
0	88320
0	88320
0	88320
0	88320
0	88320
0	88320
0	88320
0	88320
0	88320
0	88320
0	88320
0	88320
21683	70656
70429	95973
3042	30000
207	30000
3594	30000
7153	30000
1099	30000
18	30000
47	30000
0	30000
41263	90000
99686	109000
99287	96640
97556	106000
105624	108600
99840	103600
65027	66304
5500	33947
50945	96757
33740	44546
1490	30000
181	30000
1698	30000
749	30000
7675	30000
62633	70552
78250	77777
78184	77777
77923	77777
87593	96443
36031	77154
0	77154
0	77154
0	77154
0	77154
0	77154
0	77154
0	77154
0	77154
0	77154
0	77154
0	77154
0	77154
0	77154
0	77154
0	77154
0	77154
0	77154
0	77154
0	77154
0	77154
0	77154
0	77154
0	77154
0	77154
0	77154
0	77154
0	77154
0	77154
0	77154
4150	61723
76356	76275
6825	30000
2621	30000
1099	30000
11	30000
289	30000
1824	30000
700	30000
7042	30000
87356	114000
99756	104000
103597	128000
68454	107000
9526	54784
71337	91827
2452	30000
754	30000
9	30000
288	30000
2551	30000
11655	42000
89757	109000
100169	104000
103357	102400
42830	52428
0	52428
0	52428
0	52428
0	52428
0	52428
0	52428
0	52428
0	52428
0	52428
0	52428
0	52428
0	52428
0	52428
0	52428
0	52428
0	52428
0	52428
0	52428
0	52428
0	52428
0	52428
0	52428
0	52428
0	52428
0	52428
0	52428
0	52428
0	52428
0	52428
0	52428
0	52428
0	52428
0	52428
0	52428
23821	52428
47550	106951
2311	35044
958	30000
794	30000
159	30000
192	30000
1406	30000
976	30000
7138	30000
84706	114000
99786	104000
105997	140000
79536	119680
6995	76595
73840	97020
13535	30000
1150	30000
335	30000
3542	30000
62980	114000
99855	104000
105537	116000
93605	107000
0	107000
0	107000
0	107000
0	107000
0	107000
0	107000
0	107000
0	107000
0	107000
0	107000
0	107000
0	107000
0	107000
0	107000
0	107000
0	107000
0	107000
0	107000
0	107000
0	107000
0	107000
0	107000
0	107000
0	107000
0	107000
0	107000
0	107000
0	107000
0	107000
0	107000
0	107000
0	107000
0	107000
0	107000
0	107000
0	107000
50038	88761
30447	44812
2135	30000
186	30000
15	30000
1579	30000
968	30000
8794	30000
78179	114000
84622	83200
94571	114560
97717	115448
6587	59108
62626	109828
21686	30000
11330	30000
63821	86468
86963	91671
98821	118601
105349	113601
18730	86880
0	86880
0	86880
0	86880
0	86880
0	86880
0	86880
0	86880
0	86880
0	86880
0	86880
0	86880
0	86880
0	86880
0	86880
0	86880
0	86880
0	86880
0	86880
0	86880
0	86880
0	86880
0	86880
0	86880
0	86880
0	86880
0	86880
0	86880
0	86880
0	86880
0	86880
0	86880
0	86880
0	86880
0	86880
0	86880
0	86880
0	86880
0	86880
0	86880
0	86880
0	86880
0	86880
0	86880
0	86880
0	86880
0	86880
0	86880
