0	110960
101189	103968
16592	66539
0	66539
0	66539
0	66539
0	66539
0	66539
0	66539
0	66539
0	66539
0	66539
0	66539
0	66539
0	66539
0	66539
0	66539
0	66539
0	66539
0	66539
0	66539
0	66539
0	66539
0	66539
0	66539
0	66539
0	66539
0	66539
0	66539
0	66539
0	66539
0	66539
0	66539
0	66539
0	66539
0	66539
0	66539
0	66539
0	66539
0	66539
0	66539
0	66539
0	66539
0	66539
0	66539
0	66539
0	66539
0	66539
0	66539
0	66539
0	66539
0	66539
0	66539
0	66539
0	66539
0	66539
8936	52184
58401	112184
5718	45949
4	30000
44	30000
1599	30000
210	30000
645	30000
1271	30000
471	30000
3502	30000
1651	30000
64676	119429
105498	105143
69392	72264
0	72264
0	72264
0	72264
0	72264
0	72264
0	72264
0	72264
0	72264
0	72264
0	72264
0	72264
0	72264
0	72264
0	72264
0	72264
0	72264
0	72264
0	72264
0	72264
0	72264
0	72264
0	72264
0	72264
0	72264
0	72264
0	72264
0	72264
0	72264
0	72264
0	72264
0	72264
0	72264
0	72264
0	72264
0	72264
0	72264
0	72264
0	72264
0	72264
0	72264
0	72264
0	72264
0	72264
0	72264
0	72264
0	72264
0	72264
0	72264
0	72264
0	72264
0	72264
0	72264
0	72264
0	72264
0	72264
0	72264
0	72264
0	72264
0	72264
0	72264
0	72264
0	72264
0	72264
0	72264
0	72264
0	72264
0	72264
0	72264
0	72264
0	72264
0	72264
0	72264
0	72264
0	72264
0	72264
0	72264
0	72264
0	72264
0	72264
0	72264
0	72264
0	72264
0	72264
0	72264
0	72264
0	72264
0	72264
0	72264
0	72264
0	72264
0	72264
0	72264
0	72264
0	72264
0	72264
0	72264
0	72264
0	72264
0	72264
0	72264
0	72264
0	72264
0	72264
0	72264
1946	46248
11435	30000
70037	91200
2208	30000
1220	30000
797	30000
333	30000
349	30000
335	30000
971	30000
2060	30000
1982	30000
46622	95000
98577	119200
99833	104200
92153	89728
59243	86225
0	86225
0	86225
0	86225
0	86225
0	86225
0	86225
0	86225
0	86225
0	86225
0	86225
0	86225
0	86225
0	86225
0	86225
0	86225
0	86225
0	86225
0	86225
0	86225
0	86225
0	86225
0	86225
0	86225
0	86225
0	86225
0	86225
0	86225
0	86225
0	86225
0	86225
0	86225
0	86225
0	86225
0	86225
0	86225
0	86225
0	86225
0	86225
0	86225
0	86225
0	86225
0	86225
0	86225
0	86225
0	86225
0	86225
0	86225
0	86225
0	86225
0	86225
0	86225
0	86225
0	86225
0	86225
0	86225
0	86225
0	86225
0	86225
0	86225
0	86225
0	86225
0	86225
0	86225
0	86225
0	86225
0	86225
0	86225
0	86225
0	86225
0	86225
0	86225
0	86225
0	86225
0	86225
0	86225
0	86225
0	86225
0	86225
0	86225
0	86225
0	86225
0	86225
0	86225
0	86225
0	86225
0	86225
0	86225
0	86225
0	86225
0	86225
0	86225
0	86225
0	86225
0	86225
0	86225
0	86225
0	86225
0	86225
0	86225
0	86225
0	86225
0	86225
0	86225
0	86225
0	86225
0	86225
0	86225
0	86225
