42209280	268435456
139714560	268435456
39874560	268435456
37126144	268435456
37117952	268435456
37367808	268435456
37265408	268435456
37318656	268435456
37318656	268435456
37318656	268435456
148656128	268435456
40517632	268435456
40443904	268435456
40443904	268435456
40443904	268435456
40427520	268435456
40427520	268435456
40427520	268435456
40427520	268435456
40427520	268435456
40427520	268435456
40427520	268435456
40427520	268435456
40513536	268435456
40640512	268435456
40595456	268435456
40726528	268435456
40673280	268435456
40787968	268435456
40787968	268435456
40660992	268435456
40660992	268435456
40660992	268435456
40660992	268435456
40660992	268435456
40660992	268435456
40660992	268435456
40660992	268435456
40660992	268435456
40660992	268435456
40660992	268435456
40660992	268435456
40660992	268435456
40660992	268435456
40660992	268435456
40660992	268435456
40660992	268435456
40660992	268435456
40812544	268435456
40943616	268435456
40849408	268435456
41041920	268435456
41041920	268435456
40914944	268435456
40898560	268435456
40898560	268435456
40898560	268435456
40898560	268435456
40882176	268435456
40882176	268435456
40882176	268435456
40882176	268435456
40882176	268435456
40882176	268435456
40882176	268435456
40882176	268435456
40882176	268435456
40882176	268435456
40882176	268435456
40882176	268435456
40882176	268435456
40865792	268435456
40865792	268435456
40865792	268435456
40865792	268435456
41766912	268435456
139231232	268435456
44347392	268435456
39657472	268435456
39788544	268435456
39600128	268435456
41529344	268435456
45514752	268435456
42962944	268435456
42840064	268435456
42823680	268435456
42774528	268435456
42758144	268435456
42655744	268435456
45539328	268435456
42692608	268435456
42692608	268435456
42692608	268435456
42692608	268435456
42676224	268435456
42676224	268435456
42676224	268435456
42807296	268435456
42807296	268435456
42807296	268435456
42704896	268435456
42704896	268435456
43098112	268435456
42946560	268435456
42762240	268435456
42762240	268435456
42762240	268435456
42745856	268435456
42745856	268435456
42745856	268435456
42745856	268435456
42745856	268435456
42745856	268435456
42745856	268435456
42745856	268435456
42745856	268435456
42745856	268435456
42745856	268435456
43200512	268435456
42934272	268435456
42807296	268435456
42807296	268435456
42807296	268435456
42807296	268435456
42807296	268435456
42807296	268435456
45428736	268435456
42815488	268435456
43077632	268435456
42815488	268435456
42815488	268435456
40742912	268435456
40693760	268435456
144478208	268435456
46600192	268435456
152764416	268435456
44322816	268435456
49426432	268435456
44363776	268435456
44306432	268435456
44306432	268435456
44310528	268435456
44310528	268435456
44310528	268435456
44310528	268435456
44310528	268435456
44294144	268435456
44294144	268435456
44294144	268435456
44380160	268435456
44380160	268435456
44380160	268435456
44380160	268435456
44380160	268435456
44380160	268435456
44380160	268435456
44380160	268435456
44380160	268435456
44380160	268435456
44380160	268435456
44380160	268435456
44380160	268435456
44380160	268435456
44380160	268435456
44380160	268435456
44380160	268435456
44380160	268435456
44380160	268435456
44380160	268435456
44380160	268435456
44380160	268435456
44380160	268435456
44380160	268435456
44380160	268435456
44380160	268435456
44380160	268435456
44380160	268435456
44380160	268435456
44380160	268435456
44380160	268435456
44380160	268435456
44380160	268435456
44380160	268435456
44380160	268435456
44380160	268435456
44380160	268435456
44380160	268435456
44380160	268435456
44380160	268435456
44380160	268435456
44380160	268435456
44380160	268435456
44380160	268435456
44380160	268435456
44380160	268435456
44380160	268435456
44363776	268435456
44363776	268435456
44363776	268435456
44363776	268435456
44363776	268435456
44363776	268435456
44363776	268435456
44363776	268435456
44363776	268435456
44363776	268435456
44363776	268435456
44363776	268435456
44363776	268435456
44363776	268435456
44363776	268435456
44363776	268435456
44363776	268435456
44363776	268435456
44363776	268435456
44363776	268435456
44363776	268435456
44363776	268435456
44363776	268435456
44457984	268435456
44457984	268435456
44462080	268435456
44462080	268435456
42242048	268435456
42180608	268435456
42180608	268435456
42180608	268435456
45252608	268435456
145977344	268435456
45346816	268435456
42831872	268435456
42704896	268435456
42844160	268435456
44630016	268435456
50585600	268435456
45535232	268435456
45535232	268435456
45535232	268435456
45535232	268435456
45649920	268435456
45559808	268435456
45559808	268435456
45559808	268435456
45559808	268435456
45559808	268435456
45453312	268435456
45453312	268435456
45744128	268435456
45744128	268435456
45744128	268435456
45555712	268435456
45555712	268435456
45539328	268435456
45539328	268435456
45670400	268435456
45555712	268435456
45555712	268435456
45555712	268435456
45555712	268435456
45555712	268435456
45555712	268435456
45555712	268435456
45555712	268435456
45555712	268435456
45801472	268435456
45543424	268435456
45543424	268435456
45543424	268435456
45543424	268435456
45543424	268435456
45543424	268435456
45543424	268435456
45543424	268435456
45543424	268435456
45543424	268435456
45543424	268435456
45543424	268435456
45543424	268435456
45543424	268435456
45543424	268435456
45543424	268435456
45543424	268435456
45543424	268435456
45543424	268435456
45543424	268435456
45543424	268435456
45543424	268435456
45543424	268435456
45543424	268435456
45543424	268435456
45543424	268435456
45543424	268435456
45543424	268435456
45543424	268435456
45527040	268435456
45527040	268435456
45527040	268435456
45527040	268435456
45527040	268435456
45527040	268435456
45527040	268435456
45527040	268435456
45527040	268435456
45527040	268435456
45527040	268435456
45527040	268435456
45527040	268435456
45789184	268435456
45527040	268435456
43458560	268435456
43257856	268435456
43257856	268435456
43257856	268435456
43257856	268435456
43241472	268435456
43241472	268435456
146997248	268435456
46166016	268435456
43864064	268435456
43864064	268435456
43864064	268435456
43847680	268435456
36507648	268435456
36507648	268435456
36507648	268435456
36380672	268435456
36265984	268435456
36610048	268435456
38391808	268435456
44138496	268435456
38920192	268435456
38920192	268435456
38920192	268435456
38920192	268435456
38903808	268435456
38903808	268435456
38903808	268435456
38903808	268435456
38936576	268435456
38936576	268435456
38936576	268435456
38936576	268435456
38952960	268435456
38952960	268435456
38993920	268435456
38993920	268435456
38993920	268435456
38993920	268435456
38977536	268435456
38977536	268435456
38977536	268435456
38977536	268435456
38977536	268435456
38977536	268435456
38977536	268435456
38985728	268435456
39112704	268435456
38985728	268435456
38985728	268435456
38985728	268435456
38985728	268435456
38985728	268435456
38985728	268435456
38985728	268435456
38985728	268435456
38985728	268435456
38985728	268435456
38985728	268435456
38985728	268435456
38985728	268435456
38985728	268435456
38985728	268435456
38985728	268435456
38985728	268435456
38985728	268435456
38985728	268435456
38985728	268435456
38985728	268435456
38985728	268435456
38985728	268435456
38985728	268435456
38985728	268435456
38985728	268435456
38985728	268435456
38985728	268435456
38985728	268435456
38985728	268435456
38985728	268435456
38985728	268435456
38969344	268435456
38969344	268435456
38969344	268435456
38969344	268435456
38969344	268435456
38969344	268435456
38969344	268435456
38969344	268435456
38969344	268435456
38969344	268435456
38969344	268435456
38969344	268435456
38969344	268435456
38969344	268435456
38969344	268435456
38969344	268435456
38969344	268435456
38969344	268435456
38969344	268435456
38969344	268435456
38969344	268435456
38969344	268435456
38969344	268435456
38969344	268435456
38969344	268435456
38969344	268435456
38969344	268435456
38969344	268435456
38969344	268435456
38969344	268435456
38969344	268435456
36622336	268435456
36622336	268435456
36622336	268435456
123449344	268435456
140505088	268435456
40349696	268435456
37482496	268435456
37482496	268435456
37359616	268435456
37359616	268435456
37343232	268435456
37343232	268435456
37343232	268435456
148770816	268435456
40484864	268435456
40448000	268435456
40448000	268435456
40267776	268435456
40251392	268435456
40251392	268435456
40206336	268435456
42827776	268435456
40226816	268435456
40226816	268435456
40226816	268435456
40226816	268435456
38060032	268435456
42627072	268435456
142020608	268435456
41349120	268435456
38567936	268435456
38567936	268435456
38551552	268435456
38551552	268435456
38551552	268435456
38551552	268435456
38551552	268435456
38551552	268435456
38551552	268435456
38551552	268435456
38551552	268435456
38551552	268435456
38682624	268435456
149561344	268435456
41271296	268435456
41152512	268435456
41152512	268435456
41152512	268435456
41136128	268435456
41136128	268435456
41136128	268435456
41136128	268435456
41136128	268435456
41136128	268435456
43757568	268435456
41156608	268435456
41156608	268435456
41156608	268435456
41156608	268435456
41140224	268435456
41140224	268435456
41140224	268435456
41140224	268435456
41140224	268435456
41140224	268435456
41140224	268435456
41140224	268435456
41275392	268435456
41160704	268435456
41291776	268435456
41193472	268435456
41193472	268435456
41193472	268435456
41193472	268435456
41193472	268435456
41193472	268435456
41193472	268435456
41177088	268435456
41177088	268435456
41177088	268435456
41177088	268435456
41177088	268435456
41177088	268435456
41177088	268435456
41177088	268435456
41177088	268435456
41177088	268435456
41177088	268435456
41177088	268435456
41177088	268435456
41177088	268435456
41177088	268435456
133234688	268435456
139198464	268435456
42151936	268435456
39366656	268435456
39510016	268435456
39436288	268435456
39436288	268435456
39436288	268435456
39436288	268435456
39436288	268435456
39419904	268435456
39419904	268435456
39419904	268435456
39419904	268435456
39419904	268435456
39419904	268435456
39419904	268435456
39419904	268435456
39419904	268435456
39419904	268435456
39419904	268435456
39419904	268435456
39419904	268435456
39419904	268435456
39419904	268435456
39419904	268435456
39419904	268435456
39419904	268435456
39419904	268435456
39419904	268435456
39419904	268435456
39419904	268435456
39419904	268435456
39419904	268435456
39419904	268435456
39419904	268435456
39419904	268435456
39419904	268435456
39419904	268435456
39419904	268435456
42188800	268435456
39444480	268435456
39444480	268435456
39444480	268435456
39444480	268435456
39428096	268435456
39428096	268435456
39428096	268435456
39428096	268435456
39428096	268435456
39428096	268435456
39428096	268435456
39428096	268435456
39428096	268435456
39428096	268435456
39428096	268435456
39428096	268435456
143208448	268435456
139894784	268435456
39960576	268435456
39960576	268435456
39960576	268435456
39944192	268435456
39944192	268435456
39944192	268435456
39944192	268435456
39944192	268435456
151023616	268435456
42692608	268435456
42524672	268435456
42524672	268435456
42524672	268435456
42668032	268435456
42557440	268435456
42455040	268435456
42848256	268435456
42545152	268435456
42545152	268435456
