20582400	268435456
38273024	268435456
139186176	268435456
41443328	268435456
36462592	268435456
36548608	268435456
150466560	268435456
40079360	268435456
39849984	268435456
39849984	268435456
39985152	268435456
40005632	268435456
40263680	268435456
40349696	268435456
40349696	268435456
40349696	268435456
40349696	268435456
40349696	268435456
38068224	268435456
41222144	268435456
135053312	268435456
138592256	268435456
39129088	268435456
149954560	268435456
41705472	268435456
41639936	268435456
44232704	268435456
41799680	268435456
41799680	268435456
41930752	268435456
41779200	268435456
41680896	268435456
41680896	268435456
41680896	268435456
44322816	268435456
41803776	268435456
39567360	268435456
39514112	268435456
40509440	268435456
139800576	268435456
139980800	268435456
67907584	268435456
43155456	268435456
43102208	268435456
43085824	268435456
43216896	268435456
43249664	268435456
43249664	268435456
43151360	268435456
43151360	268435456
43151360	268435456
43151360	268435456
43368448	268435456
43356160	268435456
43356160	268435456
43356160	268435456
43356160	268435456
43433984	268435456
43433984	268435456
43433984	268435456
43433984	268435456
43433984	268435456
43433984	268435456
43433984	268435456
43433984	268435456
43433984	268435456
43433984	268435456
43692032	268435456
144863232	268435456
44347392	268435456
75005952	268435456
44953600	268435456
44650496	268435456
44634112	268435456
44539904	268435456
44539904	268435456
44539904	268435456
44539904	268435456
44576768	268435456
44576768	268435456
44576768	268435456
44576768	268435456
44576768	268435456
44560384	268435456
44560384	268435456
44560384	268435456
44560384	268435456
44560384	268435456
44560384	268435456
44785664	268435456
44716032	268435456
44716032	268435456
42582016	268435456
44945408	268435456
146370560	268435456
142991360	268435456
43450368	268435456
43507712	268435456
154759168	268435456
46436352	268435456
46043136	268435456
46301184	268435456
46399488	268435456
46182400	268435456
46182400	268435456
46137344	268435456
48926720	268435456
46182400	268435456
46182400	268435456
48496640	268435456
46190592	268435456
46190592	268435456
46190592	268435456
46190592	268435456
46190592	268435456
46190592	268435456
46174208	268435456
46174208	268435456
46174208	268435456
46174208	268435456
46174208	268435456
46174208	268435456
46174208	268435456
46174208	268435456
46174208	268435456
46174208	268435456
46174208	268435456
46174208	268435456
48533504	268435456
46174208	268435456
46174208	268435456
46174208	268435456
48533504	268435456
48574464	268435456
46186496	268435456
46186496	268435456
46186496	268435456
46186496	268435456
46186496	268435456
46186496	268435456
46186496	268435456
46186496	268435456
46186496	268435456
46186496	268435456
46186496	268435456
46186496	268435456
46186496	268435456
46186496	268435456
46186496	268435456
46186496	268435456
46186496	268435456
46186496	268435456
46186496	268435456
46186496	268435456
46186496	268435456
46186496	268435456
46186496	268435456
46186496	268435456
46186496	268435456
46170112	268435456
46170112	268435456
46170112	268435456
46170112	268435456
46170112	268435456
46170112	268435456
46170112	268435456
46170112	268435456
46170112	268435456
46170112	268435456
46678016	268435456
44036096	268435456
43925504	268435456
43925504	268435456
144334848	268435456
144363520	268435456
47562752	268435456
156172288	268435456
47546368	268435456
47546368	268435456
47529984	268435456
47661056	268435456
47661056	268435456
47546368	268435456
47546368	268435456
47546368	268435456
47554560	268435456
47554560	268435456
47554560	268435456
47554560	268435456
47554560	268435456
47554560	268435456
47554560	268435456
47554560	268435456
47554560	268435456
47640576	268435456
47624192	268435456
47624192	268435456
47624192	268435456
47542272	268435456
47661056	268435456
47661056	268435456
47661056	268435456
47661056	268435456
47542272	268435456
47542272	268435456
47542272	268435456
47542272	268435456
47542272	268435456
47546368	268435456
47546368	268435456
47558656	268435456
47550464	268435456
47550464	268435456
47550464	268435456
47550464	268435456
47550464	268435456
47550464	268435456
47550464	268435456
47550464	268435456
47550464	268435456
47550464	268435456
47550464	268435456
47550464	268435456
47550464	268435456
47550464	268435456
47550464	268435456
47550464	268435456
47550464	268435456
47550464	268435456
47550464	268435456
47550464	268435456
47550464	268435456
47550464	268435456
47603712	268435456
47603712	268435456
47550464	268435456
47534080	268435456
47534080	268435456
47534080	268435456
47534080	268435456
47534080	268435456
47534080	268435456
47534080	268435456
47534080	268435456
47534080	268435456
47534080	268435456
47534080	268435456
47534080	268435456
47534080	268435456
47534080	268435456
47534080	268435456
47534080	268435456
47534080	268435456
47534080	268435456
47534080	268435456
47534080	268435456
47624192	268435456
47624192	268435456
47534080	268435456
47534080	268435456
47534080	268435456
47534080	268435456
47534080	268435456
47534080	268435456
47534080	268435456
47534080	268435456
47534080	268435456
47534080	268435456
47534080	268435456
47534080	268435456
47534080	268435456
47534080	268435456
47534080	268435456
47534080	268435456
47534080	268435456
47534080	268435456
47534080	268435456
47534080	268435456
47534080	268435456
47534080	268435456
47534080	268435456
47534080	268435456
47534080	268435456
47534080	268435456
47534080	268435456
47534080	268435456
47534080	268435456
47534080	268435456
47534080	268435456
47534080	268435456
47534080	268435456
47534080	268435456
47534080	268435456
47534080	268435456
47534080	268435456
47534080	268435456
47534080	268435456
47534080	268435456
47534080	268435456
47534080	268435456
47534080	268435456
47534080	268435456
47534080	268435456
47534080	268435456
47534080	268435456
47534080	268435456
47534080	268435456
47534080	268435456
47554560	268435456
45338624	268435456
45285376	268435456
45285376	268435456
45285376	268435456
45285376	268435456
47046656	268435456
148955136	268435456
50900992	268435456
48467968	268435456
48476160	268435456
45977600	268435456
45735936	268435456
38486016	268435456
39968768	268435456
149700608	268435456
41472000	268435456
41172992	268435456
41123840	268435456
41123840	268435456
43483136	268435456
41123840	268435456
41123840	268435456
41107456	268435456
41238528	268435456
41238528	268435456
41238528	268435456
41127936	268435456
41127936	268435456
41127936	268435456
41127936	268435456
41127936	268435456
41127936	268435456
41127936	268435456
41111552	268435456
41111552	268435456
41111552	268435456
41111552	268435456
41111552	268435456
41111552	268435456
41111552	268435456
41111552	268435456
41111552	268435456
41111552	268435456
41111552	268435456
41111552	268435456
41111552	268435456
41111552	268435456
41111552	268435456
41111552	268435456
41111552	268435456
41111552	268435456
41111552	268435456
41111552	268435456
41111552	268435456
41111552	268435456
41111552	268435456
41111552	268435456
41111552	268435456
41111552	268435456
41111552	268435456
41111552	268435456
41111552	268435456
41111552	268435456
41111552	268435456
41111552	268435456
41111552	268435456
41111552	268435456
41111552	268435456
41111552	268435456
38895616	268435456
141635584	268435456
139149312	268435456
39751680	268435456
39559168	268435456
39440384	268435456
39342080	268435456
39342080	268435456
39342080	268435456
39342080	268435456
39342080	268435456
39342080	268435456
39342080	268435456
39497728	268435456
40849408	268435456
41349120	268435456
150556672	268435456
42348544	268435456
42225664	268435456
42082304	268435456
42086400	268435456
42070016	268435456
42115072	268435456
42115072	268435456
42115072	268435456
42115072	268435456
42115072	268435456
42115072	268435456
42115072	268435456
42115072	268435456
42115072	268435456
42115072	268435456
42098688	268435456
42098688	268435456
42344448	268435456
39895040	268435456
39895040	268435456
39755776	268435456
39755776	268435456
39739392	268435456
39739392	268435456
39739392	268435456
39739392	268435456
39739392	268435456
39739392	268435456
39739392	268435456
39739392	268435456
143704064	268435456
42864640	268435456
40652800	268435456
40284160	268435456
40284160	268435456
40177664	268435456
40177664	268435456
57004032	268435456
45101056	268435456
42860544	268435456
42860544	268435456
42860544	268435456
42704896	268435456
42704896	268435456
42704896	268435456
42704896	268435456
42704896	268435456
42704896	268435456
42704896	268435456
42704896	268435456
42704896	268435456
42704896	268435456
42704896	268435456
42704896	268435456
42704896	268435456
42770432	268435456
42729472	268435456
42729472	268435456
42729472	268435456
42729472	268435456
42729472	268435456
42729472	268435456
42729472	268435456
42729472	268435456
42729472	268435456
42713088	268435456
42713088	268435456
42713088	268435456
42713088	268435456
42713088	268435456
42713088	268435456
42713088	268435456
42713088	268435456
42713088	268435456
42713088	268435456
42713088	268435456
42713088	268435456
42713088	268435456
42713088	268435456
42713088	268435456
42713088	268435456
42713088	268435456
42713088	268435456
42713088	268435456
42713088	268435456
42713088	268435456
42713088	268435456
42713088	268435456
42713088	268435456
42713088	268435456
42713088	268435456
42713088	268435456
42713088	268435456
42713088	268435456
42713088	268435456
42713088	268435456
42713088	268435456
42713088	268435456
42696704	268435456
42696704	268435456
42696704	268435456
42696704	268435456
42696704	268435456
42696704	268435456
42696704	268435456
42696704	268435456
42696704	268435456
42696704	268435456
42696704	268435456
42696704	268435456
42696704	268435456
42696704	268435456
42696704	268435456
42696704	268435456
42696704	268435456
42696704	268435456
42696704	268435456
42696704	268435456
42696704	268435456
42696704	268435456
42696704	268435456
42696704	268435456
42696704	268435456
42696704	268435456
42696704	268435456
42696704	268435456
42696704	268435456
42696704	268435456
42696704	268435456
42696704	268435456
42696704	268435456
42696704	268435456
42696704	268435456
42696704	268435456
42696704	268435456
42696704	268435456
42696704	268435456
42696704	268435456
42696704	268435456
42696704	268435456
42696704	268435456
42696704	268435456
42696704	268435456
42696704	268435456
42696704	268435456
42696704	268435456
42696704	268435456
42696704	268435456
42696704	268435456
42696704	268435456
42696704	268435456
42696704	268435456
42696704	268435456
42696704	268435456
42696704	268435456
42696704	268435456
42696704	268435456
42696704	268435456
42696704	268435456
42696704	268435456
42696704	268435456
42696704	268435456
42696704	268435456
42696704	268435456
42696704	268435456
42696704	268435456
42696704	268435456
42696704	268435456
42696704	268435456
42696704	268435456
42696704	268435456
42696704	268435456
42696704	268435456
42696704	268435456
42696704	268435456
42696704	268435456
42696704	268435456
42696704	268435456
42696704	268435456
42696704	268435456
42696704	268435456
42696704	268435456
42696704	268435456
42696704	268435456
42696704	268435456
42696704	268435456
42696704	268435456
42696704	268435456
42696704	268435456
42696704	268435456
42696704	268435456
42696704	268435456
42696704	268435456
42696704	268435456
42696704	268435456
42696704	268435456
42696704	268435456
42696704	268435456
42696704	268435456
42696704	268435456
42696704	268435456
42696704	268435456
42696704	268435456
42696704	268435456
42696704	268435456
42696704	268435456
42696704	268435456
42696704	268435456
42696704	268435456
42696704	268435456
42696704	268435456
42696704	268435456
42696704	268435456
42696704	268435456
42696704	268435456
42696704	268435456
42696704	268435456
42713088	268435456
42696704	268435456
42696704	268435456
42696704	268435456
42696704	268435456
42696704	268435456
42696704	268435456
42696704	268435456
42696704	268435456
42696704	268435456
42696704	268435456
42696704	268435456
42950656	268435456
42717184	268435456
42717184	268435456
42717184	268435456
42717184	268435456
42717184	268435456
42717184	268435456
42717184	268435456
42831872	268435456
40353792	268435456
40337408	268435456
40337408	268435456
40337408	268435456
40337408	268435456
40337408	268435456
40337408	268435456
40337408	268435456
40337408	268435456
43274240	268435456
40644608	268435456
40652800	268435456
40652800	268435456
40652800	268435456
40603648	268435456
40603648	268435456
40603648	268435456
40603648	268435456
40603648	268435456
40603648	268435456
40603648	268435456
40603648	268435456
40603648	268435456
140935168	268435456
140787712	268435456
41062400	268435456
41062400	268435456
40820736	268435456
40804352	268435456
40804352	268435456
40804352	268435456
40804352	268435456
40804352	268435456
40804352	268435456
40804352	268435456
152158208	268435456
43659264	268435456
43659264	268435456
43606016	268435456
43606016	268435456
43536384	268435456
43536384	268435456
43536384	268435456
43536384	268435456
43536384	268435456
43536384	268435456
43536384	268435456
43536384	268435456
43536384	268435456
43536384	268435456
43536384	268435456
43536384	268435456
43536384	268435456
43536384	268435456
43536384	268435456
43565056	268435456
43565056	268435456
43565056	268435456
43565056	268435456
43565056	268435456
43548672	268435456
46039040	268435456
43683840	268435456
43565056	268435456
43565056	268435456
43565056	268435456
43565056	268435456
43565056	268435456
43565056	268435456
43565056	268435456
43565056	268435456
43548672	268435456
43548672	268435456
43548672	268435456
43548672	268435456
43548672	268435456
43548672	268435456
43548672	268435456
43548672	268435456
43548672	268435456
43548672	268435456
43548672	268435456
43548672	268435456
43548672	268435456
43548672	268435456
43548672	268435456
43548672	268435456
43548672	268435456
43548672	268435456
43548672	268435456
43548672	268435456
43548672	268435456
43548672	268435456
43548672	268435456
43548672	268435456
