37617664	268435456
35221504	268435456
35307520	268435456
35524608	268435456
35708928	268435456
126418944	268435456
136749056	268435456
40304640	268435456
148856832	268435456
40763392	268435456
40366080	268435456
40476672	268435456
40607744	268435456
40693760	268435456
40689664	268435456
40501248	268435456
40501248	268435456
40501248	268435456
40501248	268435456
40501248	268435456
40501248	268435456
40501248	268435456
40501248	268435456
40501248	268435456
40501248	268435456
40751104	268435456
40660992	268435456
40660992	268435456
40660992	268435456
40660992	268435456
40644608	268435456
40644608	268435456
40644608	268435456
40644608	268435456
40644608	268435456
40644608	268435456
40796160	268435456
40710144	268435456
40710144	268435456
40710144	268435456
40710144	268435456
139284480	268435456
44322816	268435456
39743488	268435456
39497728	268435456
39469056	268435456
39452672	268435456
39452672	268435456
39452672	268435456
39452672	268435456
39653376	268435456
41365504	268435456
42319872	268435456
42229760	268435456
42180608	268435456
42000384	268435456
42000384	268435456
41984000	268435456
41984000	268435456
41984000	268435456
41861120	268435456
41861120	268435456
41861120	268435456
41861120	268435456
41861120	268435456
41861120	268435456
41914368	268435456
41914368	268435456
41914368	268435456
41914368	268435456
41914368	268435456
41914368	268435456
41914368	268435456
41914368	268435456
41914368	268435456
41914368	268435456
41897984	268435456
41897984	268435456
41897984	268435456
41897984	268435456
41897984	268435456
41897984	268435456
41897984	268435456
41922560	268435456
41922560	268435456
41897984	268435456
41897984	268435456
41897984	268435456
41897984	268435456
41897984	268435456
41975808	268435456
41975808	268435456
41975808	268435456
41975808	268435456
41975808	268435456
41975808	268435456
41975808	268435456
41975808	268435456
41975808	268435456
41975808	268435456
41975808	268435456
41975808	268435456
41975808	268435456
41975808	268435456
41975808	268435456
41975808	268435456
41975808	268435456
41975808	268435456
41975808	268435456
41975808	268435456
41975808	268435456
41975808	268435456
41959424	268435456
41959424	268435456
41979904	268435456
41967616	268435456
41967616	268435456
41967616	268435456
42098688	268435456
41975808	268435456
41975808	268435456
41975808	268435456
41975808	268435456
41975808	268435456
41975808	268435456
39981056	268435456
39829504	268435456
39768064	268435456
39768064	268435456
39768064	268435456
39751680	268435456
39751680	268435456
40022016	268435456
142438400	268435456
140345344	268435456
40960000	268435456
42889216	268435456
151724032	268435456
43421696	268435456
43196416	268435456
43167744	268435456
43167744	268435456
43413504	268435456
43057152	268435456
43237376	268435456
43110400	268435456
43110400	268435456
43110400	268435456
43110400	268435456
43110400	268435456
43110400	268435456
43110400	268435456
43094016	268435456
43094016	268435456
43094016	268435456
43094016	268435456
43094016	268435456
43094016	268435456
43094016	268435456
43094016	268435456
43094016	268435456
43094016	268435456
43094016	268435456
43094016	268435456
43094016	268435456
43094016	268435456
43094016	268435456
43094016	268435456
43094016	268435456
43094016	268435456
43094016	268435456
43094016	268435456
43094016	268435456
43094016	268435456
43094016	268435456
43094016	268435456
43270144	268435456
43225088	268435456
43155456	268435456
43155456	268435456
43155456	268435456
43155456	268435456
43155456	268435456
43155456	268435456
43155456	268435456
43155456	268435456
43155456	268435456
43155456	268435456
43155456	268435456
43286528	268435456
43286528	268435456
43286528	268435456
43462656	268435456
43462656	268435456
43417600	268435456
43364352	268435456
43364352	268435456
43225088	268435456
43225088	268435456
43225088	268435456
43225088	268435456
43225088	268435456
43225088	268435456
43225088	268435456
43225088	268435456
43225088	268435456
43225088	268435456
43225088	268435456
43225088	268435456
43225088	268435456
43225088	268435456
43225088	268435456
43225088	268435456
43225088	268435456
43225088	268435456
43225088	268435456
43225088	268435456
43229184	268435456
43229184	268435456
43229184	268435456
43229184	268435456
43229184	268435456
43229184	268435456
43229184	268435456
43229184	268435456
43229184	268435456
43229184	268435456
43229184	268435456
36048896	268435456
35971072	268435456
33726464	268435456
34906112	268435456
134291456	268435456
36560896	268435456
34312192	268435456
34312192	268435456
34312192	268435456
34312192	268435456
34295808	268435456
34295808	268435456
34295808	268435456
34295808	268435456
34295808	268435456
37085184	268435456
34648064	268435456
34562048	268435456
34562048	268435456
34562048	268435456
34545664	268435456
34545664	268435456
34545664	268435456
34545664	268435456
34545664	268435456
34545664	268435456
34545664	268435456
34545664	268435456
138391552	268435456
37552128	268435456
35196928	268435456
35196928	268435456
35127296	268435456
35155968	268435456
35287040	268435456
35287040	268435456
35287040	268435456
35188736	268435456
36106240	268435456
38150144	268435456
37990400	268435456
37990400	268435456
37814272	268435456
37814272	268435456
37797888	268435456
37797888	268435456
37797888	268435456
37797888	268435456
37797888	268435456
37797888	268435456
37797888	268435456
37797888	268435456
37797888	268435456
42385408	268435456
42569728	268435456
38252544	268435456
35635200	268435456
35635200	268435456
35618816	268435456
35618816	268435456
35618816	268435456
35618816	268435456
35618816	268435456
35618816	268435456
35618816	268435456
35618816	268435456
35618816	268435456
37699584	268435456
139231232	268435456
38600704	268435456
38584320	268435456
147066880	268435456
40955904	268435456
38707200	268435456
38617088	268435456
38617088	268435456
38653952	268435456
38653952	268435456
38653952	268435456
38653952	268435456
38653952	268435456
38653952	268435456
38653952	268435456
38653952	268435456
38658048	268435456
38653952	268435456
38637568	268435456
38637568	268435456
38637568	268435456
38637568	268435456
38637568	268435456
38637568	268435456
38637568	268435456
38637568	268435456
38637568	268435456
38637568	268435456
38637568	268435456
38637568	268435456
38637568	268435456
38637568	268435456
