0	100000
605	100000
948	100000
48038	100000
89089	100000
3502	100000
384	100000
257	100000
422	100000
47781	100000
35572	100000
361	100000
298	100000
384	100000
369	100000
52069	100000
79050	100000
5569	100000
2382	100000
57849	100000
7643	100000
391	100000
393	100000
258	100000
1452	100000
276	100000
357	100000
398	100000
368	100000
262	100000
3372	100000
43	100000
27	100000
46	100000
53	100000
83	100000
39	100000
26	100000
217	100000
49	100000
34	100000
63	100000
48194	100000
83732	100000
3146	100000
3061	100000
74128	100000
707	100000
104	100000
42	100000
50	100000
60	100000
43	100000
51	100000
26	100000
43	100000
41	100000
36	100000
4269	100000
82	100000
29	100000
52	100000
57	100000
42	100000
43	100000
53	100000
50	100000
2921	100000
89884	100000
51645	100000
1830	100000
45	100000
27	100000
71	100000
41	100000
29	100000
485	100000
21659	100000
49480	100000
38	100000
0	100000
2035	100000
64	100000
553	100000
33	100000
60	100000
42	100000
93	100000
57	100000
62	100000
26	100000
24	100000
38	100000
54	100000
24	100000
9	100000
113	100000
4	100000
11	100000
13	100000
10	100000
9	100000
9	100000
9	100000
7	100000
9	100000
8	100000
5	100000
10	100000
15	100000
10	100000
10	100000
6	100000
7	100000
702	100000
46	100000
42	100000
52	100000
52	100000
69	100000
29	100000
62	100000
50	100000
33	100000
50	100000
52	100000
51	100000
48	100000
9	100000
18	100000
9	100000
9	100000
8	100000
5	100000
9	100000
9	100000
33	100000
8	100000
41	100000
272	100000
59	100000
48	100000
57	100000
34	100000
67	100000
68	100000
38	100000
53	100000
55	100000
95	100000
52	100000
35	100000
63	100000
8	100000
9	100000
13	100000
8	100000
9	100000
8	100000
17	100000
198	100000
8	100000
333	100000
48	100000
40	100000
56	100000
36	100000
46	100000
37	100000
79	100000
51	100000
51	100000
32	100000
49	100000
52	100000
34	100000
234	100000
7	100000
206	100000
48	100000
39	100000
51	100000
385	100000
51	100000
939	100000
2511	100000
54	100000
43	100000
37	100000
62	100000
83	100000
45	100000
0	100000
4642	100000
106771	100000
18492	100000
43	100000
47	100000
83	100000
34	100000
31882	100000
41562	100000
50	100000
45	100000
45	100000
87	100000
39	100000
0	100000
0	100000
2710	100000
49	100000
52	100000
66	100000
38	100000
64	100000
52	100000
51	100000
50	100000
52	100000
202	100000
72	100000
48	100000
1522	100000
365	100000
53	100000
48	100000
58	100000
58	100000
30	100000
64	100000
57	100000
29	100000
44	100000
53	100000
32	100000
53	100000
9	100000
170	100000
22	100000
18	100000
8	100000
11	100000
9	100000
8	100000
8	100000
10	100000
593	100000
56	100000
25	100000
59	100000
32	100000
28	100000
51	100000
47	100000
54	100000
51	100000
28	100000
48	100000
35	100000
42	100000
8	100000
37	100000
8	100000
8	100000
8	100000
8	100000
11	100000
9	100000
7	100000
14	100000
12	100000
4	100000
9	100000
9	100000
6	100000
7	100000
10	100000
8	100000
8	100000
14	100000
10	100000
9	100000
4	100000
8	100000
272	100000
12	100000
5	100000
5	100000
7	100000
25	100000
8	100000
7	100000
8	100000
5	100000
7	100000
7	100000
8	100000
8	100000
1284	100000
254	100000
56	100000
45	100000
64	100000
54	100000
49	100000
20	100000
39	100000
20	100000
21	100000
55	100000
38	100000
51	100000
8	100000
9	100000
7	100000
5	100000
6	100000
6	100000
8	100000
16	100000
7	100000
6	100000
5	100000
4	100000
7	100000
5	100000
7	100000
6	100000
6	100000
15	100000
6	100000
5	100000
4	100000
7	100000
7	100000
6	100000
7	100000
5	100000
4	100000
12	100000
7	100000
7	100000
3	100000
11	100000
7	100000
6	100000
6	100000
5	100000
13	100000
7	100000
4	100000
5	100000
5	100000
7	100000
6	100000
7	100000
11	100000
8	100000
12	100000
7	100000
5	100000
3	100000
6	100000
7	100000
5	100000
7	100000
7	100000
4	100000
18	100000
7	100000
7	100000
6	100000
26	100000
6	100000
7	100000
6	100000
7	100000
4	100000
11	100000
8	100000
9	100000
7	100000
6	100000
4	100000
7	100000
12	100000
3	100000
10	100000
13	100000
-1	-1
0	100000
0	100000
0	100000
108233	100000
61175	100000
0	100000
0	100000
0	100000
0	100000
0	100000
0	100000
0	100000
0	100000
0	100000
0	100000
0	100000
0	100000
0	100000
0	100000
0	100000
0	100000
0	100000
0	100000
0	100000
0	100000
0	100000
7607	100000
108661	100000
0	100000
0	100000
0	100000
0	100000
0	100000
0	100000
0	100000
0	100000
129569	100000
0	100000
0	100000
0	100000
0	100000
0	100000
0	100000
0	100000
0	100000
0	100000
0	100000
0	100000
0	100000
0	100000
0	100000
0	100000
0	100000
0	100000
0	100000
0	100000
9934	100000
64838	100000
0	100000
0	100000
0	100000
0	100000
0	100000
0	100000
0	100000
0	100000
0	100000
0	100000
0	100000
0	100000
0	100000
0	100000
0	100000
0	100000
0	100000
0	100000
0	100000
0	100000
0	100000
0	100000
0	100000
0	100000
0	100000
0	100000
0	100000
0	100000
0	100000
0	100000
0	100000
0	100000
0	100000
0	100000
0	100000
0	100000
0	100000
0	100000
0	100000
0	100000
0	100000
0	100000
0	100000
0	100000
0	100000
0	100000
85435	100000
0	100000
0	100000
5236	100000
0	100000
0	100000
0	100000
0	100000
0	100000
0	100000
0	100000
0	100000
0	100000
0	100000
0	100000
0	100000
0	100000
0	100000
0	100000
0	100000
0	100000
0	100000
0	100000
0	100000
0	100000
0	100000
0	100000
0	100000
0	100000
0	100000
0	100000
0	100000
0	100000
0	100000
0	100000
0	100000
0	100000
0	100000
0	100000
0	100000
0	100000
0	100000
