0	100000
48903	100000
43424	100000
103115	100000
16875	100000
3376	100000
3469	100000
195	100000
375	100000
417	100000
421	100000
175	100000
63712	100000
16817	100000
37	100000
22	100000
1447	100000
68	100000
447	100000
43	100000
22	100000
42	100000
29	100000
39	100000
43	100000
4292	100000
32	100000
35	100000
43	100000
42	100000
82	100000
42	100000
1269	100000
58	100000
49	100000
51	100000
42	100000
64	100000
32	100000
31	100000
43	100000
52	100000
58	100000
55	100000
51	100000
45	100000
39	100000
51	100000
61	100000
52	100000
28	100000
27	100000
45	100000
35	100000
30	100000
36	100000
612	100000
48	100000
42	100000
35	100000
53	100000
50	100000
11	100000
8	100000
11	100000
11	100000
16	100000
2258	100000
2393	100000
42	100000
41	100000
42	100000
24	100000
83	100000
45	100000
47	100000
31	100000
43609	100000
99395	100000
9248	100000
409	100000
406	100000
382	100000
350	100000
176	100000
44	100000
52627	100000
26080	100000
3952	100000
676	100000
58	100000
41	100000
45	100000
42	100000
39	100000
39	100000
98	100000
50	100000
314	100000
34	100000
69	100000
46	100000
51	100000
74	100000
58	100000
29	100000
1462	100000
39	100000
47	100000
37	100000
270	100000
56	100000
52	100000
32	100000
51	100000
48	100000
31	100000
41	100000
44	100000
64	100000
49	100000
54	100000
52	100000
3516	100000
44	100000
205	100000
60304	100000
94209	100000
2789	100000
47	100000
42	100000
26	100000
30	100000
29	100000
45	100000
0	100000
0	100000
0	100000
562	100000
1812	100000
82285	100000
61	100000
31	100000
38	100000
26	100000
70	100000
42	100000
27	100000
55	100000
44	100000
42	100000
42	100000
6307	100000
51	100000
7	100000
6	100000
6	100000
30	100000
24	100000
10	100000
9	100000
8	100000
40	100000
8	100000
11	100000
8	100000
12	100000
9	100000
21	100000
10	100000
19	100000
10	100000
14	100000
6	100000
14	100000
7	100000
13	100000
7	100000
239	100000
10	100000
184	100000
57	100000
75	100000
51	100000
53	100000
52	100000
60	100000
52	100000
58	100000
53	100000
58	100000
34	100000
33	100000
54	100000
182	100000
6	100000
7	100000
7	100000
22	100000
9	100000
32	100000
12	100000
16	100000
10	100000
9	100000
9	100000
12	100000
11	100000
17	100000
7	100000
15	100000
10	100000
2690	100000
68942	100000
84772	100000
2465	100000
42	100000
81	100000
39	100000
42	100000
42	100000
44	100000
31	100000
35	100000
42	100000
37	100000
0	100000
0	100000
9	100000
0	100000
0	100000
1715	100000
37393	100000
58179	100000
22	100000
38	100000
44	100000
74	100000
54	100000
45	100000
42	100000
42	100000
4281	100000
42	100000
42	100000
38	100000
0	100000
36	100000
518	100000
198	100000
35	100000
37	100000
652	100000
101	100000
51	100000
51	100000
51	100000
56	100000
139	100000
52	100000
63	100000
62	100000
50	100000
48	100000
