0	90000
81364	112320
116703	131320
10073	30000
80559	138000
400	30000
470	30000
1918	30000
296	30000
298	30000
5128	30000
376	30000
252	30000
297	30000
3169	30000
394	30000
349	30000
342	30000
7465	30000
78163	114000
70035	116000
46	74240
1082	30408
3664	30000
39171	90000
35801	88320
36	70656
581	36175
49	30000
97	30000
45	30000
56	30000
4236	30000
61	30000
38	30000
47	30000
285	30000
4595	42000
16422	54000
93303	109000
45410	74240
24691	66000
67774	120000
54	76800
29	61440
40	49152
52	39321
5734	43456
66	30000
59	30000
27	30000
32	30000
72	30000
43	30000
42	30000
410	30000
569	30000
22864	54000
93955	109000
94607	116800
27634	78233
25	62586
42	50068
2680	32043
61	30000
31	30000
32	30000
42	30000
438	30000
51	30000
42	30000
43	30000
39	30000
514	30000
46	30000
3516	30000
14237	54000
87822	109000
54539	92800
4187	38010
40017	90000
47997	96000
30	76800
27	61440
89	39321
43	31456
23	30000
22	30000
3662	30000
27002	66000
101468	109000
29912	116000
4662	74240
71	38010
33	30408
22	30000
31	30000
22	30000
52	30000
66	30000
43	30000
45	30000
1189	30000
55486	102000
30770	120000
27	96000
44	76800
28	61440
66	39321
58	30000
0	30000
0	30000
0	30000
0	30000
0	30000
268	30000
30	30000
31	30000
37	30000
52	30000
76	30000
42	30000
22	30000
33	30000
27	30000
50	30000
29	30000
32	30000
54	30000
6	30000
0	30000
0	30000
0	30000
0	30000
1737	30000
33	30000
36	30000
1668	30000
33	30000
98	30000
36	30000
38	30000
33	30000
31	30000
47	30000
45	30000
37	30000
42	30000
0	30000
10	30000
0	30000
0	30000
521	30000
2245	30000
29047	39936
80015	111936
41491	118348
3496	30000
2154	30000
79462	126000
7415	76800
23	61440
36	49152
40	39321
81	30000
35	30000
31	30000
58	30000
0	30000
6	30000
0	30000
1122	30000
34	30000
38	30000
41	30000
39	30000
81	30000
43	30000
36	30000
74	30000
44	30000
28	30000
46	30000
27	30000
59	30000
0	30000
0	30000
406	30000
53	30000
47	30000
61	30000
4065	30000
92	30000
14647	54000
91349	109000
62266	74240
48	38010
458	30000
8357	30000
83737	150000
222	76800
0	76800
0	76800
32	61440
0	61440
0	61440
0	61440
0	61440
11	61440
0	49152
0	49152
3472	30000
45	30000
44	30000
750	30000
46	30000
73	30000
26503	66000
97158	109000
33908	74240
38	59392
74	47513
45	38010
197	30000
22598	66000
69616	120000
0	120000
0	120000
12	120000
39	76800
0	76800
0	76800
0	76800
0	76800
0	76800
318	39321
56	31456
60	30000
32	30000
44	30000
97	30000
43	30000
28	30000
42	30000
33	30000
45	30000
27	30000
35	30000
1963	30000
30	30000
53	30000
38	30000
43	30000
66	30000
41	30000
31	30000
47	30000
28	30000
68	30000
28	30000
27	30000
31	30000
0	30000
0	30000
0	30000
0	30000
0	30000
1221	30000
37	30000
37	30000
31	30000
38	30000
1416	30000
47	30000
43	30000
22	30000
30	30000
86	30000
18112	54000
91726	109000
56486	92800
58	59392
22	47513
279	30408
22	30000
22	30000
22	30000
44	30000
41	30000
25238	66000
50511	110400
52	88320
36	70656
24	56524
41	45219
0	45219
0	45219
0	45219
10	36175
0	36175
1500	30000
40	30000
29	30000
25	30000
29	30000
75	30000
49	30000
33	30000
37	30000
34	30000
1569	30000
27	30000
26	30000
28	30000
0	30000
34	30000
0	30000
0	30000
9	30000
344	30000
54	30000
57	30000
39	30000
47	30000
77	30000
31	30000
47	30000
34	30000
69	30000
32	30000
44	30000
42	30000
28	30000
10	30000
6	30000
10	30000
8	30000
2571	30000
1834	30000
42294	70560
99629	113560
31352	88038
2761	36060
56445	102000
30444	96000
31	76800
29	61440
28	49152
70	31456
32	30000
21	30000
0	30000
0	30000
0	30000
0	30000
2113	30000
77	30000
64	30000
89	30000
28	30000
80	30000
40	30000
38	30000
49	30000
47	30000
48	30000
1475	30000
34	30000
44	30000
6	30000
6	30000
28	30000
13	30000
5	30000
9	30000
7	30000
49	30000
5	30000
14	30000
7	30000
9	30000
10	30000
10	30000
5	30000
7	30000
5	30000
5	30000
9	30000
25	30000
9	30000
10	30000
7	30000
11	30000
7	30000
6	30000
9	30000
8	30000
2103	30000
43	30000
51	30000
42	30000
547	30000
1133	30000
50635	102000
108169	133000
62	116000
1734	59392
1985	30000
33116	78000
50366	120000
33	96000
0	96000
0	96000
39	76800
0	76800
0	76800
0	76800
0	76800
1679	39321
30	31456
39	30000
44	30000
41	30000
44	30000
38	30000
48	30000
46	30000
44	30000
62	30000
33	30000
30	30000
31	30000
0	30000
0	30000
0	30000
0	30000
1131	30000
23	30000
45	30000
25	30000
29	30000
85	30000
71	30000
23	30000
21	30000
43	30000
337	30000
1367	30000
27	30000
23	30000
0	30000
28	30000
7356	30000
82213	114000
79747	92800
56	74240
7195	30408
78414	126000
7303	96000
43	76800
44	61440
23	49152
59	39321
58	31456
62	30000
27	30000
42	30000
695	30000
45	30000
44	30000
44	30000
0	30000
1715	30000
1241	30000
9095	30000
85402	114000
64650	85120
73	68096
46	43580
23	34864
38	30000
21	30000
43	30000
43	30000
44	30000
43	30000
408	30000
46132	102000
65945	103680
33	82944
25	66355
40	53084
48	33973
43	30000
482	30000
41	30000
42	30000
50	30000
28	30000
68	30000
45	30000
0	30000
0	30000
0	30000
2495	30000
45	30000
49	30000
47	30000
63	30000
305	30000
50	30000
282	30000
49	30000
56	30000
56	30000
50	30000
53	30000
65	30000
13	30000
8	30000
9	30000
9	30000
8	30000
3962	42000
65	30000
45	30000
22	30000
41	30000
121	30000
31	30000
600	30000
63661	114000
91593	145000
7399	30000
95959	150000
1564	103680
84	66355
0	66355
10	53084
0	53084
0	53084
739	42467
2150	30000
46	30000
3657	30000
44522	102000
106308	145000
1601	30000
403	30000
360	30000
22140	66000
68467	76800
160	30000
54	30000
46	30000
793	30000
38	30000
29	30000
79	30000
64	30000
80	30000
44	30000
205	30000
47	30000
40	30000
38	30000
55	30000
70	30000
53	30000
39	30000
43	30000
183	30000
1438	30000
41	30000
50	30000
29	30000
50	30000
36	30000
56	30000
49	30000
45	30000
44	30000
29	30000
1489	30000
33589	66000
106548	109000
25456	38010
73260	126408
7599	88580
213	45352
29	36281
30	30000
43	30000
28	30000
45	30000
35	30000
28	30000
43	30000
59	30000
48	30000
37	30000
30	30000
37	30000
1176	30000
39	30000
28	30000
41	30000
37	30000
99	30000
48	30000
34	30000
72	30000
39	30000
50	30000
669	30000
35	30000
48	30000
6	30000
18	30000
21	30000
16	30000
9	30000
273	30000
59	30000
39	30000
39	30000
28	30000
42	30000
59	30000
47	30000
35	30000
54	30000
42	30000
41	30000
32	30000
55	30000
6	30000
5	30000
14	30000
5	30000
14	30000
9	30000
6	30000
8	30000
1581	30000
430	30000
211	30000
590	30000
1146	30000
987	30000
68143	114000
91875	116000
17975	59513
59965	143513
920	73478
70	47025
40	37620
43	30096
12	30000
0	30000
0	30000
0	30000
0	30000
0	30000
0	30000
1616	30000
33	30000
34	30000
3414	30000
50838	102000
105673	145000
2572	59392
85540	143513
6708	79622
53	63697
79	50957
27	40765
29	32612
37	30000
0	30000
0	30000
0	30000
0	30000
0	30000
0	30000
826	30000
42	30000
46	30000
45	30000
28	30000
71	30000
33	30000
47	30000
846	30000
66	30000
51	30000
52	30000
51	30000
1606	30000
9	30000
0	30000
0	30000
0	30000
49	30000
0	30000
0	30000
1628	30000
29770	49920
62438	115948
70390	117558
2151	30000
55054	102000
41627	129600
31	103680
43	82944
36	66355
43	53084
80	42467
678	30000
2208	30000
79	30000
12	30000
8	30000
20	30000
8	30000
6	30000
8	30000
