0	54000
70147	70656
89579	113656
61979	49038
3464	30000
353	30000
483	30000
387	30000
372	30000
125	30000
45	30000
44	30000
39	30000
59	30000
36	30000
1843	30000
18847	66000
88604	136800
1509	70041
50	44825
1330	30000
59	30000
45	30000
44	30000
59	30000
30	30000
26	30000
46	30000
22	30000
269	30000
43	30000
47	30000
43	30000
44	30000
30	30000
24	30000
44	30000
4631	33600
53	30000
58	30000
58	30000
40	30000
72	30000
56	30000
23339	66000
79958	110400
78609	113120
2990	30000
330	30000
277	30000
1181	30000
2024	30000
1898	30000
38665	90000
68371	120000
34	96000
46	76800
48	61440
86	39321
58	30000
39	30000
31	30000
45	30000
34	30000
1334	30000
38	30000
26	30000
29	30000
66	30000
99	30000
62	30000
41	30000
36	30000
25	30000
38	30000
29	30000
3519	33600
61	30000
56	30000
190	30000
55	30000
50	30000
45	30000
46	30000
7979	30000
40660	90000
110330	121000
6957	116000
54	74240
53	47513
41	38010
69	30000
21	30000
42	30000
42	30000
965	30000
47057	102000
46562	120000
37	96000
1618	39321
27	31456
56	30000
42	30000
0	30000
0	30000
0	30000
0	30000
0	30000
0	30000
6	30000
0	30000
0	30000
0	30000
0	30000
3405	33600
31	30000
40	30000
43	30000
24	30000
88	30000
43	30000
32	30000
31	30000
1099	30000
65	30000
45	30000
36	30000
37	30000
20	30000
398	30000
27	30000
9	30000
12	30000
64	30000
15	30000
8	30000
12	30000
12	30000
13	30000
19	30000
9	30000
14	30000
8	30000
6	30000
9	30000
12	30000
15	30000
317	30000
60	30000
78	30000
61	30000
60	30000
52	30000
34	30000
40	30000
60	30000
60	30000
89	30000
44	30000
47	30000
1638	30000
14	30000
12	30000
9	30000
12	30000
10	30000
7	30000
9	30000
8	30000
16	30000
13	30000
11	30000
14	30000
10	30000
11	30000
7	30000
16	30000
9	30000
9	30000
14	30000
15	30000
10	30000
10	30000
11	30000
11	30000
18	30000
11	30000
11	30000
10	30000
18	30000
13	30000
7	30000
11	30000
8	30000
17	30000
8	30000
11	30000
13	30000
17	30000
19	30000
10	30000
11	30000
3801	30000
362	30000
367	30000
372	30000
17439	54000
86333	114000
52470	92800
49	47513
2000	30000
37905	90000
68632	129600
42	103680
48	82944
40	66355
32	53084
64	33973
38	30000
4873	42000
44	30000
43	30000
44	30000
38	30000
88	30000
34	30000
28	30000
36	30000
26	30000
43	30000
34	30000
270	30000
40	30000
200	30000
58	30000
297	30000
62	30000
48	30000
57	30000
397	30000
47	30000
77	30000
253	30000
59	30000
46	30000
46	30000
31	30000
42	30000
52	30000
418	30000
50	30000
37	30000
55	30000
49	30000
36	30000
57	30000
62	30000
48	30000
7	30000
10	30000
5	30000
8	30000
5	30000
6	30000
6	30000
4	30000
7	30000
10	30000
16	30000
5220	30000
46730	102000
112297	133000
1170	116000
5217	47513
87	38010
33	30408
47	30000
42	30000
59	30000
42	30000
16396	54000
64211	110400
30	88320
0	88320
0	88320
39	70656
0	70656
0	70656
7	70656
0	56524
0	56524
590	36175
20	30000
43	30000
27	30000
49	30000
59	30000
68	30000
55	30000
35	30000
23	30000
47	30000
30	30000
27	30000
24	30000
0	30000
0	30000
2366	30000
39	30000
38	30000
23	30000
23	30000
75	30000
23	30000
20	30000
31	30000
21	30000
1843	30000
39	30000
43	30000
512	30000
47	30000
65	30000
32	30000
32	30000
160	30000
39	30000
92	30000
70	30000
45	30000
32	30000
50	30000
34	30000
52	30000
734	30000
56	30000
2318	30000
51	30000
40	30000
24849	52800
97106	107800
35428	47120
40	37696
29	30156
27	30000
27	30000
44	30000
28	30000
13	30000
0	30000
0	30000
0	30000
0	30000
17499	54000
60084	88320
34	70656
38	56524
52	45219
80	30000
20	30000
44	30000
55	30000
41	30000
36	30000
42	30000
32	30000
1199	30000
59	30000
36	30000
54	30000
62	30000
75	30000
39	30000
42	30000
45	30000
50	30000
60	30000
1782	30000
52	30000
45	30000
0	30000
0	30000
40	30000
0	30000
320	30000
27	30000
28	30000
49	30000
40	30000
44	30000
53	30000
29	30000
49	30000
55	30000
104	30000
42	30000
64	30000
2543	42000
72	30000
59	30000
53	30000
55	30000
69	30000
61	30000
