39018496	268435456
35725312	268435456
35889152	268435456
36028416	268435456
36040704	268435456
36503552	268435456
36229120	268435456
36229120	268435456
36229120	268435456
36229120	268435456
36229120	268435456
36786176	268435456
38940672	268435456
137256960	268435456
43286528	268435456
41046016	268435456
37908480	93380608
37941248	93380608
38187008	93380608
38019072	93380608
38064128	93380608
38064128	93380608
38150144	93380608
38150144	93380608
38150144	93380608
38150144	93380608
38150144	93380608
38150144	93380608
40407040	93380608
133292032	154820608
41521152	154820608
38428672	154820608
38428672	154820608
38428672	90857472
38412288	90857472
38412288	90857472
38494208	90857472
38494208	90857472
38494208	90857472
38494208	90857472
38494208	90857472
38477824	90857472
38625280	90857472
38625280	90857472
38699008	90857472
38699008	90857472
38699008	90857472
38699008	90857472
38699008	90857472
38699008	90857472
38699008	90857472
38699008	90857472
38682624	90857472
38682624	90857472
38682624	90857472
38682624	90857472
38682624	90857472
38682624	90857472
38682624	90857472
38682624	90857472
38682624	90857472
38682624	90857472
38682624	90857472
38682624	90857472
38682624	90857472
38682624	90857472
38682624	90857472
38682624	90857472
38682624	90857472
38682624	90857472
38637568	90857472
137158656	152297472
140603392	152297472
42668032	152297472
39809024	152297472
39829504	152297472
39829504	152297472
39829504	152297472
39829504	152297472
39829504	152297472
151207936	152297472
42909696	152297472
42909696	152297472
42909696	152297472
42979328	152297472
42930176	152297472
42930176	152297472
42930176	95358976
42930176	95358976
42930176	95358976
42913792	95358976
42913792	95358976
42913792	95358976
42913792	95358976
42913792	95358976
42913792	95358976
42913792	95358976
42913792	95358976
42913792	95358976
42913792	95358976
42913792	95358976
42913792	95358976
43040768	95358976
42913792	95358976
43642880	95358976
40611840	95358976
40611840	93040640
138887168	154480640
41762816	154480640
41463808	154480640
41402368	154480640
82239488	154480640
44306432	154480640
44158976	154480640
44158976	154480640
44158976	154480640
44142592	154480640
44142592	154480640
44142592	154480640
44142592	154480640
44142592	154480640
44142592	154480640
44142592	154480640
44142592	154480640
44142592	96571392
44167168	96571392
44167168	96571392
44167168	96571392
44167168	96571392
44167168	96571392
44150784	96571392
44150784	96571392
44150784	96571392
44150784	96571392
49426432	96571392
44208128	96571392
46960640	96571392
44216320	96571392
44216320	96571392
44216320	96571392
44216320	96571392
44216320	96571392
44216320	96571392
44216320	96571392
44199936	96571392
44199936	96571392
44199936	96571392
44199936	96571392
44199936	96571392
44199936	96571392
44199936	96571392
44199936	96571392
44199936	96571392
44199936	96571392
44199936	96571392
44199936	96571392
44199936	96571392
44199936	96571392
44199936	96571392
44199936	96571392
44199936	96571392
44199936	96571392
44199936	96571392
44199936	96571392
44199936	96571392
44199936	96571392
44199936	96571392
44199936	96571392
44199936	96571392
44199936	96571392
44199936	96571392
44199936	96571392
44183552	96571392
44183552	96571392
44183552	96571392
44183552	96571392
44183552	96571392
44183552	96571392
44183552	96571392
44183552	96571392
44183552	96571392
44183552	96571392
44363776	96571392
44191744	96571392
44429312	96571392
44191744	96571392
44191744	96571392
44191744	96571392
44191744	96571392
44191744	96571392
44191744	96571392
44191744	96571392
44191744	96571392
44191744	96571392
44191744	96571392
44191744	96571392
44191744	96571392
44191744	96571392
44453888	96571392
44191744	96571392
44191744	96571392
44191744	96571392
44191744	96571392
44191744	96571392
44191744	96571392
44191744	96571392
44191744	96571392
44191744	96571392
44191744	96571392
44191744	96571392
44191744	96571392
44191744	96571392
44191744	96571392
44191744	96571392
44191744	96571392
44191744	96571392
44191744	96571392
44191744	96571392
44191744	96571392
44191744	96571392
44191744	96571392
44343296	96571392
44191744	96571392
44584960	96571392
44191744	96571392
44191744	96571392
44191744	96571392
44191744	96571392
44191744	96571392
44191744	96571392
44191744	96571392
44191744	96571392
44191744	96571392
44191744	96571392
36937728	96571392
36888576	96571392
37281792	96571392
36892672	96571392
36892672	96571392
36892672	96571392
36892672	96571392
36892672	96571392
36892672	96571392
36892672	96571392
36876288	89321472
36876288	89321472
36876288	89321472
