25837568	268435456
35848192	268435456
35934208	268435456
36073472	268435456
36237312	268435456
36175872	268435456
51052544	88604672
137523200	150044672
37646336	150044672
105877504	150044672
40022016	150044672
40136704	150044672
40173568	150044672
40304640	150044672
40267776	150044672
40353792	150044672
40386560	150044672
40370176	150044672
40370176	150044672
40476672	150044672
40476672	92905472
40476672	92905472
40476672	92905472
40476672	92905472
40476672	92905472
40476672	92905472
40476672	92905472
40476672	92905472
40476672	92905472
40460288	92905472
40460288	92905472
40460288	92905472
40460288	92905472
40460288	92905472
40460288	92889088
40972288	92889088
136327168	154329088
41848832	154329088
39198720	154329088
39010304	154329088
38993920	154329088
38993920	154329088
38993920	154329088
38993920	154329088
38993920	154329088
38993920	154329088
38993920	154329088
112857088	154329088
41697280	154329088
41697280	154329088
41697280	94126080
44109824	94126080
41701376	94126080
41701376	94126080
41738240	94126080
41738240	94126080
41816064	94126080
41816064	94126080
41816064	94126080
41820160	94126080
41820160	94126080
41820160	94126080
41820160	94126080
41820160	94126080
41803776	94126080
41803776	94126080
41803776	94126080
41803776	94126080
41803776	94126080
41803776	94126080
41803776	94126080
41803776	94126080
41803776	94126080
41803776	94126080
41803776	94126080
41803776	94126080
41803776	94126080
41803776	94126080
41803776	94126080
41803776	94126080
39620608	94126080
39620608	94126080
39620608	94126080
40300544	94126080
132591616	153489408
141242368	153489408
40525824	153489408
41185280	153489408
151515136	153489408
43220992	153489408
43192320	153489408
43192320	153489408
43192320	153489408
43192320	153489408
43192320	153489408
43192320	153489408
43192320	153489408
43192320	153489408
43192320	153489408
43192320	153489408
43192320	153489408
47984640	153489408
43405312	95621120
43405312	95621120
43405312	95621120
43438080	95621120
43438080	95621120
43438080	95621120
43438080	95621120
43446272	95621120
43446272	95621120
43429888	95621120
43429888	95621120
43429888	95621120
43462656	95621120
43462656	95621120
43462656	95621120
43462656	95621120
43462656	95621120
43462656	95621120
43462656	95621120
43462656	95621120
139612160	157061120
44929024	157061120
62181376	157061120
47669248	157061120
45162496	157061120
45236224	157061120
45236224	157061120
45236224	157061120
45236224	157061120
45264896	157061120
45264896	157061120
45264896	157061120
45264896	157061120
45264896	157061120
45264896	157061120
45264896	157061120
45264896	97693696
45264896	97693696
45273088	97693696
45256704	97693696
45256704	97693696
45256704	97693696
45256704	97693696
45256704	97693696
45256704	97693696
45256704	97693696
45256704	97693696
45256704	97693696
45256704	97693696
45256704	97693696
45256704	97693696
45256704	97693696
45256704	97693696
45256704	97693696
45256704	97685504
45256704	97685504
45256704	97685504
45256704	97685504
45256704	97685504
45256704	97685504
45256704	97685504
45256704	97685504
45260800	97685504
45260800	97685504
45260800	97685504
45260800	97685504
45260800	97685504
45260800	97685504
45260800	97685504
45260800	97685504
45260800	97685504
45260800	97685504
45260800	97685504
45260800	97685504
45260800	97685504
45260800	97685504
45260800	97685504
45260800	97685504
45260800	97685504
45260800	97685504
45260800	97685504
45260800	97685504
45260800	97685504
45244416	97685504
45244416	97685504
45244416	97685504
45244416	97685504
45244416	97685504
45244416	97685504
45244416	97685504
45244416	97673216
45244416	97673216
45244416	97673216
45244416	97673216
45244416	97673216
45244416	97673216
45244416	97673216
45244416	97673216
45244416	97673216
45244416	97673216
45244416	97673216
45244416	97673216
45244416	97673216
45244416	97673216
45244416	97673216
45244416	97673216
45244416	97673216
45244416	97673216
45244416	97673216
45244416	97673216
45244416	97673216
45244416	97673216
45244416	97673216
45244416	97673216
37916672	97673216
37916672	97673216
37916672	97673216
37916672	97673216
37916672	97673216
37916672	97673216
37916672	97673216
37916672	97673216
37916672	97673216
37916672	97673216
37900288	97673216
37900288	97673216
37900288	90329088
37900288	90329088
37900288	90329088
37900288	90329088
37900288	90329088
37900288	90329088
37900288	90329088
37900288	90329088
37900288	90329088
38408192	90329088
35565568	90329088
35565568	90329088
137179136	151769088
36552704	151769088
38129664	151769088
147668992	151769088
39329792	151769088
39329792	151769088
39329792	91758592
39346176	91758592
39329792	91758592
39354368	91758592
39354368	91758592
39354368	91758592
39354368	91758592
39354368	91758592
39337984	91758592
39337984	91758592
39378944	91758592
40538112	91758592
135372800	153198592
40566784	153198592
37888000	153198592
37871616	153198592
37871616	153198592
37871616	90300416
37871616	90300416
37871616	90300416
37871616	90300416
37871616	90300416
37871616	90300416
37871616	90300416
37871616	90300416
37871616	90300416
37871616	90300416
63508480	90300416
131289088	131260416
41512960	151740416
38797312	151740416
38797312	151740416
38780928	151740416
38797312	151740416
38797312	151740416
38797312	91226112
38797312	91226112
38797312	91226112
38912000	91226112
38912000	91226112
38858752	91226112
38858752	91226112
41414656	91226112
38887424	91226112
38887424	91226112
38887424	91226112
38887424	91226112
38887424	91226112
41246720	91226112
38764544	91226112
38764544	91226112
38768640	91226112
38903808	91193344
38756352	91193344
38756352	91193344
38756352	91193344
38756352	91193344
38797312	91193344
137166848	152633344
137056256	152633344
39632896	152633344
39632896	152633344
39505920	152633344
51269632	152633344
42385408	152633344
42147840	152633344
42278912	152633344
42278912	152633344
44523520	152633344
42168320	94609408
42168320	94609408
42168320	94609408
42168320	94609408
44527616	94609408
42184704	94609408
42184704	94609408
42184704	94609408
42184704	94609408
42184704	94609408
42184704	94609408
42184704	94609408
42184704	94609408
42184704	94609408
42168320	94609408
42168320	94609408
42168320	94609408
39833600	94597120
39833600	94597120
39833600	94597120
39833600	94597120
39833600	94597120
39817216	94597120
39817216	94597120
39817216	94597120
39817216	94597120
39817216	94597120
115040256	115077120
141090816	156037120
40222720	156037120
40222720	156037120
40353792	156037120
40239104	156037120
40239104	92667904
40239104	92667904
40239104	92667904
40239104	92667904
113700864	133627904
41025536	154107904
40984576	154107904
40984576	154107904
40984576	154107904
40968192	154107904
40968192	154107904
40968192	154107904
40968192	154107904
40968192	154107904
40968192	154107904
40968192	154107904
40968192	154107904
40984576	93396992
43425792	93396992
40988672	93396992
40988672	93396992
40988672	93396992
40972288	93396992
40972288	93396992
40972288	93396992
40972288	93396992
40972288	93396992
40988672	93396992
40988672	93396992
40988672	93396992
40988672	93396992
40988672	93396992
40972288	93396992
40972288	93396992
40972288	93396992
40902656	93396992
40902656	93331456
40902656	93331456
40902656	93331456
40902656	93331456
40886272	93331456
40886272	93331456
40886272	93331456
41877504	93331456
134230016	134291456
138969088	154771456
43757568	154771456
41439232	154771456
41439232	154771456
41422848	154771456
41422848	154771456
41422848	154771456
41422848	154771456
41422848	154771456
41422848	93851648
41422848	93851648
41422848	93851648
41422848	93851648
41422848	93851648
43290624	93851648
117571584	134811648
150179840	155291648
41955328	155291648
41955328	155291648
41955328	155291648
41938944	155291648
41938944	155291648
41955328	155291648
41955328	155291648
41955328	155291648
41955328	155291648
41955328	155291648
41938944	94384128
41967616	94384128
41967616	94384128
41967616	94384128
41967616	94384128
41967616	94384128
41967616	94384128
41967616	94384128
41967616	94384128
41967616	94384128
41967616	94384128
41951232	94384128
41951232	94384128
41951232	94384128
41951232	94384128
41844736	94384128
41844736	94384128
41844736	94384128
43999232	94273536
143392768	155713536
44773376	155713536
42250240	155713536
42221568	155713536
42221568	155713536
42221568	155713536
42205184	155713536
42205184	155713536
42205184	155713536
42205184	155713536
42205184	155713536
153317376	155713536
45043712	155713536
45043712	155713536
45043712	155713536
45043712	155713536
45043712	155713536
45043712	97472512
45043712	97472512
45043712	97472512
45043712	97472512
45027328	97472512
45027328	97472512
45047808	97472512
45047808	97472512
45047808	97472512
45047808	97472512
45047808	97472512
47415296	97472512
45293568	97472512
42684416	97472512
42684416	97472512
42684416	97472512
42668032	97472512
68952064	97472512
143855616	153210880
45531136	153210880
43114496	153210880
43114496	153210880
43098112	153210880
43098112	153210880
43098112	153210880
43098112	153210880
43098112	153210880
43098112	153210880
43098112	153210880
72585216	153210880
44920832	153210880
44883968	153210880
44883968	153210880
44883968	153210880
44867584	153210880
44867584	153210880
44867584	153210880
44867584	95526912
44867584	95526912
44867584	95526912
44867584	95526912
44867584	95526912
44867584	95526912
44867584	95526912
44867584	95526912
44867584	95526912
44867584	95526912
44867584	95526912
44867584	95526912
44867584	95526912
44867584	95526912
47374336	95526912
44892160	95526912
44892160	95526912
44892160	95526912
44892160	95526912
44875776	95526912
44892160	95526912
44892160	95526912
44892160	95526912
44892160	95526912
44892160	95526912
43298816	95526912
43298816	95526912
43298816	95526912
95555584	95526912
144650240	156966912
43712512	156966912
43712512	156966912
43712512	156966912
43696128	156966912
43696128	156966912
43696128	156966912
43696128	96124928
44285952	96124928
44752896	96124928
96452608	96124928
44761088	157564928
44634112	157564928
44634112	157564928
44638208	157564928
44621824	157564928
44621824	157564928
44621824	157564928
44621824	157564928
44621824	157564928
44642304	157564928
44642304	157564928
44642304	157564928
44642304	157564928
44642304	157564928
44625920	97071104
44646400	97071104
44646400	97071104
44646400	97071104
44646400	97071104
44646400	97071104
44630016	97071104
44630016	97071104
44630016	97071104
44630016	97071104
44515328	97071104
44515328	97071104
44515328	97071104
44515328	97071104
44515328	97071104
44498944	97071104
44498944	97071104
45817856	96927744
142561280	158367744
47607808	158367744
46444544	158367744
46800896	158367744
47022080	158367744
47124480	158367744
47173632	158367744
134750208	158367744
47648768	158367744
47648768	158367744
47648768	158367744
47648768	158367744
47632384	158367744
47632384	158367744
47648768	158367744
47648768	158367744
47648768	100077568
47648768	100077568
47648768	100077568
47648768	100077568
47648768	100077568
47648768	100077568
47648768	100077568
47648768	100077568
47632384	100077568
47632384	100077568
47632384	100077568
47632384	100077568
47632384	100077568
47632384	100077568
47632384	100077568
47632384	100077568
47632384	100061184
47632384	100061184
47632384	100061184
47632384	100061184
47632384	100061184
47632384	100061184
47632384	100061184
47632384	100061184
47632384	100061184
47632384	100061184
47632384	100061184
47632384	100061184
47632384	100061184
47632384	100061184
47632384	100061184
47632384	100061184
47632384	100061184
47632384	100061184
47632384	100061184
47632384	100061184
47632384	100061184
47632384	100061184
47632384	100061184
47632384	100061184
47632384	100061184
47632384	100061184
47632384	100061184
47632384	100061184
47632384	100061184
