39534592	268435456
41627648	268435456
141561856	268435456
41709568	268435456
38936576	268435456
38907904	268435456
43413504	268435456
150413312	268435456
42348544	268435456
42381312	268435456
42434560	268435456
42573824	268435456
42594304	268435456
42627072	268435456
42627072	268435456
42627072	268435456
42627072	268435456
42610688	268435456
42610688	268435456
42610688	268435456
42610688	268435456
42610688	268435456
42610688	268435456
42610688	268435456
42610688	268435456
42610688	268435456
42610688	268435456
42643456	268435456
42643456	268435456
42643456	268435456
40304640	268435456
40304640	268435456
40304640	268435456
40304640	268435456
40304640	268435456
40288256	92733440
40288256	92733440
40288256	92733440
40288256	92733440
40288256	92733440
40288256	92733440
42909696	92733440
82829312	92733440
141078528	154173440
43311104	154173440
40333312	154173440
40333312	154173440
40316928	154173440
40316928	154173440
150335488	154173440
46022656	154173440
43413504	154173440
43413504	95842304
46039040	95842304
43515904	95842304
43515904	95842304
43515904	95842304
43515904	95842304
43536384	95842304
43536384	95842304
43536384	95842304
43536384	95842304
43536384	95842304
43536384	95842304
43536384	95842304
43536384	95842304
43536384	95842304
43536384	95842304
43520000	95842304
43524096	95842304
43524096	95842304
43524096	95842304
43524096	95842304
43524096	95842304
43524096	95842304
43524096	95842304
43524096	95842304
43524096	95842304
43524096	95842304
43524096	95842304
43524096	95842304
43524096	95842304
43524096	95842304
43524096	95842304
43462656	95842304
143085568	157282304
42803200	157282304
63782912	157282304
48099328	157282304
45461504	157282304
45461504	157282304
45498368	157282304
45498368	157282304
45498368	157282304
45498368	157282304
45498368	97927168
45498368	97927168
45498368	97927168
48001024	97927168
45572096	97927168
45572096	97927168
45572096	97927168
45572096	97927168
45572096	97927168
45572096	97927168
45572096	97927168
45588480	97927168
45588480	97927168
45572096	97927168
45572096	97927168
45572096	97927168
45572096	97927168
45572096	97927168
45572096	97927168
45572096	97927168
45572096	97927168
45572096	97927168
45572096	97927168
45572096	97927168
45572096	97927168
45572096	97927168
45572096	97927168
45572096	97927168
45572096	97927168
45572096	97927168
45572096	97927168
45572096	97927168
45572096	97927168
43356160	97927168
43356160	97927168
43356160	97927168
43356160	97927168
43356160	97927168
43339776	97927168
43339776	97927168
45838336	97927168
141463552	159367168
141463552	159367168
44101632	159367168
46379008	159367168
155090944	159367168
46874624	159367168
46874624	159367168
46874624	159367168
46874624	159367168
46874624	159367168
46858240	99303424
46858240	99303424
46858240	99303424
46858240	99303424
46858240	99303424
46858240	99303424
46858240	99303424
46858240	99303424
49430528	99303424
46878720	99303424
46911488	99303424
46911488	99303424
46911488	99303424
49672192	99303424
46923776	99303424
46923776	99303424
46923776	99303424
46923776	99303424
46923776	99303424
46923776	99303424
46923776	99303424
46923776	99303424
46923776	99303424
46907392	99303424
46907392	99303424
46907392	99303424
46907392	99303424
46907392	99303424
46907392	99303424
46907392	99303424
46907392	99303424
46907392	99303424
46907392	99303424
46907392	99303424
46907392	99303424
49238016	99303424
46968832	99303424
49299456	99303424
47013888	99303424
47013888	99303424
47013888	99303424
47013888	99303424
47013888	99303424
47013888	99303424
47013888	99303424
47013888	99303424
47013888	99303424
49340416	99303424
47017984	99303424
47017984	99303424
47017984	99303424
49311744	99303424
47054848	99303424
47054848	99303424
47054848	99303424
47038464	99303424
47038464	99303424
47038464	99303424
47038464	99303424
47038464	99303424
47038464	99303424
47038464	99303424
47038464	99303424
47038464	99303424
47038464	99303424
47038464	99303424
47038464	99303424
47038464	99303424
47038464	99303424
47038464	99303424
47038464	99303424
47038464	99303424
47038464	99303424
47345664	99303424
47083520	99303424
47083520	99303424
49479680	99303424
47128576	99303424
47128576	99303424
47128576	99303424
47128576	99303424
47128576	99303424
47128576	99303424
47128576	99303424
47128576	99303424
47128576	99303424
47128576	99303424
47128576	99303424
47128576	99303424
47128576	99303424
47128576	99303424
47128576	99303424
47128576	99303424
47128576	99303424
47128576	99303424
47128576	99303424
47128576	99303424
47128576	99303424
47128576	99303424
47128576	99303424
47128576	99303424
47128576	99303424
47128576	99303424
47128576	99303424
47128576	99303424
47128576	99303424
47128576	99303424
47128576	99303424
47128576	99303424
47128576	99303424
47128576	99303424
47128576	99303424
47128576	99303424
47128576	99303424
47128576	99303424
47128576	99303424
47128576	99303424
47128576	99303424
47128576	99303424
47128576	99303424
47128576	99303424
47128576	99303424
47128576	99303424
47128576	99303424
47128576	99303424
47128576	99303424
47128576	99303424
47128576	99303424
47128576	99303424
47128576	99303424
47128576	99303424
47128576	99303424
47128576	99303424
47128576	99303424
47128576	99303424
47128576	99303424
47128576	99303424
47128576	99303424
47128576	99303424
47128576	99303424
47128576	99303424
47128576	99303424
47128576	99303424
47128576	99303424
47128576	99303424
47128576	99303424
47128576	99303424
47128576	99303424
47128576	99303424
47128576	99303424
47128576	99303424
47136768	99303424
47271936	99303424
47144960	99303424
47144960	99303424
47144960	99303424
38424576	99303424
38375424	99303424
38375424	99303424
38375424	99303424
38375424	99303424
38375424	99303424
38375424	90804224
38375424	90804224
38408192	90804224
38408192	90804224
38391808	90804224
38391808	90804224
38391808	90804224
38391808	90804224
38391808	90804224
38391808	90804224
38391808	90804224
38391808	90804224
38469632	90804224
38391808	90804224
38391808	90804224
38391808	90804224
38391808	90804224
38391808	90804224
38391808	90804224
38391808	90804224
38391808	90804224
38391808	90804224
38391808	90804224
38391808	90804224
38391808	90804224
38391808	90804224
38391808	90804224
38391808	90804224
38391808	90804224
38391808	90804224
38391808	90804224
37036032	90804224
37171200	90804224
37171200	90804224
37228544	89600000
37339136	89600000
37339136	89600000
37339136	89600000
37339136	89600000
38178816	89600000
134303744	151040000
39612416	151040000
40304640	151040000
38498304	151040000
148180992	151040000
39809024	151040000
39546880	151040000
39546880	151040000
39546880	151040000
39546880	151040000
39530496	151040000
39530496	91959296
39530496	91959296
39530496	91959296
39530496	91959296
39530496	91959296
39530496	91959296
39530496	91959296
42340352	91959296
39571456	91959296
39571456	91959296
39571456	91959296
39571456	91959296
39555072	91959296
39555072	91959296
39555072	91959296
39555072	91959296
39555072	91959296
39555072	91959296
39555072	91959296
39555072	91959296
39583744	91959296
39583744	91959296
39583744	91959296
39583744	91959296
39583744	91959296
39583744	91959296
39583744	91959296
39583744	91959296
39583744	91959296
67768320	91959296
138883072	153399296
38260736	153399296
38170624	153399296
38170624	153399296
38170624	90599424
94113792	111079424
147054592	152039424
38785024	152039424
38785024	152039424
38916096	152039424
38801408	152039424
38801408	152039424
38801408	152039424
38801408	152039424
38801408	152039424
38887424	152039424
38887424	152039424
38887424	152039424
38887424	152039424
38887424	152039424
38887424	91316224
38887424	91316224
38887424	91316224
38887424	91316224
38887424	91316224
38871040	91316224
38871040	91316224
38871040	91316224
38871040	91316224
38871040	91316224
38871040	91316224
38871040	91316224
38871040	91316224
38871040	91316224
38871040	91316224
38871040	91316224
38871040	91316224
38871040	91316224
38871040	91316224
38871040	91316224
38871040	91316224
38871040	91316224
38871040	91316224
38871040	91316224
38871040	91316224
38871040	91316224
38871040	91316224
38871040	91316224
38871040	91316224
38871040	91316224
38871040	91316224
38871040	91316224
38871040	91316224
38871040	91316224
38871040	91316224
38871040	91299840
38871040	91299840
38871040	91299840
38871040	91299840
38871040	91299840
38871040	91299840
38871040	91299840
38871040	91299840
38871040	91299840
38871040	91299840
38871040	91299840
38871040	91299840
38854656	91299840
38854656	91299840
38854656	91299840
38854656	91299840
38854656	91299840
38854656	91283456
38854656	91283456
38854656	91283456
38854656	91283456
38854656	91283456
38854656	91283456
38854656	91283456
38854656	91283456
38854656	91283456
38854656	91283456
38854656	91283456
38854656	91283456
38854656	91283456
38854656	91283456
38854656	91283456
38854656	91283456
38854656	91283456
38854656	91283456
38854656	91283456
38854656	91283456
38854656	91283456
38854656	91283456
38854656	91283456
38854656	91283456
38854656	91283456
38854656	91283456
38854656	91283456
38854656	91283456
38854656	91283456
38854656	91283456
38854656	91283456
38854656	91283456
38854656	91283456
38854656	91283456
38854656	91283456
38854656	91283456
38854656	91283456
38854656	91283456
38854656	91283456
38854656	91283456
38854656	91283456
38854656	91283456
38854656	91283456
38854656	91283456
38854656	91283456
38854656	91283456
38854656	91283456
38854656	91283456
38854656	91283456
38854656	91283456
38854656	91283456
38854656	91283456
38854656	91283456
38854656	91283456
38854656	91283456
38854656	91283456
38854656	91283456
38854656	91283456
38854656	91283456
38854656	91283456
38854656	91283456
38854656	91283456
38854656	91283456
38854656	91283456
38854656	91283456
38854656	91283456
38854656	91283456
38854656	91283456
38854656	91283456
38854656	91283456
38854656	91283456
38854656	91283456
38854656	91283456
38854656	91283456
38854656	91283456
38854656	91283456
38854656	91283456
38854656	91283456
38854656	91283456
38854656	91283456
38854656	91283456
38854656	91283456
38854656	91283456
38854656	91283456
38854656	91283456
38854656	91283456
38854656	91283456
38854656	91283456
38854656	91283456
38854656	91283456
38854656	91283456
38854656	91283456
38854656	91283456
38854656	91283456
38854656	91283456
38854656	91283456
38854656	91283456
38854656	91283456
38854656	91283456
38854656	91283456
38854656	91283456
38854656	91283456
38854656	91283456
38854656	91283456
38854656	91283456
38854656	91283456
38854656	91283456
38854656	91283456
38854656	91283456
38854656	91283456
38854656	91283456
38854656	91283456
38858752	91283456
38862848	91283456
38862848	91283456
38862848	91283456
38862848	91283456
38862848	91283456
38862848	91283456
38862848	91283456
38862848	91283456
38862848	91283456
38862848	91283456
-1	-1
49229824	161284096
49229824	161284096
49229824	161284096
49229824	161284096
49229824	161284096
49229824	161284096
49229824	161284096
49229824	161284096
49229824	161284096
49229824	161284096
49229824	161284096
49229824	161284096
49229824	161284096
49229824	161284096
49229824	161284096
49229824	161284096
49229824	161284096
49229824	161284096
49229824	161284096
49229824	161284096
49229824	161284096
49229824	161284096
49229824	161284096
49229824	161284096
49229824	161284096
49229824	161284096
49229824	161284096
49229824	161284096
49229824	161284096
49229824	161284096
49229824	161284096
49229824	161284096
49229824	161284096
49229824	161284096
49229824	161284096
49213440	161284096
49213440	161284096
49213440	161284096
49213440	161284096
49213440	161284096
49213440	161284096
49213440	161284096
49213440	161284096
49213440	161284096
49213440	161284096
49213440	161284096
49213440	161284096
49213440	161284096
49213440	161284096
49213440	161284096
49213440	161284096
49213440	161284096
49213440	161284096
49213440	161284096
49213440	161284096
49213440	161284096
49213440	161284096
49213440	161284096
49213440	161284096
49213440	161284096
49213440	161284096
49213440	161284096
49213440	161284096
49213440	161284096
49213440	161284096
49213440	161284096
49213440	161284096
49213440	161284096
49213440	161284096
49213440	161284096
49213440	161284096
49213440	161284096
49213440	161284096
49213440	161284096
49213440	161284096
49213440	161284096
49213440	161284096
49213440	161284096
49213440	161284096
49213440	161284096
49213440	161284096
49213440	161284096
49213440	161284096
49213440	161284096
49213440	161284096
49213440	161284096
49213440	161284096
49213440	161284096
49213440	161284096
49213440	161284096
49213440	161284096
49213440	161284096
