39530496	268435456
35168256	268435456
35254272	268435456
35385344	268435456
35344384	268435456
35880960	87773184
35467264	87773184
35467264	87773184
35467264	87773184
35467264	87773184
35467264	87773184
35467264	87773184
38862848	87773184
137588736	149213184
38137856	149213184
41181184	149213184
41705472	149213184
41160704	149213184
40300544	149213184
40431616	149213184
40464384	149213184
40419328	149213184
40472576	92848128
40505344	92848128
40505344	92848128
40505344	92848128
40505344	92848128
40505344	92848128
41435136	92848128
40656896	92848128
40656896	92848128
40656896	92848128
40656896	92848128
40656896	92848128
40656896	92848128
42213376	92848128
38371328	92848128
38371328	92848128
38354944	92848128
38354944	90800128
38354944	90800128
38354944	90800128
38354944	90800128
38354944	90800128
38354944	90800128
38354944	90800128
39972864	90800128
136871936	152240128
41091072	152240128
39534592	152240128
39489536	152240128
39489536	152240128
39559168	152240128
39723008	152240128
39624704	152240128
39710720	152240128
39710720	92053504
40890368	92053504
41025536	92053504
81928192	92053504
149233664	153493504
41095168	153493504
41095168	153493504
41095168	153493504
41078784	153493504
41181184	153493504
41181184	153493504
41181184	153493504
41181184	153493504
41181184	153493504
41164800	153493504
41164800	153493504
41263104	93593600
41263104	93593600
41263104	93593600
41263104	93593600
41295872	93593600
41279488	93593600
41279488	93593600
41279488	93593600
41299968	93593600
41299968	93593600
41299968	93593600
41529344	93593600
41377792	93593600
41377792	93593600
41377792	93593600
41377792	93593600
41377792	93593600
41377792	93593600
41361408	93593600
41361408	93593600
41361408	93593600
41361408	93593600
41361408	93593600
41361408	93593600
42147840	93593600
41431040	93593600
41492480	93593600
70225920	93593600
143237120	155033600
42713088	155033600
42475520	155033600
42459136	155033600
42459136	155033600
42459136	155033600
42459136	94887936
42459136	94887936
151547904	156327936
43290624	156327936
43290624	156327936
43290624	156327936
43290624	156327936
44244992	156327936
43335680	156327936
43335680	156327936
43335680	156327936
43335680	156327936
43323392	156327936
45043712	156327936
43360256	95789056
43360256	95789056
43360256	95789056
43360256	95789056
43343872	95789056
43343872	95789056
43343872	95789056
43343872	95789056
43343872	95789056
43388928	95789056
43388928	95789056
43388928	95789056
43388928	95789056
43270144	95789056
43257856	95789056
43257856	95789056
43257856	95789056
43257856	95789056
43257856	95686656
43257856	95686656
43257856	95686656
43257856	95686656
43257856	95686656
43257856	95686656
43257856	95686656
43257856	95686656
45051904	95686656
141529088	157126656
141733888	157126656
44249088	157126656
44249088	157126656
44249088	157126656
44232704	157126656
44232704	157126656
55062528	157126656
51163136	157126656
47243264	157126656
47243264	157126656
47243264	157126656
47226880	157126656
51318784	157126656
47411200	157126656
47411200	157126656
47411200	157126656
47411200	157126656
47411200	157126656
47411200	157126656
47411200	157126656
47411200	157126656
47411200	157126656
47394816	157126656
47394816	157126656
47394816	157126656
47394816	99823616
47394816	99823616
47394816	99823616
47394816	99823616
47394816	99823616
47394816	99823616
46329856	99823616
45060096	99823616
45060096	99823616
45060096	99823616
45060096	99823616
45043712	99823616
45043712	99823616
45043712	99823616
45043712	99823616
65208320	99823616
147267584	161263616
50405376	161263616
50249728	161263616
46342144	161263616
46325760	161263616
46325760	161263616
46325760	161263616
46325760	161263616
47525888	161263616
157310976	161263616
49078272	161263616
49078272	161263616
49078272	161263616
49106944	161263616
49106944	161263616
49106944	161263616
49106944	161263616
49106944	161263616
49106944	161263616
49090560	161263616
49090560	101519360
46854144	101519360
46739456	101519360
46739456	101519360
46739456	101519360
46739456	101519360
48844800	101519360
148017152	162959360
51019776	162959360
47341568	162959360
47280128	162959360
47280128	162959360
47263744	162959360
47263744	162959360
47263744	162959360
47263744	162959360
47263744	162959360
47263744	162959360
47263744	162959360
47263744	99692544
47263744	99692544
47263744	99692544
47263744	99692544
47632384	99692544
99614720	99692544
49262592	161132544
48087040	161132544
48087040	161132544
48087040	161132544
48070656	161132544
48070656	161132544
48070656	161132544
48070656	161132544
48091136	161132544
48091136	161132544
48091136	161132544
48091136	161132544
40706048	100519936
40689664	100519936
40689664	100519936
40689664	100519936
40689664	100519936
40689664	100519936
40714240	100519936
40714240	100519936
40714240	100519936
40747008	100519936
40747008	100519936
40747008	100519936
40689664	100519936
139247616	141479936
42266624	161959936
41627648	161959936
41611264	161959936
41611264	161959936
41611264	94040064
41611264	94040064
41611264	94040064
41873408	94040064
41930752	94040064
42979328	94040064
42995712	94040064
150818816	155480064
42512384	155480064
42446848	155480064
42446848	155480064
42446848	155480064
42430464	155480064
42446848	155480064
42487808	155480064
42487808	155480064
42487808	155480064
42487808	155480064
42471424	94916608
42471424	94916608
42471424	94916608
42471424	94916608
42491904	94916608
42491904	94916608
42491904	94916608
42491904	94916608
42491904	94916608
42491904	94916608
42491904	94916608
42491904	94916608
42491904	94916608
42491904	94916608
42475520	94916608
42475520	94916608
42475520	94916608
42475520	94904320
42475520	94904320
42475520	94904320
42475520	94904320
42475520	94904320
42475520	94904320
42475520	94904320
42475520	94904320
42475520	94904320
42475520	94904320
42475520	94904320
42475520	94904320
44257280	94904320
42344448	94904320
42344448	94904320
42344448	94904320
42344448	94904320
42328064	94773248
42385408	94773248
140353536	156213248
139399168	156213248
43220992	156213248
45514752	156213248
153669632	156213248
45379584	156213248
45379584	156213248
45379584	156213248
45379584	156213248
46952448	156213248
45404160	156213248
45404160	156213248
45404160	156213248
45404160	156213248
45404160	156213248
45404160	97832960
45404160	97832960
45404160	97832960
45404160	97832960
45387776	97832960
45387776	97832960
45387776	97832960
45387776	97832960
45649920	97832960
45387776	97832960
45387776	97832960
45387776	97832960
45387776	97832960
45387776	97832960
45387776	97832960
45387776	97832960
45387776	97816576
45387776	97816576
45387776	97816576
45387776	97816576
45387776	97816576
45387776	97816576
45387776	97816576
45387776	97816576
45387776	97816576
45387776	97816576
45387776	97816576
45649920	97816576
45391872	97816576
45391872	97816576
45391872	97816576
