1S LIMIT AGG (ns), 1S USAGE AGG (ns)
15000000.0,1630285.0
15000000.0,515753.5
15000000.0,543328.5
15000000.0,1621887.5
15000000.0,15000000.0
15000000.0,15000000.0
15000000.0,15000000.0
45000000.0,13013965.5
75000000.0,522773.5
60000000.0,4096547.5
48000000.0,1696151.0
38400000.0,523024.0
30720000.0,520411.5
24576000.0,1130265.0
19660500.0,4814851.0
15728000.0,15728000.0
15728000.0,15728000.0
45728000.0,45728000.0
75728000.0,59248228.0
105728000.0,1686369.5
84582000.0,1081920.5
67665500.0,524544.0
54132000.0,524558.0
43305500.0,3723452.5
34644000.0,521617.0
27715000.0,523121.0
22172000.0,519293.5
17737500.0,17737500.0
17737500.0,17737500.0
47737500.0,47737500.0
77737500.0,77737500.0
107737500.0,80916243.5
137737500.0,76759387.0
110190000.0,64819229.5
88152000.0,61263948.5
70521500.0,70521500.0
70521500.0,70521500.0
100521500.0,100521500.0
130521500.0,125363773.0
160521500.0,116268951.0
128417000.0,128417000.0
128417000.0,128417000.0
158417000.0,27735958.0
188417000.0,21407599.5
150733500.0,134842701.0
150733500.0,101451616.0
120586500.0,120586500.0
120586500.0,120586500.0
150586500.0,150586500.0
180586500.0,106572888.5
210586500.0,154906978.0
168469000.0,130003812.0
134775000.0,134775000.0
134775000.0,134775000.0
164775000.0,134695685.0
194775000.0,133466036.5
155820000.0,133275269.5
155820000.0,132793149.5
153320000.0,137077370.5
153320000.0,150344509.0
153320000.0,130824598.5
150820000.0,105438092.0
120656000.0,120656000.0
120656000.0,120656000.0
150656000.0,102871548.0
180656000.0,134478135.0
144524500.0,144524500.0
144524500.0,130568142.5
174524500.0,130425696.5
139619500.0,100048471.0
111695500.0,107146679.5
111695500.0,104856193.0
111695500.0,59051050.5
89356000.0,89356000.0
89356000.0,25723946.0
71484500.0,35551908.5
57187500.0,37356047.5
45750000.0,7582586.0
36600000.0,542829.5
29280000.0,19783249.0
23424000.0,14323256.5
18739000.0,1063468.0
15000000.0,521395.0
15000000.0,2069949.5
15000000.0,1083692.5
15000000.0,1158762.0
15000000.0,523074.0
15000000.0,15000000.0
15000000.0,15000000.0
45000000.0,45000000.0
75000000.0,54985787.0
105000000.0,53731872.0
84000000.0,64472537.5
67200000.0,67200000.0
67200000.0,67200000.0
97200000.0,95343235.0
127200000.0,98783705.0
101760000.0,101760000.0
101760000.0,101760000.0
131760000.0,73332101.5
161760000.0,69131632.0
129408000.0,102618878.5
103526000.0,98209475.0
103526000.0,103526000.0
103526000.0,99990546.5
133526000.0,78159716.0
106820500.0,81762405.0
85456000.0,81732829.0
85456000.0,85456000.0
85456000.0,85456000.0
115456000.0,115456000.0
145456000.0,105733124.5
175456000.0,59615996.0
140364500.0,95449929.5
112291500.0,112291500.0
112291500.0,112291500.0
142291500.0,126137961.5
172291500.0,95682688.5
137833000.0,94293800.5
110266000.0,108124815.0
110266000.0,110266000.0
110266000.0,110266000.0
140266000.0,129729430.5
170266000.0,132257263.0
136212500.0,122597842.5
136212500.0,111819951.0
133712500.0,133395534.0
133712500.0,102443981.5
106970000.0,106970000.0
106970000.0,106970000.0
136970000.0,136970000.0
166970000.0,166970000.0
196970000.0,139688230.5
226970000.0,112223775.5
181576000.0,118498980.5
145260500.0,121785648.0
145260500.0,145260500.0
145260500.0,106378852.0
175260500.0,144366912.0
172760500.0,115493621.0
138208000.0,122083543.0
138208000.0,137018977.5
138208000.0,138208000.0
138208000.0,126080576.5
168208000.0,84216010.0
134566000.0,127248607.0
134566000.0,113215137.5
132066000.0,113974273.5
132066000.0,123837154.5
129566000.0,129566000.0
129566000.0,117651088.5
159566000.0,140863422.5
159566000.0,147929506.0
157066000.0,119503688.0
125652500.0,123749985.5
125652500.0,125652500.0
125652500.0,125652500.0
155652500.0,155652500.0
185652500.0,126771108.5
215652500.0,120890835.5
172522000.0,92769451.0
138017500.0,84279504.5
110414000.0,76092500.0
88331000.0,83106073.5
88331000.0,76054857.5
88331000.0,79933047.5
85831000.0,62255704.5
68664500.0,68664500.0
68664500.0,68664500.0
98664500.0,92494847.5
128664500.0,98571599.0
102931500.0,88427018.0
102931500.0,102073674.0
102931500.0,102931500.0
102931500.0,102931500.0
132931500.0,123007321.0
162931500.0,122351378.0
130345000.0,109637923.5
130345000.0,130345000.0
130345000.0,130345000.0
160345000.0,160345000.0
190345000.0,126743918.0
217120000.0,148466206.5
173696000.0,102424987.0
138956500.0,107277947.0
111165000.0,111165000.0
111165000.0,84575811.5
141165000.0,123925995.5
141165000.0,97673868.0
112932000.0,112932000.0
112932000.0,86615694.5
142932000.0,110904539.0
114345500.0,112321023.0
114345500.0,113494979.0
114345500.0,114345500.0
114345500.0,114345500.0
144345500.0,129310557.0
174345500.0,112807474.0
139476000.0,126635154.0
139476000.0,113348413.5
136976000.0,130682434.0
136976000.0,134620137.5
136976000.0,116114242.0
134476000.0,134476000.0
134476000.0,134476000.0
164476000.0,152387108.5
164476000.0,129044716.5
131580500.0,128776656.5
131580500.0,131580500.0
131580500.0,131580500.0
161580500.0,117994321.5
191580500.0,120304299.5
153264000.0,145218756.5
153264000.0,137287061.0
153264000.0,135739377.5
150764000.0,133863724.5
150764000.0,131485098.0
148264000.0,129494679.5
148264000.0,148264000.0
148264000.0,132355610.0
178264000.0,165200819.5
178264000.0,148583755.5
175764000.0,135649808.5
140611000.0,139635013.0
140611000.0,102991769.5
112488500.0,112488500.0
112488500.0,112488500.0
142488500.0,115758061.5
172488500.0,97307421.0
137990500.0,120307664.0
137990500.0,137990500.0
137990500.0,125557106.5
167990500.0,131827914.5
134392000.0,106717426.0
107513500.0,106945154.5
107513500.0,107513500.0
107513500.0,96347244.5
137513500.0,98814624.5
110010500.0,110010500.0
110010500.0,110010500.0
140010500.0,105141948.0
170010500.0,80735283.0
136008000.0,94918343.0
108806000.0,86582879.0
87044500.0,87044500.0
87044500.0,87044500.0
117044500.0,108569601.0
147044500.0,98590009.5
117635500.0,117635500.0
117635500.0,117635500.0
147635500.0,125338118.0
177635500.0,140253383.5
142108000.0,127317010.5
142108000.0,123741993.5
139608000.0,134573996.0
139608000.0,136673487.5
139608000.0,129915424.5
139608000.0,115538009.0
137108000.0,130778489.5
137108000.0,130686526.5
137108000.0,112183553.0
134608000.0,91757663.5
107686000.0,55461357.5
86148500.0,86148500.0
86148500.0,86148500.0
116148500.0,55247931.0
146148500.0,59556104.5
116918500.0,83159136.5
93534500.0,93534500.0
93534500.0,93534500.0
123534500.0,119514549.5
153534500.0,115017570.5
122827500.0,116422492.0
122827500.0,114155755.5
122827500.0,122827500.0
122827500.0,122827500.0
152827500.0,109304797.0
182827500.0,124294692.0
146262000.0,113979080.0
117009500.0,117009500.0
117009500.0,117009500.0
147009500.0,119428582.0
177009500.0,119393784.0
141607500.0,114684630.5
139107500.0,102470698.0
111286000.0,111286000.0
111286000.0,111286000.0
141286000.0,131688139.5
171286000.0,85996505.0
137028500.0,120961017.0
137028500.0,81933595.0
109622500.0,102818972.0
109622500.0,109622500.0
109622500.0,109622500.0
139622500.0,128263099.0
169622500.0,129413076.5
135698000.0,130073547.5
135698000.0,102378013.0
108558000.0,100236166.5
108558000.0,84429819.0
86846000.0,76371875.0
86846000.0,71398104.5
84346000.0,84346000.0
84346000.0,84346000.0
114346000.0,114346000.0
144346000.0,144346000.0
174346000.0,120881593.0
204346000.0,113253777.5
163476500.0,92507383.5
130781000.0,49480668.0
104624500.0,82497733.0
83699500.0,79936781.5
83699500.0,56414915.5
66959500.0,66959500.0
66959500.0,66959500.0
96959500.0,96959500.0
126959500.0,119454955.0
156959500.0,62553680.5
125567500.0,87891119.5
100454000.0,64662943.5
80363000.0,80363000.0
80363000.0,80363000.0
110363000.0,110363000.0
140363000.0,70318003.0
170363000.0,73333577.5
136290000.0,66724730.5
109032000.0,109032000.0
109032000.0,109032000.0
139032000.0,127555702.5
169032000.0,124807626.0
135225500.0,112039600.5
135225500.0,75335746.5
108180000.0,100655824.5
108180000.0,82413299.5
86544000.0,86544000.0
86544000.0,86544000.0
116544000.0,110531983.0
146544000.0,93537269.0
117235000.0,99541408.5
117235000.0,117235000.0
117235000.0,117235000.0
147235000.0,81291098.0
177235000.0,144178555.5
174735000.0,125795068.0
139788000.0,135145656.5
139788000.0,136438327.0
139788000.0,126425206.0
139788000.0,82756166.0
111830000.0,100332629.5
111830000.0,77884341.0
89464000.0,77293769.5
89464000.0,89464000.0
89464000.0,84240349.5
119464000.0,64768153.0
95571000.0,95571000.0
95571000.0,95571000.0
125571000.0,96617943.5
155571000.0,69767802.0
124456500.0,87843512.0
99565000.0,86512205.5
99565000.0,99565000.0
99565000.0,98220813.5
129565000.0,102263613.5
103652000.0,103652000.0
103652000.0,64835409.5
133652000.0,29826998.5
106921500.0,34747076.5
85537000.0,85537000.0
85537000.0,85537000.0
115537000.0,106666662.5
145537000.0,111655223.0
116429500.0,116429500.0
116429500.0,116429500.0
146429500.0,141026647.0
176429500.0,109548959.5
141143500.0,115704644.0
138643500.0,138643500.0
138643500.0,83443530.5
168643500.0,65310388.0
134914500.0,83545673.0
107931500.0,107931500.0
107931500.0,98482125.0
137931500.0,109340441.0
110345000.0,110345000.0
110345000.0,110345000.0
140345000.0,100600360.0
170345000.0,94563999.5
136276000.0,82467241.5
109020500.0,94276873.5
109020500.0,97349685.0
106520500.0,61577636.5
85216000.0,74134373.5
85216000.0,85216000.0
85216000.0,85216000.0
115216000.0,71499240.0
145216000.0,86899561.5
116172500.0,79256519.0
92938000.0,92938000.0
92938000.0,66573192.5
122938000.0,99545226.5
122938000.0,97487391.5
98350000.0,79027937.0
98350000.0,98350000.0
98350000.0,98350000.0
128350000.0,105465753.5
158350000.0,96266492.0
126680000.0,65807795.5
101344000.0,91317850.0
101344000.0,33002111.5
81075000.0,60117184.0
64860000.0,39953085.0
51888000.0,19225227.5
41510000.0,41510000.0
41510000.0,25358283.0
71510000.0,71510000.0
71510000.0,54976283.5
101510000.0,74806479.5
81208000.0,81208000.0
81208000.0,79183473.0
111208000.0,75058527.0
141208000.0,77529844.5
112966000.0,65792464.5
90372500.0,73753037.0
90372500.0,90372500.0
90372500.0,90372500.0
120372500.0,82431150.5
150372500.0,77768306.0
120298000.0,44116643.0
96238000.0,70394928.5
76990000.0,76990000.0
76990000.0,76990000.0
106990000.0,106990000.0
136990000.0,71976867.5
166990000.0,97116404.5
133592000.0,98377760.5
106873500.0,82379563.5
85498500.0,85498500.0
85498500.0,85498500.0
115498500.0,98582553.5
145498500.0,112272747.5
116398500.0,65424679.5
93118500.0,93118500.0
93118500.0,87673353.5
123118500.0,91021739.0
98494500.0,72073798.5
78795500.0,72527772.0
78795500.0,66686463.5
78795500.0,78795500.0
78795500.0,78795500.0
108795500.0,91881149.0
138795500.0,60933684.5
111036000.0,69264010.5
88828500.0,88828500.0
88828500.0,88828500.0
118828500.0,68085939.5
148828500.0,38598083.0
119062500.0,93191831.5
95250000.0,95250000.0
95250000.0,95250000.0
125250000.0,108360204.0
155250000.0,78331386.0
124200000.0,107601905.5
124200000.0,71616906.5
99360000.0,66710301.5
79488000.0,79488000.0
79488000.0,64594066.0
109488000.0,71377735.0
87590000.0,63754264.5
70072000.0,56684637.0
70072000.0,53786232.5
56057500.0,56057500.0
56057500.0,56057500.0
86057500.0,86057500.0
116057500.0,66363956.0
146057500.0,130438511.0
146057500.0,77138589.5
116846000.0,105395479.0
116846000.0,70061576.5
93476500.0,66023474.5
74781000.0,68086015.0
74781000.0,74781000.0
74781000.0,74781000.0
104781000.0,61887751.0
134781000.0,73241150.5
107824500.0,61057124.0
86259500.0,61039288.0
69007500.0,69007500.0
69007500.0,67466420.0
99007500.0,64510700.5
79206000.0,79206000.0
79206000.0,79206000.0
109206000.0,102937242.0
109206000.0,94184302.0
109206000.0,102097636.5
106706000.0,81480441.5
85364500.0,85364500.0
85364500.0,85364500.0
115364500.0,74960989.5
145364500.0,43360745.5
116291500.0,56777618.5
93033000.0,59149345.5
74426000.0,62206892.5
74426000.0,74321319.0
74426000.0,62806496.0
74426000.0,58035173.0
59540500.0,59540500.0
59540500.0,59540500.0
89540500.0,78558149.0
119540500.0,64969341.5
95632000.0,33021724.5
76505500.0,59840880.0
61204000.0,61204000.0
61204000.0,57073524.0
91204000.0,72679287.0
72963000.0,72963000.0
72963000.0,72963000.0
102963000.0,102963000.0
132963000.0,54661199.5
162963000.0,53172521.5
130370000.0,100242492.0
104296000.0,104296000.0
104296000.0,99154796.5
134296000.0,52652641.0
107436500.0,28505639.0
85949000.0,77709263.0
85949000.0,66943166.5
68759000.0,68759000.0
68759000.0,68759000.0
98759000.0,98759000.0
128759000.0,54761657.0
158759000.0,89392630.0
127007000.0,75690025.5
101605500.0,57568065.5
81284000.0,68735069.5
81284000.0,72512189.0
81284000.0,75925959.5
78784000.0,78784000.0
78784000.0,78784000.0
108784000.0,82636397.5
138784000.0,80712112.5
111027000.0,87869847.5
88821500.0,63388030.0
71057000.0,71057000.0
71057000.0,71057000.0
101057000.0,95722655.5
131057000.0,95121621.0
104845500.0,104845500.0
104845500.0,104845500.0
134845500.0,73309487.0
164845500.0,103982112.0
131876000.0,110704553.5
131876000.0,66334530.5
105500500.0,87046753.0
105500500.0,105463572.0
105500500.0,105500500.0
105500500.0,105500500.0
135500500.0,79298903.0
165500500.0,83926575.0
132400000.0,83712720.0
105920000.0,98607510.5
105920000.0,96629028.0
105920000.0,105920000.0
105920000.0,105920000.0
135920000.0,87281532.5
165920000.0,92433314.5
132736000.0,60824355.5
106188500.0,106188500.0
106188500.0,105532108.0
136188500.0,113524653.0
166188500.0,110722904.0
132950500.0,94903113.5
106360000.0,106360000.0
106360000.0,103575757.0
136360000.0,88205347.5
109088000.0,77673392.0
87270000.0,64410641.5
69816000.0,69816000.0
69816000.0,69816000.0
99816000.0,77105888.0
129816000.0,70893847.5
103852500.0,103852500.0
103852500.0,103852500.0
133852500.0,124402619.0
163852500.0,68737055.5
131082000.0,130151375.5
131082000.0,93007248.5
161082000.0,93434838.5
128865500.0,55367096.0
103092000.0,66342485.5
82473500.0,82473500.0
82473500.0,82473500.0
112473500.0,93241708.5
142473500.0,76207014.0
113978500.0,113424098.5
113978500.0,76988841.5
91182500.0,91182500.0
91182500.0,91182500.0
121182500.0,121182500.0
151182500.0,110297670.0
181182500.0,83666442.5
144946000.0,72495245.5
115956500.0,50671721.5
92765000.0,61871168.0
74212000.0,69093017.5
74212000.0,74212000.0
74212000.0,74212000.0
104212000.0,104212000.0
134212000.0,102330611.0
164212000.0,133418840.0
161712000.0,108081003.5
129369500.0,120159480.5
129369500.0,129369500.0
129369500.0,129369500.0
159369500.0,108827749.5
189369500.0,94528380.5
151495500.0,95223591.0
121196000.0,83588239.0
96956500.0,70578828.0
77565000.0,77565000.0
77565000.0,77565000.0
107565000.0,100162317.0
137565000.0,54408844.0
110052000.0,59366969.5
88041500.0,88041500.0
88041500.0,88041500.0
118041500.0,116742594.5
148041500.0,103605902.0
118433000.0,65304968.0
94746000.0,78582197.0
94746000.0,94746000.0
94746000.0,94746000.0
124746000.0,68741646.0
154746000.0,105931200.0
123796500.0,118548750.0
123796500.0,122146103.5
123796500.0,109636044.0
123796500.0,90028799.5
99037000.0,99037000.0
99037000.0,49649025.5
129037000.0,80731262.0
103229500.0,103229500.0
103229500.0,100775097.0
133229500.0,90159039.0
106583500.0,65540136.5
85266500.0,85266500.0
85266500.0,85266500.0
115266500.0,95024696.5
145266500.0,83316178.5
116213000.0,116213000.0
116213000.0,90517347.0
146213000.0,71094762.5
116970000.0,77535074.0
93576000.0,85659373.0
93576000.0,93576000.0
93576000.0,93576000.0
123576000.0,123576000.0
153576000.0,111999666.0
183576000.0,94288326.5
146860500.0,56179542.5
117488000.0,111308111.5
117488000.0,101720182.0
117488000.0,102179454.5
114988000.0,114988000.0
114988000.0,87305955.0
144988000.0,81866667.0
115990000.0,110616762.5
115990000.0,95408195.0
113490000.0,107370930.5
113490000.0,100399612.0
113490000.0,88550653.5
90792000.0,90792000.0
90792000.0,90792000.0
120792000.0,90037943.0
150792000.0,83236449.0
120633500.0,118024603.5
120633500.0,84222691.0
96506500.0,65417992.5
77205000.0,77205000.0
77205000.0,77205000.0
107205000.0,67015097.5
137205000.0,87480183.5
109764000.0,73807767.5
87811000.0,54275138.5
70248500.0,62628513.0
70248500.0,70248500.0
70248500.0,70248500.0
100248500.0,100248500.0
130248500.0,126936609.5
160248500.0,14426355.0
128198500.0,78887021.0
102558500.0,85413088.0
102558500.0,102558500.0
102558500.0,99888709.0
132558500.0,128437411.0
132558500.0,105201349.0
106046500.0,95285149.0
106046500.0,106046500.0
106046500.0,84676715.0
136046500.0,88217427.0
108837000.0,108837000.0
108837000.0,108837000.0
138837000.0,101554370.5
168837000.0,73498888.0
135069500.0,97799189.0
108055500.0,108055500.0
108055500.0,108055500.0
138055500.0,119761487.0
168055500.0,91059466.0
134444000.0,120586064.0
134444000.0,99447697.0
107555000.0,107555000.0
107555000.0,107555000.0
137555000.0,97383765.5
167555000.0,101967963.0
134044000.0,111612283.5
134044000.0,92862649.0
107235000.0,107235000.0
107235000.0,107235000.0
137235000.0,58562876.0
167235000.0,101735664.5
133788000.0,69099256.0
107030000.0,107030000.0
107030000.0,93540475.0
137030000.0,78781082.5
109624000.0,100877343.0
109624000.0,109624000.0
109624000.0,109624000.0
139624000.0,69695278.0
169624000.0,105561136.5
135699000.0,135699000.0
135699000.0,114065554.5
165699000.0,120984686.5
132559000.0,89337569.5
106047000.0,96355420.0
106047000.0,104778013.5
106047000.0,106047000.0
136047000.0,131708797.0
166047000.0,74550782.0
132837500.0,85920548.5
106270000.0,91767501.5
106270000.0,106270000.0
106270000.0,106270000.0
136270000.0,136270000.0
166270000.0,161629114.5
196270000.0,69282052.5
157016000.0,34657591.0
125612500.0,22576308.5
100490000.0,521639.0
80392000.0,524102.5
64313500.0,50271531.0
51450500.0,24637609.5
41160000.0,38590375.5
41160000.0,32804069.0
32928000.0,32928000.0
32928000.0,32928000.0
62928000.0,61770968.5
92928000.0,85585153.0
122928000.0,39299780.5
98342000.0,73576779.0
78673500.0,73680268.0
78673500.0,75840805.0
78673500.0,71362621.5
78673500.0,39216713.5
62938500.0,36570284.5
50350500.0,50350500.0
50350500.0,50350500.0
80350500.0,69413190.5
110350500.0,81977803.0
88280000.0,71273189.5
88280000.0,84940867.0
88280000.0,88280000.0
88280000.0,88280000.0
118280000.0,115553487.5
148280000.0,113610860.0
118624000.0,81392982.5
94899000.0,84706599.0
94899000.0,94899000.0
94899000.0,94899000.0
94899000.0,94899000.0
124899000.0,114130568.0
154899000.0,138939015.5
154899000.0,113331770.5
123919000.0,123919000.0
123919000.0,111943452.5
153919000.0,122288248.0
123135000.0,123135000.0
123135000.0,109135614.0
153135000.0,72197445.5
122508000.0,82393791.5
98006000.0,98006000.0
98006000.0,93765076.0
128006000.0,92894896.5
102404500.0,102404500.0
102404500.0,102404500.0
132404500.0,104315640.0
162404500.0,103995096.0
129923500.0,96547445.0
103938500.0,103938500.0
103938500.0,103938500.0
133938500.0,126959207.0
163938500.0,85603336.5
131150500.0,98661297.5
104920000.0,104920000.0
104920000.0,40448691.0
134920000.0,123972610.0
134920000.0,63822782.5
107936000.0,79755319.5
86348500.0,86348500.0
86348500.0,86348500.0
116348500.0,114677747.5
146348500.0,76097916.5
117078500.0,117078500.0
117078500.0,105674826.0
147078500.0,88007234.5
117662500.0,108551719.0
117662500.0,50207588.5
94130000.0,72897671.5
75304000.0,75304000.0
75304000.0,75304000.0
105304000.0,105304000.0
135304000.0,77428258.0
165304000.0,47000671.0
132243000.0,70071891.0
105794000.0,75981054.0
84635000.0,84635000.0
84635000.0,84635000.0
114635000.0,80269106.0
144635000.0,113444272.5
115708000.0,108257077.5
115708000.0,110944569.5
115708000.0,115708000.0
115708000.0,115708000.0
145708000.0,118261596.0
175708000.0,112615847.5
140566000.0,117503776.0
140566000.0,103935936.5
112452500.0,99009073.0
112452500.0,84319788.5
89962000.0,89962000.0
89962000.0,89962000.0
119962000.0,111846225.0
149962000.0,75934844.5
119969500.0,86898449.5
95975500.0,82992329.5
95975500.0,95975500.0
95975500.0,83449327.5
125975500.0,109727941.5
125975500.0,92019217.5
100780000.0,75787127.0
80624000.0,80624000.0
80624000.0,80624000.0
110624000.0,110624000.0
140624000.0,94969966.0
170624000.0,112814448.0
136499000.0,101700865.0
109199000.0,109199000.0
109199000.0,109199000.0
139199000.0,61992106.5
169199000.0,95205170.0
135359000.0,40507593.5
108287000.0,108287000.0
108287000.0,68827024.5
138287000.0,72777668.5
110629500.0,97491778.0
110629500.0,110629500.0
110629500.0,110244697.5
140629500.0,96442233.0
112503500.0,90738378.0
112503500.0,82165451.5
90002500.0,63034466.0
72002000.0,64418968.0
72002000.0,72002000.0
72002000.0,64858448.5
102002000.0,102002000.0
102002000.0,102002000.0
132002000.0,96580023.5
162002000.0,44603681.5
129601500.0,86555395.0
103681000.0,73691560.0
82944500.0,82944500.0
82944500.0,82944500.0
112944500.0,112944500.0
142944500.0,119952126.5
172944500.0,82791459.5
138355500.0,90482688.0
110684000.0,101332270.0
110684000.0,91723300.0
108184000.0,107081166.0
108184000.0,74518529.0
86547000.0,80000798.5
86547000.0,86547000.0
86547000.0,86547000.0
116547000.0,116547000.0
146547000.0,146547000.0
176547000.0,96334824.5
206547000.0,72192899.5
165237500.0,55784904.0
132190000.0,132190000.0
132190000.0,113826304.0
162190000.0,98585754.5
129752000.0,100282144.5
103801500.0,103801500.0
103801500.0,97272372.0
133801500.0,133801500.0
133801500.0,133801500.0
163801500.0,111531182.0
193801500.0,120004225.5
155041000.0,103821837.5
124032500.0,95704915.5
99226000.0,99226000.0
99226000.0,99226000.0
129226000.0,129226000.0
159226000.0,82966373.5
189226000.0,60911650.0
151380500.0,133307712.0
151380500.0,121261462.5
148880500.0,61758870.0
119104000.0,98222102.0
119104000.0,96756271.5
116604000.0,114347904.5
116604000.0,91212738.0
93283000.0,93283000.0
93283000.0,93283000.0
123283000.0,82172286.5
153283000.0,116397884.5
122626000.0,121328292.5
122626000.0,86501789.5
98100500.0,62957978.0
78480000.0,73057538.5
78480000.0,78480000.0
78480000.0,78480000.0
108480000.0,108480000.0
138480000.0,138480000.0
168480000.0,128080876.5
198480000.0,163939004.0
195980000.0,80585478.5
156784000.0,59012915.0
125427000.0,83798227.0
100341500.0,96721511.5
100341500.0,99985986.0
100341500.0,67036350.5
130341500.0,104055324.5
104273000.0,95161027.0
104273000.0,104273000.0
104273000.0,75375054.5
134273000.0,80922023.0
107418000.0,78949050.0
85934000.0,36461502.5
68747000.0,68747000.0
68747000.0,68747000.0
98747000.0,98747000.0
128747000.0,113020301.0
158747000.0,79481493.5
126997500.0,86080900.5
101598000.0,101598000.0
101598000.0,101598000.0
131598000.0,117974989.5
161598000.0,92394721.5
129278000.0,103969381.0
126778000.0,126778000.0
126778000.0,86975459.5
156778000.0,89266275.0
125422000.0,65874482.5
100337500.0,82535209.0
100337500.0,55443012.0
80270000.0,80270000.0
80270000.0,80270000.0
110270000.0,92968451.0
140270000.0,104034542.0
112216000.0,112216000.0
112216000.0,112216000.0
142216000.0,101096044.0
172216000.0,141832386.0
169716000.0,121766795.0
135772500.0,109357235.5
133272500.0,60347926.5
106618000.0,77061437.5
85294000.0,80106217.0
85294000.0,75772509.5
85294000.0,85294000.0
85294000.0,85294000.0
115294000.0,115294000.0
145294000.0,116729835.0
175294000.0,89077507.0
140235000.0,67988698.0
112188000.0,91050082.0
112188000.0,87280822.0
89750000.0,89750000.0
89750000.0,89750000.0
119750000.0,108273353.5
149750000.0,62609696.0
119800000.0,77759580.5
95840000.0,95840000.0
95840000.0,95840000.0
125840000.0,82042795.0
155840000.0,94176163.0
124672000.0,74911161.0
99737500.0,97372083.5
99737500.0,97586360.5
99737500.0,99737500.0
129737500.0,103794585.0
159737500.0,113078379.5
127790000.0,59271796.5
102232000.0,102232000.0
102232000.0,102232000.0
132232000.0,114617275.5
162232000.0,69066376.0
129785500.0,98607184.0
103828000.0,103828000.0
103828000.0,103828000.0
133828000.0,105256481.5
163828000.0,112232239.5
131062000.0,81739220.0
104849500.0,79191301.5
83879500.0,83879500.0
83879500.0,83879500.0
113879500.0,60614871.0
143879500.0,68701529.5
115103500.0,42073921.5
92082500.0,92082500.0
92082500.0,72168483.5
122082500.0,116038486.5
122082500.0,68071460.5
97666000.0,59994562.5
78132500.0,78132500.0
78132500.0,78132500.0
108132500.0,84566702.0
138132500.0,27270198.5
110506000.0,86156474.5
88404500.0,67056633.0
70723500.0,70723500.0
70723500.0,70723500.0
100723500.0,100723500.0
130723500.0,29507965.5
160723500.0,47782975.0
128578500.0,58418209.5
102862500.0,60864702.5
82290000.0,45305682.5
65832000.0,33714935.0
52665500.0,52665500.0
52665500.0,52665500.0
82665500.0,51213563.0
112665500.0,19904107.0
90132000.0,89660505.5
90132000.0,14210606.5
72105500.0,72105500.0
72105500.0,72105500.0
102105500.0,64782904.0
132105500.0,89114486.0
105684000.0,53104341.0
84547000.0,54397459.5
67637500.0,59034844.0
67637500.0,52607591.0
54110000.0,54110000.0
54110000.0,54110000.0
84110000.0,83209979.0
114110000.0,84209240.0
144110000.0,47568590.0
115288000.0,35795277.0
92230000.0,67674100.0
73784000.0,67631897.0
73784000.0,59704479.5
73784000.0,52569290.0
59027000.0,59027000.0
59027000.0,59027000.0
89027000.0,88859421.0
119027000.0,90647644.0
95221500.0,87191777.5
95221500.0,92113821.0
95221500.0,95221500.0
95221500.0,90215904.5
95221500.0,46697451.5
76177000.0,40765076.0
60941500.0,60941500.0
60941500.0,60941500.0
90941500.0,80098919.0
120941500.0,77866681.5
96753000.0,50369906.0
77402000.0,68162565.0
77402000.0,54110567.5
61921500.0,61921500.0
61921500.0,55439801.0
91921500.0,56469098.5
73537000.0,13573927.0
58829500.0,58829500.0
58829500.0,58829500.0
88829500.0,32977481.5
118829500.0,34510061.0
95063500.0,17597212.5
76050500.0,53753111.5
60840000.0,60840000.0
60840000.0,60840000.0
90840000.0,59893376.5
120840000.0,73088659.0
96672000.0,44558270.0
77337500.0,56089406.5
61870000.0,61870000.0
61870000.0,61870000.0
91870000.0,44233919.5
121870000.0,48070481.5
97496000.0,74769659.5
77996500.0,77996500.0
77996500.0,77996500.0
107996500.0,94990855.0
137996500.0,88119403.5
110397000.0,98307991.5
110397000.0,72304074.5
88317500.0,88317500.0
88317500.0,88317500.0
118317500.0,80773037.5
148317500.0,63431747.5
118654000.0,118654000.0
118654000.0,95215441.5
148654000.0,67975577.0
118923000.0,51583290.5
95138000.0,79533072.0
95138000.0,84930384.5
92638000.0,91523402.5
92638000.0,65981603.5
74110000.0,55086471.5
59288000.0,59288000.0
59288000.0,59288000.0
89288000.0,50741105.0
119288000.0,58493128.5
95430000.0,34935370.0
76344000.0,74714895.0
76344000.0,55803394.5
106344000.0,52888605.0
85075000.0,61475487.0
68060000.0,68060000.0
68060000.0,68060000.0
98060000.0,98060000.0
128060000.0,118160190.0
158060000.0,61090884.0
126448000.0,79297538.5
101158000.0,42237332.5
80926000.0,66619599.5
80926000.0,80926000.0
80926000.0,39660772.5
110926000.0,60399602.5
88740500.0,88240514.0
88740500.0,88740500.0
88740500.0,88740500.0
118740500.0,77105465.5
148740500.0,81169987.5
118992000.0,49301197.5
95193500.0,95193500.0
95193500.0,94942065.5
125193500.0,86908475.5
100154500.0,66691410.0
80123500.0,57152635.0
64098500.0,64098500.0
64098500.0,64098500.0
94098500.0,81112918.0
124098500.0,124098500.0
124098500.0,124098500.0
154098500.0,110691514.5
184098500.0,104621933.5
147278500.0,83476085.5
117822500.0,96443508.5
117822500.0,82206658.0
94258000.0,91611167.0
94258000.0,94258000.0
94258000.0,94258000.0
124258000.0,84006357.5
154258000.0,97762187.5
123406000.0,110007645.0
123406000.0,110493244.5
120906000.0,57497492.5
96724500.0,40609517.0
77379500.0,77379500.0
77379500.0,77379500.0
107379500.0,65750918.5
85903500.0,85903500.0
85903500.0,85903500.0
115903500.0,102775674.0
145903500.0,94653196.0
116722500.0,116722500.0
116722500.0,57505811.0
146722500.0,146722500.0
146722500.0,110332217.5
176722500.0,60695777.0
141378000.0,88464233.0
113102000.0,100971482.5
113102000.0,99089872.5
110602000.0,110602000.0
110602000.0,66321082.5
140602000.0,61063038.0
112481500.0,96364257.0
112481500.0,90757885.0
109981500.0,91907632.0
109981500.0,65503966.0
87985000.0,87985000.0
87985000.0,87985000.0
117985000.0,89009239.0
147985000.0,99181076.5
118388000.0,118388000.0
118388000.0,98833109.5
148388000.0,35479423.0
118710000.0,80039609.0
94968000.0,59663236.5
75974000.0,49896172.0
60779000.0,60779000.0
60779000.0,60779000.0
90779000.0,65979733.0
120779000.0,31257331.5
96623000.0,96623000.0
96623000.0,36156987.0
126623000.0,64292952.0
101298000.0,100661590.5
101298000.0,101298000.0
101298000.0,57754108.0
131298000.0,103812571.5
105038000.0,105038000.0
105038000.0,87583036.0
135038000.0,129957390.5
135038000.0,95308485.5
108030000.0,108030000.0
108030000.0,108030000.0
138030000.0,44756822.5
168030000.0,48629045.0
134424000.0,77337992.0
107539000.0,61428996.0
86031000.0,74969771.5
86031000.0,67844014.5
68824500.0,68824500.0
68824500.0,68824500.0
98824500.0,69198122.5
128824500.0,67383856.5
103059500.0,103059500.0
103059500.0,103059500.0
133059500.0,50464221.0
163059500.0,78526891.5
130447500.0,51349295.5
104358000.0,52505551.0
83486000.0,83486000.0
83486000.0,46020121.0
113486000.0,516464.0
90788500.0,1039189.5
72630500.0,49560220.0
58104000.0,38392305.5
46483000.0,43301323.5
46483000.0,46483000.0
46483000.0,46483000.0
76483000.0,51750874.5
106483000.0,86840352.0
106483000.0,85927486.0
103983000.0,56278435.5
83186000.0,32948911.5
66548500.0,66548500.0
66548500.0,66548500.0
96548500.0,80287826.0
126548500.0,80631409.0
101238500.0,101238500.0
101238500.0,99501511.5
131238500.0,80568350.0
104990500.0,99973774.5
104990500.0,104990500.0
104990500.0,83158105.5
134990500.0,110776547.5
134990500.0,67626110.0
107992000.0,89640502.0
107992000.0,69484026.0
86393500.0,57161304.5
69114500.0,69114500.0
69114500.0,69114500.0
99114500.0,78779718.5
129114500.0,62385465.5
103291500.0,84318084.0
103291500.0,7774912.0
82633000.0,3911543.0
66106000.0,19271777.5
52884500.0,52884500.0
52884500.0,52884500.0
82884500.0,82884500.0
112884500.0,26564916.5
142884500.0,89043371.0
114307500.0,67366514.5
91446000.0,27197026.5
73156500.0,68132471.0
73156500.0,73156500.0
73156500.0,73156500.0
103156500.0,103156500.0
133156500.0,82699205.5
163156500.0,89505788.5
130525000.0,49540087.5
104420000.0,65324106.0
83536000.0,83536000.0
83536000.0,83536000.0
113536000.0,61112311.0
143536000.0,69354996.5
114828500.0,44436860.0
91862500.0,91862500.0
91862500.0,61732963.0
121862500.0,55156798.5
97490000.0,59187774.0
77992000.0,56450741.0
62393500.0,62393500.0
62393500.0,62393500.0
92393500.0,92393500.0
122393500.0,40785384.0
152393500.0,66818155.5
121914500.0,52217277.0
97531500.0,44526314.0
78025000.0,55616548.0
62420000.0,62420000.0
62420000.0,62420000.0
92420000.0,92420000.0
122420000.0,92735763.0
152420000.0,40581934.0
121936000.0,81631650.0
97548500.0,77849144.5
78038500.0,70530866.5
78038500.0,78038500.0
78038500.0,78038500.0
108038500.0,91129598.5
138038500.0,86375869.0
110430500.0,65389018.5
88344000.0,88344000.0
88344000.0,88344000.0
118344000.0,118344000.0
148344000.0,82254575.0
178344000.0,66952378.0
142675000.0,48659188.5
114140000.0,78548303.0
91312000.0,91312000.0
91312000.0,82711641.5
121312000.0,36749062.0
97049500.0,48619353.0
77639500.0,77639500.0
77639500.0,77639500.0
107639500.0,107639500.0
137639500.0,43098891.5
167639500.0,65738443.0
134111500.0,92105489.5
107289000.0,105612069.0
107289000.0,79580876.0
85831000.0,61148586.5
68664500.0,49835354.0
54931500.0,54931500.0
54931500.0,54931500.0
84931500.0,76931082.0
114931500.0,65368260.0
91945000.0,91945000.0
91945000.0,91945000.0
121945000.0,57320995.0
151945000.0,57184734.5
121556000.0,121556000.0
121556000.0,121556000.0
151556000.0,70450747.5
181556000.0,70437340.5
145244500.0,86261605.5
116195500.0,73405276.0
92956000.0,84301234.5
92956000.0,92956000.0
92956000.0,92956000.0
122956000.0,102486772.0
152956000.0,75843923.5
122364500.0,58899977.0
97891500.0,45547031.0
78313000.0,78313000.0
78313000.0,78313000.0
108313000.0,104329920.5
138313000.0,47823686.0
110650000.0,80077661.0
88520000.0,73389381.5
88520000.0,85570370.5
88520000.0,29068425.5
70816000.0,57744129.0
70816000.0,51228563.0
56652500.0,56652500.0
56652500.0,56652500.0
86652500.0,86652500.0
116652500.0,116652500.0
146652500.0,85614282.0
117322000.0,89249518.5
93857500.0,93857500.0
93857500.0,66116951.0
123857500.0,108441978.5
123857500.0,123857500.0
123857500.0,122143417.0
153857500.0,153857500.0
153857500.0,139745355.5
183857500.0,136523442.5
147086000.0,107784878.5
117668500.0,104783512.0
117668500.0,80226661.5
94134500.0,94134500.0
94134500.0,94134500.0
124134500.0,91106884.5
154134500.0,105470786.5
123307500.0,84247087.0
98646000.0,83930015.5
98646000.0,98646000.0
98646000.0,82141936.5
128646000.0,121968038.0
128646000.0,128646000.0
128646000.0,128646000.0
158646000.0,143587002.0
188646000.0,49800779.5
150916500.0,125560681.5
148416500.0,116078021.5
118733000.0,67403768.5
94986000.0,69405778.5
75988500.0,75988500.0
75988500.0,75988500.0
105988500.0,105988500.0
135988500.0,135988500.0
165988500.0,76136600.5
195988500.0,73910366.5
156790500.0,73883757.0
125432000.0,103962666.0
125432000.0,8375940.0
100345500.0,46669043.5
80276000.0,61099228.5
64220500.0,47044476.5
51376000.0,51376000.0
51376000.0,51376000.0
81376000.0,75832843.5
111376000.0,110159915.5
111376000.0,111376000.0
111376000.0,111376000.0
141376000.0,112165339.0
171376000.0,101524188.0
137100500.0,116625670.0
137100500.0,105448377.5
109680000.0,92931221.0
109680000.0,73717747.0
87744000.0,87744000.0
87744000.0,87744000.0
117744000.0,117744000.0
147744000.0,139322473.0
177744000.0,90539256.5
142195000.0,79993025.5
113756000.0,113756000.0
113756000.0,113756000.0
143756000.0,143756000.0
173756000.0,99762365.0
203756000.0,123162017.0
163004500.0,57671692.5
130403500.0,130403500.0
130403500.0,89652087.5
160403500.0,98082735.5
128322500.0,127408111.0
128322500.0,81993418.5
158322500.0,99236395.5
126658000.0,124407056.5
126658000.0,92004874.0
101326000.0,101326000.0
101326000.0,89827708.5
131326000.0,49553724.0
105060500.0,105060500.0
105060500.0,105060500.0
135060500.0,75992686.5
108048000.0,101732836.5
108048000.0,108048000.0
108048000.0,64552205.5
138048000.0,68295057.0
110438000.0,43786892.5
88350000.0,52109658.0
70680000.0,70680000.0
70680000.0,70680000.0
100680000.0,51591417.5
130680000.0,83728036.0
104544000.0,77629145.0
83635000.0,77704989.5
83635000.0,60666144.0
66908000.0,66908000.0
66908000.0,66908000.0
96908000.0,96908000.0
126908000.0,86948537.5
156908000.0,63140048.5
125526000.0,109046302.5
125526000.0,92843055.0
100420500.0,59726694.5
80336000.0,80336000.0
80336000.0,80336000.0
110336000.0,104368943.5
140336000.0,59933030.0
112268500.0,112268500.0
112268500.0,112268500.0
142268500.0,134170306.5
172268500.0,115206580.0
137814500.0,110078225.5
110251500.0,102118891.0
110251500.0,110251500.0
110251500.0,110251500.0
140251500.0,68684581.5
170251500.0,81735858.0
136201000.0,113977079.0
136201000.0,107409445.0
108960500.0,72419044.5
87168000.0,81636703.0
87168000.0,87168000.0
87168000.0,87168000.0
117168000.0,75735816.5
147168000.0,92045850.0
117734000.0,117734000.0
117734000.0,103465353.0
147734000.0,62236658.0
118187000.0,118187000.0
118187000.0,104653070.5
148187000.0,68474216.0
118549500.0,107598791.5
118549500.0,115518425.0
118549500.0,113020412.5
118549500.0,118549500.0
118549500.0,94993579.0
148549500.0,85060835.0
118839500.0,84079876.0
95071500.0,95071500.0
95071500.0,68100465.0
125071500.0,125071500.0
125071500.0,125071500.0
125071500.0,125071500.0
155071500.0,58978310.0
185071500.0,56436395.0
148057000.0,107477361.0
118445500.0,59669239.5
94756000.0,29963240.5
75804500.0,30165005.5
60643500.0,60643500.0
60643500.0,60643500.0
90643500.0,85297957.0
120643500.0,97725012.0
120643500.0,76448383.0
96514500.0,96514500.0
96514500.0,79021249.5
126514500.0,47043739.0
101211500.0,84544826.0
101211500.0,101211500.0
101211500.0,52942817.5
131211500.0,105832420.5
128711500.0,71237869.0
102969000.0,102969000.0
102969000.0,102969000.0
132969000.0,132969000.0
162969000.0,89251847.0
192969000.0,69197615.5
154375000.0,154375000.0
154375000.0,82486819.5
184375000.0,59425729.0
147500000.0,128655228.0
147500000.0,71507551.5
118000000.0,88630079.0
94400000.0,3810142.0
75520000.0,6751311.0
60416000.0,60416000.0
60416000.0,60416000.0
90416000.0,90416000.0
120416000.0,107803122.0
150416000.0,39175465.0
120332500.0,97787997.0
120332500.0,19652687.0
96266000.0,94575918.0
96266000.0,74180825.0
77012500.0,63238978.0
77012500.0,59779613.0
61610000.0,61610000.0
61610000.0,61610000.0
91610000.0,51506150.0
121610000.0,68662184.0
97288000.0,96873837.0
97288000.0,97288000.0
97288000.0,80617610.5
127288000.0,99649650.0
101830000.0,74785062.5
81464000.0,81194775.5
81464000.0,81464000.0
81464000.0,29957934.5
111464000.0,111464000.0
111464000.0,111464000.0
141464000.0,67052339.0
171464000.0,49526637.0
137171000.0,137171000.0
137171000.0,81925335.0
167171000.0,24847737.0
133736500.0,32541056.5
106989000.0,82679778.0
85591000.0,85591000.0
85591000.0,85591000.0
115591000.0,85451110.5
145591000.0,72095549.0
116472500.0,61847244.5
93178000.0,75957012.0
93178000.0,85400439.0
93178000.0,61766383.5
74542000.0,74542000.0
74542000.0,51289600.0
104542000.0,75868185.5
83633500.0,71856149.0
83633500.0,83633500.0
83633500.0,83633500.0
113633500.0,67234406.5
143633500.0,72992077.5
114906500.0,78113876.0
91925000.0,91925000.0
91925000.0,91925000.0
121925000.0,97646347.0
151925000.0,134012902.0
151925000.0,76566160.0
121540000.0,80024288.5
97232000.0,45289533.0
77785500.0,8752218.0
62228000.0,23163758.0
49782000.0,49782000.0
49782000.0,49782000.0
79782000.0,79782000.0
109782000.0,47641807.5
139782000.0,42501696.0
111825500.0,86096467.0
89460000.0,65145688.0
71568000.0,71568000.0
71568000.0,71568000.0
101568000.0,101568000.0
131568000.0,131568000.0
161568000.0,109298297.5
191568000.0,98707331.0
153254000.0,109452247.5
122603000.0,64099063.5
98082000.0,98082000.0
98082000.0,97971698.5
128082000.0,99275328.5
102465500.0,102465500.0
102465500.0,102465500.0
132465500.0,67998081.5
162465500.0,78039384.0
129972000.0,97446055.0
103977500.0,84619166.5
103977500.0,71611867.0
83182000.0,59014574.0
66545500.0,66545500.0
66545500.0,66545500.0
96545500.0,96545500.0
126545500.0,95743484.0
156545500.0,39143855.0
125236000.0,67539007.0
100188500.0,57280599.5
80150500.0,80150500.0
80150500.0,80150500.0
110150500.0,110150500.0
140150500.0,112829765.0
170150500.0,74464537.5
136120000.0,21349544.5
108896000.0,65911301.0
87116500.0,84928750.0
87116500.0,87116500.0
87116500.0,87116500.0
117116500.0,94857177.5
147116500.0,83759356.5
117693000.0,83344782.5
94154000.0,80652985.0
94154000.0,94154000.0
94154000.0,94154000.0
124154000.0,124154000.0
154154000.0,154154000.0
184154000.0,160574401.0
214154000.0,92716663.0
171323000.0,130985741.0
137058000.0,107846596.0
109646000.0,109646000.0
109646000.0,95726799.0
139646000.0,139646000.0
139646000.0,85709098.0
169646000.0,107827661.0
135716500.0,91931667.5
108573000.0,61735268.5
86858000.0,86858000.0
86858000.0,86858000.0
116858000.0,116858000.0
146858000.0,136230530.0
176858000.0,85652927.5
141486000.0,45964267.0
113188500.0,79811897.5
90550500.0,55220768.0
72440000.0,72440000.0
72440000.0,72440000.0
102440000.0,76103447.5
132440000.0,106149876.5
129940000.0,118363564.0
129940000.0,114092315.0
127440000.0,81595137.0
101952000.0,96214813.0
101952000.0,101952000.0
101952000.0,101952000.0
131952000.0,124373737.5
161952000.0,96315304.5
129561500.0,61894438.0
103649000.0,103649000.0
103649000.0,68671754.0
133649000.0,62102321.5
106919000.0,76681601.0
85535000.0,52875497.5
68428000.0,63329987.5
68428000.0,68428000.0
68428000.0,68428000.0
98428000.0,69252496.5
128428000.0,89426544.0
102742000.0,65121587.5
82193500.0,82193500.0
82193500.0,49537166.5
112193500.0,93159780.0
112193500.0,49356378.0
89754500.0,74125603.0
89754500.0,89754500.0
89754500.0,89754500.0
119754500.0,119754500.0
149754500.0,88342704.5
119803500.0,116536414.5
119803500.0,96947333.5
117303500.0,74963086.0
93842500.0,93842500.0
93842500.0,45683007.5
75074000.0,75074000.0
75074000.0,75074000.0
105074000.0,105074000.0
135074000.0,31955439.5
165074000.0,79326633.0
132059000.0,36561939.5
105647000.0,98719393.0
105647000.0,88822736.5
105647000.0,31611221.0
84517500.0,84517500.0
84517500.0,84517500.0
114517500.0,73082303.0
144517500.0,31457325.5
115614000.0,95458333.5
115614000.0,72297773.0
92491000.0,91959493.5
92491000.0,92491000.0
92491000.0,92491000.0
122491000.0,96780996.5
152491000.0,73187488.0
121992500.0,65294781.0
97594000.0,96529178.0
97594000.0,83919620.5
127594000.0,67205461.5
102075000.0,51578218.0
81660000.0,81660000.0
81660000.0,78969976.5
111660000.0,84260940.5
89328000.0,45493842.5
71462000.0,71462000.0
71462000.0,71462000.0
101462000.0,85094604.0
131462000.0,49022213.0
105169500.0,74710954.5
84135500.0,18035172.5
67308000.0,56091745.0
67308000.0,23738238.0
53846000.0,53846000.0
53846000.0,53846000.0
83846000.0,26906951.0
113846000.0,67876396.5
91076500.0,91076500.0
91076500.0,91076500.0
121076500.0,121076500.0
151076500.0,110645998.0
181076500.0,75250973.0
144861000.0,92327731.0
115888500.0,60025270.5
92710500.0,51911396.5
74168000.0,74168000.0
74168000.0,74168000.0
104168000.0,102377683.0
134168000.0,53989481.0
107334000.0,74616587.5
85867000.0,80479912.0
85867000.0,73862244.0
85867000.0,47665162.0
68693500.0,68693500.0
68693500.0,68693500.0
98693500.0,86325965.0
128693500.0,83464444.0
102954500.0,102954500.0
102954500.0,102954500.0
132954500.0,103394157.0
162954500.0,104138686.0
130363500.0,75749289.0
104290500.0,92194091.5
104290500.0,104290500.0
104290500.0,75852532.5
134290500.0,52569398.0
107432000.0,65255150.5
85945500.0,57755515.5
68756000.0,54560528.5
55004500.0,55004500.0
55004500.0,55004500.0
85004500.0,74601580.0
115004500.0,60921116.0
92003500.0,88265977.0
92003500.0,75834429.5
92003500.0,68505977.5
73602500.0,51459656.5
58882000.0,58882000.0
58882000.0,58882000.0
88882000.0,88882000.0
118882000.0,71437323.5
95105500.0,46694313.5
76084000.0,30112222.0
60867000.0,520167.5
48693500.0,522081.0
38954500.0,1055481.5
31163500.0,1050490.5
24930500.0,13169450.0
19944000.0,1866958.5
15955000.0,519441.5
15000000.0,1537868.5
15000000.0,1702888.5
15000000.0,2755320.5
15000000.0,522460.5
15000000.0,522891.0
15000000.0,1064055.0
15000000.0,523570.5
15000000.0,1614455.0
15000000.0,522569.5
15000000.0,522977.0
15000000.0,2127528.5
15000000.0,1036710.5
15000000.0,2184814.0
15000000.0,523986.0
15000000.0,524214.0
15000000.0,1050552.0
15000000.0,548014.5
15000000.0,1068344.5
15000000.0,520459.5
15000000.0,528830.0
15000000.0,1608165.0
15000000.0,1037114.0
15000000.0,15000000.0
15000000.0,15000000.0
45000000.0,7669072.5
75000000.0,1052288.5
60000000.0,526783.5
48000000.0,1076830.5
38400000.0,517936.5
30720000.0,524844.5
24576000.0,1119390.0
19660500.0,1074427.5
15728000.0,2716255.5
15000000.0,523663.5
15000000.0,523888.0
15000000.0,1055404.0
15000000.0,526724.5
15000000.0,1052370.5
15000000.0,521825.5
15000000.0,519878.5
15000000.0,1594057.0
15000000.0,1044772.0
15000000.0,2155883.0
15000000.0,523358.0
15000000.0,516281.0
15000000.0,1054527.5
15000000.0,525705.5
15000000.0,15000000.0
15000000.0,15000000.0
45000000.0,2649120.5
75000000.0,514126.0
60000000.0,1180683.5
48000000.0,2091710.0
38400000.0,520058.5
30720000.0,1045435.0
24576000.0,1061691.5
19660500.0,1055824.0
15728000.0,1602590.0
15000000.0,524767.5
15000000.0,523788.5
15000000.0,1634887.5
15000000.0,1676299.5
15000000.0,2183200.0
15000000.0,1066350.5
15000000.0,2857629.5
15000000.0,1085056.0
15000000.0,1071758.0
15000000.0,1047226.5
15000000.0,519944.0
15000000.0,526278.5
15000000.0,1621776.0
15000000.0,549843.0
15000000.0,13932010.5
15000000.0,13525648.0
15000000.0,15000000.0
45000000.0,45000000.0
75000000.0,13111372.0
105000000.0,1057037.5
84000000.0,527725.0
67200000.0,514549.0
53760000.0,1103012.0
43008000.0,524003.5
34406000.0,2773338.0
27524500.0,519165.0
22019500.0,522900.0
17615500.0,1077380.0
15000000.0,527768.0
15000000.0,1046355.0
15000000.0,522600.0
15000000.0,513681.5
15000000.0,1582859.0
15000000.0,1072761.5
15000000.0,2156351.0
15000000.0,522441.5
15000000.0,520478.5
15000000.0,1693755.5
15000000.0,514135.0
15000000.0,15000000.0
15000000.0,15000000.0
45000000.0,1694276.5
75000000.0,1632667.5
60000000.0,524902.5
48000000.0,2661158.5
38400000.0,523383.5
30720000.0,524933.5
24576000.0,1059199.5
19660500.0,520562.5
15728000.0,2119603.0
15000000.0,526302.0
15000000.0,521966.5
15000000.0,1634938.5
15000000.0,1666010.0
15000000.0,2183606.5
15000000.0,523028.0
15000000.0,527134.0
15000000.0,1641654.5
15000000.0,523343.0
15000000.0,1045227.0
15000000.0,539137.5
15000000.0,523923.5
15000000.0,1601305.0
15000000.0,523605.0
15000000.0,15000000.0
15000000.0,4743655.0
45000000.0,524043.5
36000000.0,1715170.0
28800000.0,522407.5
23040000.0,1051451.5
18432000.0,524334.0
15000000.0,522205.5
15000000.0,2202493.5
15000000.0,520910.0
15000000.0,2736316.0
15000000.0,1065950.0
15000000.0,522944.5
15000000.0,2098142.0
15000000.0,521988.0
15000000.0,1079005.0
15000000.0,514702.0
15000000.0,513548.0
15000000.0,1622408.0
15000000.0,522760.0
15000000.0,2687079.0
15000000.0,546156.5
15000000.0,1037732.0
15000000.0,1579689.5
15000000.0,527081.0
15000000.0,13534741.0
15000000.0,5478287.0
45000000.0,522699.5
36000000.0,1597392.5
28800000.0,525063.0
23040000.0,2121437.0
18432000.0,521171.5
15000000.0,524566.0
15000000.0,1580822.0
15000000.0,522658.0
15000000.0,2175155.0
15000000.0,520492.5
15000000.0,525247.5
15000000.0,2150638.0
15000000.0,1092194.0
15000000.0,2156797.0
15000000.0,527822.5
15000000.0,14316540.0
15000000.0,1059978.5
15000000.0,544095.5
15000000.0,1602147.0
15000000.0,520493.0
15000000.0,528218.0
15000000.0,1630156.0
15000000.0,523053.0
15000000.0,11998814.5
15000000.0,15000000.0
15000000.0,1165663.0
45000000.0,1061441.5
36000000.0,521128.0
28800000.0,1064318.5
23040000.0,529138.0
18432000.0,529178.0
15000000.0,1126034.5
15000000.0,532106.0
15000000.0,3987464.0
15000000.0,529263.5
15000000.0,1045328.0
15000000.0,1612885.0
15000000.0,528180.0
15000000.0,1068084.0
15000000.0,1052503.5
15000000.0,526629.0
15000000.0,2130145.5
15000000.0,526404.0
15000000.0,15000000.0
15000000.0,15000000.0
45000000.0,7254465.5
75000000.0,1123553.5
60000000.0,514549.5
48000000.0,17602447.0
38400000.0,3814786.5
30720000.0,1047235.0
24576000.0,1658677.5
19660500.0,521178.0
15728000.0,1640206.5
15000000.0,516307.0
15000000.0,1040980.0
15000000.0,1102860.5
15000000.0,525662.5
15000000.0,1609013.5
15000000.0,1064695.0
15000000.0,1069068.5
15000000.0,1615808.0
15000000.0,1075277.5
15000000.0,1636857.5
15000000.0,1567344.0
15000000.0,1041632.5
15000000.0,1568879.0
15000000.0,522029.5
15000000.0,1069590.0
15000000.0,520026.5
15000000.0,521866.0
15000000.0,1602898.0
15000000.0,520921.0
15000000.0,13102085.0
15000000.0,15000000.0
15000000.0,15000000.0
45000000.0,6496340.0
75000000.0,523566.5
60000000.0,1062425.0
48000000.0,1070341.5
38400000.0,524447.0
30720000.0,2204419.0
24576000.0,522479.0
19660500.0,2729508.5
15728000.0,1046798.0
15000000.0,522353.5
15000000.0,1565213.5
15000000.0,528545.5
15000000.0,1596912.5
15000000.0,524099.0
15000000.0,1061973.5
15000000.0,1602268.0
15000000.0,1066100.0
15000000.0,1607046.5
15000000.0,1048895.0
15000000.0,524410.5
15000000.0,2095885.0
15000000.0,524025.0
15000000.0,12126927.5
15000000.0,9482257.5
15000000.0,1044823.5
15000000.0,1600354.5
15000000.0,525213.0
15000000.0,1634189.0
15000000.0,1053139.0
15000000.0,1047463.5
15000000.0,1565922.0
15000000.0,521523.5
15000000.0,2127213.0
15000000.0,522538.5
15000000.0,540243.0
15000000.0,1585593.5
15000000.0,1084767.5
15000000.0,1639215.0
15000000.0,1061301.5
15000000.0,4557254.5
15000000.0,1056887.5
15000000.0,519495.0
15000000.0,1056334.5
15000000.0,524556.0
15000000.0,526334.5
15000000.0,1617883.0
15000000.0,526780.0
15000000.0,11461638.5
15000000.0,12986685.5
15000000.0,1148121.0
15000000.0,1056488.0
15000000.0,1081345.0
15000000.0,1049688.0
15000000.0,1073333.5
15000000.0,524014.5
15000000.0,2187785.0
15000000.0,1068805.5
15000000.0,2175020.0
15000000.0,1052499.0
15000000.0,1123291.5
15000000.0,1061272.5
15000000.0,1043602.5
15000000.0,1062874.5
15000000.0,529912.5
15000000.0,525377.0
15000000.0,1659862.5
15000000.0,524731.0
15000000.0,1663517.5
15000000.0,1080509.0
15000000.0,1143841.5
15000000.0,1052829.0
15000000.0,517105.5
15000000.0,13894201.5
15000000.0,1482722.0
15000000.0,523031.0
15000000.0,1597062.5
15000000.0,523661.5
15000000.0,2660463.5
15000000.0,1589404.0
15000000.0,1167281.5
15000000.0,1610676.0
15000000.0,516789.5
15000000.0,1057801.5
15000000.0,525757.0
15000000.0,522931.0
15000000.0,1602344.0
15000000.0,1056879.0
15000000.0,2182594.0
15000000.0,1068619.5
15000000.0,1150252.5
15000000.0,1052028.0
15000000.0,522600.0
15000000.0,1580801.0
15000000.0,522914.0
15000000.0,526684.5
15000000.0,1618422.0
15000000.0,525816.0
15000000.0,11434667.5
15000000.0,1563635.5
15000000.0,1162567.0
15000000.0,1045098.0
15000000.0,525700.5
15000000.0,1061045.5
15000000.0,525369.5
15000000.0,517847.0
15000000.0,2174006.0
15000000.0,1064447.5
15000000.0,2181109.0
15000000.0,1063493.5
15000000.0,1159652.5
15000000.0,1061316.0
15000000.0,518042.5
15000000.0,1055210.0
15000000.0,525396.5
15000000.0,548644.5
15000000.0,1621493.0
15000000.0,524214.5
15000000.0,1616581.0
15000000.0,1052482.0
15000000.0,1159238.0
15000000.0,1052987.5
15000000.0,524186.5
15000000.0,12833746.0
15000000.0,516011.0
15000000.0,525957.5
15000000.0,1601820.5
15000000.0,520969.5
15000000.0,1652770.5
15000000.0,1043539.5
15000000.0,1181791.5
15000000.0,1057128.5
15000000.0,520714.0
15000000.0,1060160.5
15000000.0,524229.5
15000000.0,553951.0
15000000.0,1628220.5
15000000.0,529191.5
15000000.0,1652581.5
15000000.0,1047854.0
15000000.0,6539876.0
15000000.0,1586291.0
15000000.0,525576.5
15000000.0,1061646.5
15000000.0,523363.5
15000000.0,525178.0
15000000.0,1625992.5
15000000.0,521285.0
15000000.0,11449307.0
15000000.0,15000000.0
15000000.0,15000000.0
45000000.0,40348713.5
75000000.0,521605.5
60000000.0,1054335.0
48000000.0,521431.5
38400000.0,520466.0
30720000.0,2204827.5
24576000.0,1153484.5
19660500.0,2162474.5
15728000.0,527815.0
15000000.0,524898.5
15000000.0,1579396.5
15000000.0,515212.0
15000000.0,1079224.5
15000000.0,525004.0
15000000.0,1048302.5
15000000.0,1625394.5
15000000.0,526836.5
15000000.0,1600752.5
15000000.0,520324.0
15000000.0,1048045.5
15000000.0,1575031.0
15000000.0,523235.0
15000000.0,15000000.0
15000000.0,15000000.0
45000000.0,524489.0
75000000.0,1601234.0
60000000.0,525932.0
48000000.0,1632859.5
38400000.0,526523.0
30720000.0,1051549.5
24576000.0,1052121.5
19660500.0,527867.5
15728000.0,1633822.5
15000000.0,527625.0
15000000.0,522558.0
15000000.0,1618589.0
15000000.0,1059966.5
15000000.0,1636631.0
15000000.0,517739.0
15000000.0,1051278.5
15000000.0,1593010.0
15000000.0,526127.0
15000000.0,1055483.0
15000000.0,1048900.5
15000000.0,1039122.5
15000000.0,2126589.0
15000000.0,523349.5
15000000.0,15000000.0
15000000.0,3430736.0
45000000.0,514759.0
36000000.0,1058585.0
28800000.0,530842.5
23040000.0,1076714.5
18432000.0,1050058.5
15000000.0,528981.0
15000000.0,2704916.5
15000000.0,518761.5
15000000.0,2154693.0
15000000.0,526681.0
15000000.0,1045273.0
15000000.0,1581647.0
15000000.0,1040485.5
15000000.0,1062024.5
15000000.0,522698.5
15000000.0,524368.5
15000000.0,1632100.0
15000000.0,523984.0
15000000.0,1618517.5
15000000.0,523177.5
15000000.0,1048004.0
15000000.0,2118233.5
15000000.0,521597.0
15000000.0,15000000.0
15000000.0,1421204.5
15000000.0,526404.0
15000000.0,1617762.0
15000000.0,525436.5
15000000.0,1620913.5
15000000.0,519995.5
15000000.0,1045123.5
15000000.0,1638136.0
15000000.0,522453.0
15000000.0,1583526.0
15000000.0,522635.0
15000000.0,541164.5
15000000.0,1620670.0
15000000.0,524366.5
15000000.0,1601000.5
15000000.0,1049196.5
15000000.0,4701688.5
15000000.0,1058459.0
15000000.0,523655.5
15000000.0,1588583.0
15000000.0,524858.5
15000000.0,526393.0
15000000.0,1608933.0
15000000.0,525259.5
15000000.0,14165320.0
15000000.0,15000000.0
15000000.0,15000000.0
45000000.0,45000000.0
75000000.0,49021313.0
105000000.0,20664907.0
84000000.0,527392.5
67200000.0,519083.5
53760000.0,2176938.0
43008000.0,521844.5
34406000.0,2886948.5
27524500.0,529216.5
22019500.0,1049325.5
17615500.0,1066625.5
15000000.0,547466.5
15000000.0,1057115.5
15000000.0,525323.0
15000000.0,528278.5
15000000.0,1653033.5
15000000.0,525593.5
15000000.0,1620846.5
15000000.0,526472.5
15000000.0,1053056.0
15000000.0,1573940.5
15000000.0,520814.5
15000000.0,15000000.0
15000000.0,15000000.0
45000000.0,5672307.0
75000000.0,2175394.5
60000000.0,515082.5
48000000.0,2200708.0
38400000.0,513335.5
30720000.0,1058755.0
24576000.0,1052277.5
19660500.0,524861.5
15728000.0,1642309.5
15000000.0,527643.0
15000000.0,522884.5
15000000.0,2127644.5
15000000.0,1071192.0
15000000.0,1627094.5
15000000.0,1043634.5
15000000.0,1052164.5
15000000.0,1149565.5
15000000.0,522363.0
15000000.0,1055822.0
15000000.0,526999.0
15000000.0,524873.5
15000000.0,1630711.5
15000000.0,516352.5
15000000.0,13708269.5
15000000.0,1022467.0
15000000.0,1055753.5
15000000.0,1747884.0
15000000.0,522895.0
15000000.0,1058047.5
15000000.0,523154.5
15000000.0,521791.0
15000000.0,2231294.0
15000000.0,522077.0
15000000.0,2159610.5
15000000.0,526333.5
15000000.0,1048343.5
15000000.0,1148473.0
15000000.0,524941.0
15000000.0,1062843.0
15000000.0,524940.5
15000000.0,522219.5
15000000.0,2192732.0
15000000.0,527101.0
15000000.0,1648150.5
15000000.0,529662.5
15000000.0,1051012.5
15000000.0,1678130.0
15000000.0,515698.0
15000000.0,9350315.5
15000000.0,13077411.0
15000000.0,15000000.0
45000000.0,27969153.0
75000000.0,519559.5
60000000.0,1661694.5
48000000.0,526110.5
38400000.0,1059720.5
30720000.0,1063484.0
24576000.0,522905.5
19660500.0,1087941.0
15728000.0,1055931.0
15000000.0,1049525.0
15000000.0,2279790.5
15000000.0,1632165.5
15000000.0,2687350.0
15000000.0,527957.0
15000000.0,3508223.5
15000000.0,1057132.5
15000000.0,523517.0
15000000.0,1046518.5
15000000.0,1057807.5
15000000.0,548668.0
15000000.0,1619142.5
15000000.0,518334.5
15000000.0,11420855.5
15000000.0,15000000.0
15000000.0,10875010.5
45000000.0,1581028.0
36000000.0,529616.5
28800000.0,521181.5
23040000.0,1068752.5
18432000.0,1052640.0
15000000.0,1622447.0
15000000.0,524090.0
15000000.0,2678728.5
15000000.0,520168.0
15000000.0,1588530.5
15000000.0,1575077.5
15000000.0,524649.5
15000000.0,1046580.5
15000000.0,1052712.5
15000000.0,524549.0
15000000.0,1603531.5
15000000.0,518724.0
15000000.0,3149922.0
15000000.0,524210.5
15000000.0,1577977.0
15000000.0,1051242.5
15000000.0,523968.0
15000000.0,15000000.0
15000000.0,15000000.0
15000000.0,15000000.0
45000000.0,45000000.0
75000000.0,49024512.5
105000000.0,50172621.5
84000000.0,21014437.5
67200000.0,2245571.0
53760000.0,1047984.5
43008000.0,517886.5
34406000.0,1062563.5
27524500.0,517412.5
22019500.0,523837.0
17615500.0,1609561.5
15000000.0,1145175.0
15000000.0,1666002.0
15000000.0,516639.0
15000000.0,1568493.5
15000000.0,1049175.5
15000000.0,538799.5
15000000.0,513787.0
15000000.0,523906.0
15000000.0,1055754.5
15000000.0,2164494.5
15000000.0,522628.0
15000000.0,15000000.0
15000000.0,12211750.5
15000000.0,1564388.5
15000000.0,1573552.5
15000000.0,519657.5
15000000.0,519027.0
15000000.0,538623.5
15000000.0,1055218.5
15000000.0,1605528.5
15000000.0,524379.0
15000000.0,2204666.0
15000000.0,517779.0
15000000.0,1568898.5
15000000.0,1053816.0
15000000.0,524286.0
15000000.0,525308.0
15000000.0,1071001.0
15000000.0,1073940.5
15000000.0,2154699.5
15000000.0,523536.5
15000000.0,1644073.5
15000000.0,512919.0
15000000.0,1568910.0
15000000.0,1044648.0
15000000.0,526036.5
15000000.0,15000000.0
15000000.0,5791502.0
45000000.0,1575973.0
36000000.0,1600508.5
28800000.0,515020.5
23040000.0,1625532.0
18432000.0,522412.5
15000000.0,2091621.5
15000000.0,1049019.5
15000000.0,1567331.0
15000000.0,1087876.0
15000000.0,522372.5
15000000.0,1057920.5
15000000.0,1656912.5
15000000.0,522566.5
15000000.0,2172789.5
15000000.0,524260.0
15000000.0,4943659.0
15000000.0,1050533.5
15000000.0,522332.0
15000000.0,523655.5
15000000.0,520446.0
15000000.0,1608676.0
15000000.0,1599389.0
15000000.0,521640.5
15000000.0,14051850.0
15000000.0,9857581.0
15000000.0,1582699.5
15000000.0,1046838.0
15000000.0,522027.0
15000000.0,523081.0
15000000.0,522417.5
15000000.0,1063679.0
15000000.0,2128141.0
15000000.0,525442.0
15000000.0,2208963.5
15000000.0,525077.0
15000000.0,1577183.5
15000000.0,1055088.5
15000000.0,513300.0
15000000.0,523152.5
15000000.0,526314.5
15000000.0,1059288.0
15000000.0,1603839.5
15000000.0,525684.0
15000000.0,1648096.0
15000000.0,1047848.0
15000000.0,1577257.0
15000000.0,1055138.0
15000000.0,516667.0
15000000.0,15000000.0
15000000.0,15000000.0
15000000.0,5041417.0
45000000.0,1610084.0
36000000.0,523154.5
28800000.0,2202715.5
23040000.0,524246.0
18432000.0,1597244.0
15000000.0,1057097.0
15000000.0,525156.0
15000000.0,1087165.5
15000000.0,524056.5
15000000.0,1080400.0
15000000.0,2125664.0
15000000.0,1069342.5
15000000.0,2156514.5
15000000.0,526974.0
15000000.0,1567300.0
15000000.0,1573916.5
15000000.0,524428.5
15000000.0,524671.5
15000000.0,529972.5
15000000.0,1050654.0
15000000.0,1620508.5
15000000.0,522847.0
15000000.0,15000000.0
15000000.0,11658630.5
15000000.0,1564496.5
15000000.0,1571457.5
15000000.0,517011.0
15000000.0,528398.5
15000000.0,547259.0
15000000.0,1052240.5
15000000.0,2223273.0
15000000.0,520107.0
15000000.0,2193442.5
15000000.0,521011.5
15000000.0,1566115.0
15000000.0,1046859.5
15000000.0,526715.0
15000000.0,550447.0
15000000.0,520276.0
15000000.0,1046597.5
15000000.0,1608257.5
15000000.0,522628.0
15000000.0,1652846.5
15000000.0,521633.5
15000000.0,1582813.0
15000000.0,1583071.5
15000000.0,520791.5
15000000.0,14648378.5
15000000.0,3208757.0
15000000.0,1051593.5
15000000.0,1598435.5
15000000.0,526567.5
15000000.0,1660019.0
15000000.0,522938.5
15000000.0,1722953.0
15000000.0,1089447.5
15000000.0,1066631.0
15000000.0,1076796.5
15000000.0,520103.0
15000000.0,1052820.0
15000000.0,1591083.0
15000000.0,1067606.5
15000000.0,2231692.5
15000000.0,522638.0
15000000.0,3827882.0
15000000.0,1052786.5
15000000.0,526448.5
15000000.0,1050764.5
15000000.0,524041.5
15000000.0,1071091.5
15000000.0,1626354.0
15000000.0,524195.0
15000000.0,15000000.0
15000000.0,11342994.0
15000000.0,1693086.0
15000000.0,1060806.5
15000000.0,525513.0
15000000.0,517795.5
15000000.0,521744.0
15000000.0,1057839.5
15000000.0,2181429.5
15000000.0,520016.0
15000000.0,4521802.5
15000000.0,524012.5
15000000.0,1581939.0
15000000.0,1047854.5
15000000.0,1070830.0
15000000.0,1038242.5
15000000.0,522905.5
15000000.0,1052004.0
15000000.0,1604773.0
15000000.0,515597.5
15000000.0,1636455.0
15000000.0,4585426.5
15000000.0,1583390.0
15000000.0,1050299.5
15000000.0,517555.5
15000000.0,14823700.0
15000000.0,15000000.0
45000000.0,11981178.5
75000000.0,2154830.0
60000000.0,527760.5
48000000.0,1631369.5
38400000.0,524217.0
30720000.0,2111073.0
24576000.0,1053870.5
19660500.0,516276.5
15728000.0,1076534.0
15000000.0,523797.0
15000000.0,1050714.0
15000000.0,1608683.0
15000000.0,1067338.5
15000000.0,1630707.5
15000000.0,520527.5
15000000.0,1563460.5
15000000.0,1056383.0
15000000.0,1059813.0
15000000.0,1070542.0
15000000.0,520082.0
15000000.0,1041530.5
15000000.0,1607890.0
15000000.0,533948.5
15000000.0,15000000.0
15000000.0,15000000.0
45000000.0,25956616.5
75000000.0,1048270.0
60000000.0,516630.0
48000000.0,524617.5
38400000.0,518545.5
30720000.0,1053363.5
24576000.0,2227262.5
19660500.0,522778.5
15728000.0,2169628.5
15000000.0,522493.0
15000000.0,1547245.0
15000000.0,1599427.0
15000000.0,1057195.0
15000000.0,524203.0
15000000.0,1047017.0
15000000.0,1050842.0
15000000.0,4668251.0
15000000.0,1040009.0
15000000.0,2198723.0
15000000.0,518385.5
15000000.0,1574334.0
15000000.0,1069294.0
15000000.0,540966.5
15000000.0,8529686.5
15000000.0,15000000.0
15000000.0,15000000.0
45000000.0,14092916.0
75000000.0,525485.0
60000000.0,2186578.5
48000000.0,522608.0
38400000.0,1054624.5
30720000.0,1062498.0
24576000.0,1041933.0
19660500.0,1086903.0
15728000.0,522646.5
15000000.0,526919.5
15000000.0,2633683.0
15000000.0,1078403.0
15000000.0,15000000.0
15000000.0,15000000.0
45000000.0,27009770.0
75000000.0,1053019.0
60000000.0,517501.0
48000000.0,523789.0
38400000.0,523849.5
30720000.0,514842.5
24576000.0,1621458.0
19660500.0,522064.0
15728000.0,11475462.5
15000000.0,15000000.0
15000000.0,15000000.0
45000000.0,14598112.0
75000000.0,523999.5
60000000.0,1074402.5
48000000.0,515036.5
38400000.0,520903.0
30720000.0,2241494.0
24576000.0,523510.0
19660500.0,2184550.0
15728000.0,570446.0
15000000.0,526770.5
15000000.0,2125745.5
15000000.0,524073.5
15000000.0,525087.5
15000000.0,528725.0
15000000.0,524503.5
15000000.0,1600470.0
15000000.0,519721.0
15000000.0,1659785.5
15000000.0,517571.0
15000000.0,524061.0
15000000.0,2640050.5
15000000.0,544224.5
15000000.0,13413131.5
15000000.0,12510083.0
15000000.0,517495.5
15000000.0,2133790.0
15000000.0,518489.5
15000000.0,1646561.5
15000000.0,1573139.5
15000000.0,521200.0
15000000.0,2221842.5
15000000.0,523406.0
15000000.0,1076950.0
15000000.0,524604.5
15000000.0,522966.5
15000000.0,1607094.5
15000000.0,1579174.5
15000000.0,1613600.0
15000000.0,530035.0
15000000.0,516621.0
15000000.0,2094712.0
15000000.0,1049608.5
15000000.0,525641.0
15000000.0,525102.5
15000000.0,524792.5
15000000.0,1601543.5
15000000.0,520562.5
15000000.0,13739649.5
15000000.0,15000000.0
15000000.0,10646798.5
45000000.0,2765992.0
36000000.0,520105.0
28800000.0,526066.0
23040000.0,1050803.0
18432000.0,518409.0
15000000.0,2210234.5
15000000.0,526046.5
15000000.0,2194837.5
15000000.0,545912.0
15000000.0,1044178.5
15000000.0,2124889.5
15000000.0,523408.5
15000000.0,524601.5
15000000.0,526984.0
15000000.0,525376.0
15000000.0,1615525.5
15000000.0,1048924.5
15000000.0,2183495.5
15000000.0,526948.0
15000000.0,524039.5
15000000.0,1608171.5
15000000.0,1042822.0
15000000.0,11763186.5
15000000.0,1018633.5
15000000.0,1071338.5
15000000.0,1600939.0
15000000.0,1050598.5
15000000.0,1582805.5
15000000.0,520002.0
15000000.0,1045448.0
15000000.0,2209362.5
15000000.0,527210.0
15000000.0,1071545.0
15000000.0,521401.0
15000000.0,526096.0
15000000.0,1614327.0
15000000.0,1064720.0
15000000.0,2163363.0
15000000.0,1067751.5
15000000.0,4716621.5
15000000.0,1567751.0
15000000.0,523752.5
15000000.0,526133.5
15000000.0,519034.0
15000000.0,1046582.5
15000000.0,2105000.5
15000000.0,525361.0
15000000.0,13282010.0
15000000.0,9156584.0
15000000.0,1047015.0
15000000.0,1586489.0
15000000.0,519851.5
15000000.0,522330.5
15000000.0,521921.5
15000000.0,519947.5
15000000.0,2660363.0
15000000.0,516769.0
15000000.0,2760627.0
15000000.0,528123.0
15000000.0,1041257.5
15000000.0,1582469.0
15000000.0,519049.0
15000000.0,527797.5
15000000.0,518465.5
15000000.0,531549.5
15000000.0,2118034.5
15000000.0,517333.5
15000000.0,2151728.5
15000000.0,522402.5
15000000.0,1046217.5
15000000.0,1570458.0
15000000.0,522265.0
15000000.0,13476670.5
15000000.0,13675779.0
15000000.0,532167.5
15000000.0,2134267.0
15000000.0,519724.5
15000000.0,1609938.0
15000000.0,526363.5
15000000.0,1070015.5
15000000.0,1574742.0
15000000.0,520991.5
15000000.0,1596343.5
15000000.0,524497.5
15000000.0,546610.0
15000000.0,2149997.5
15000000.0,1070406.0
15000000.0,1619980.0
15000000.0,524676.0
15000000.0,1564160.0
15000000.0,1592956.0
15000000.0,521835.0
15000000.0,526460.5
15000000.0,1044105.5
15000000.0,521272.5
15000000.0,2664265.5
15000000.0,539280.0
15000000.0,11999460.5
15000000.0,5271892.0
15000000.0,1182071.5
15000000.0,1579279.0
15000000.0,520593.5
15000000.0,522194.0
15000000.0,514286.5
15000000.0,521388.5
15000000.0,3253188.0
15000000.0,522062.5
15000000.0,2210293.0
15000000.0,543342.0
15000000.0,1043608.5
15000000.0,1570128.5
15000000.0,519329.5
15000000.0,519951.0
15000000.0,1071710.5
15000000.0,525476.5
15000000.0,2135019.0
15000000.0,530953.5
15000000.0,1654108.5
15000000.0,518910.0
15000000.0,1036751.0
15000000.0,1601718.5
15000000.0,526365.0
15000000.0,15000000.0
15000000.0,15000000.0
45000000.0,14269299.0
75000000.0,2128640.0
60000000.0,520232.0
48000000.0,1649122.0
38400000.0,524629.5
30720000.0,1034619.5
24576000.0,1577906.5
19660500.0,524740.5
15728000.0,1072265.0
15000000.0,523478.0
15000000.0,524999.5
15000000.0,1603513.0
15000000.0,1074789.0
15000000.0,2160294.0
15000000.0,522349.5
15000000.0,3271559.5
15000000.0,1597064.0
15000000.0,1040670.0
15000000.0,528662.5
15000000.0,528553.5
15000000.0,525777.5
15000000.0,1614903.5
15000000.0,525130.5
15000000.0,11442311.0
15000000.0,12420181.0
15000000.0,1042882.0
15000000.0,1579955.5
15000000.0,1042229.5
15000000.0,553237.0
15000000.0,521086.5
15000000.0,524800.0
15000000.0,2189933.5
15000000.0,522102.5
15000000.0,2194269.5
15000000.0,528735.0
15000000.0,1068403.0
15000000.0,1574374.0
15000000.0,527969.5
15000000.0,524869.0
15000000.0,522007.5
15000000.0,1054104.5
15000000.0,1589034.0
15000000.0,1047627.5
15000000.0,1653697.5
15000000.0,543094.0
15000000.0,1043059.5
15000000.0,1596662.0
15000000.0,521147.0
15000000.0,15000000.0
15000000.0,15000000.0
45000000.0,9827282.0
75000000.0,1604851.5
60000000.0,1054191.0
48000000.0,1667746.5
38400000.0,520881.0
30720000.0,1034387.5
24576000.0,1592404.5
19660500.0,526479.0
15728000.0,1071860.0
15000000.0,554262.5
15000000.0,1039305.5
15000000.0,1591040.0
15000000.0,1088690.0
15000000.0,1610318.5
15000000.0,525820.5
15000000.0,1042046.5
15000000.0,1577689.5
15000000.0,521644.5
15000000.0,523357.0
15000000.0,520809.0
15000000.0,522418.0
15000000.0,2155673.0
15000000.0,516972.5
15000000.0,15000000.0
15000000.0,4804565.5
45000000.0,1716618.5
36000000.0,1572353.5
28800000.0,513599.5
23040000.0,520035.0
18432000.0,521916.0
15000000.0,1042713.0
15000000.0,3228728.0
15000000.0,523955.5
15000000.0,2190417.5
15000000.0,520874.0
15000000.0,1044955.0
15000000.0,1585437.0
15000000.0,1067837.5
15000000.0,525449.0
15000000.0,523895.0
15000000.0,527354.5
15000000.0,2146794.0
15000000.0,523016.5
15000000.0,1638547.0
15000000.0,1065250.0
15000000.0,1043657.0
15000000.0,1606110.0
15000000.0,514982.5
15000000.0,15000000.0
15000000.0,15000000.0
45000000.0,26133173.5
75000000.0,2162025.0
60000000.0,527441.5
48000000.0,1581601.5
38400000.0,524988.5
30720000.0,1143231.5
24576000.0,1575066.5
19660500.0,530041.5
15728000.0,1070144.0
15000000.0,525057.0
15000000.0,525254.0
15000000.0,2133502.0
15000000.0,1605955.0
15000000.0,1655104.0
15000000.0,529361.5
15000000.0,2816653.0
15000000.0,1579569.0
15000000.0,527462.0
15000000.0,541763.5
15000000.0,523910.5
15000000.0,1052354.5
15000000.0,2684086.5
15000000.0,523901.0
15000000.0,15000000.0
15000000.0,15000000.0
15000000.0,15000000.0
45000000.0,45000000.0
75000000.0,26874630.0
105000000.0,523414.5
84000000.0,519952.5
67200000.0,525471.5
53760000.0,2755321.0
43008000.0,527190.0
34406000.0,2199255.0
27524500.0,530825.0
22019500.0,530727.5
17615500.0,1591705.5
15000000.0,524120.0
15000000.0,521936.0
15000000.0,522796.0
15000000.0,523355.0
15000000.0,1585319.5
15000000.0,515927.5
15000000.0,1650252.5
15000000.0,523902.5
15000000.0,1041903.0
15000000.0,1588594.0
15000000.0,523468.0
15000000.0,15000000.0
15000000.0,3713865.5
45000000.0,522837.5
36000000.0,2139614.5
28800000.0,518252.0
23040000.0,1663259.0
18432000.0,524607.5
15000000.0,1180038.0
15000000.0,2118823.5
15000000.0,517915.0
15000000.0,1075942.5
15000000.0,522750.5
15000000.0,525892.5
15000000.0,2129435.5
15000000.0,1071817.0
15000000.0,1686016.0
15000000.0,522825.5
15000000.0,1040172.5
15000000.0,2089567.5
15000000.0,1072793.5
15000000.0,524201.0
15000000.0,1047433.0
15000000.0,524170.0
15000000.0,2127924.5
15000000.0,524567.0
15000000.0,15000000.0
15000000.0,9362896.5
45000000.0,1712768.5
36000000.0,1575962.5
28800000.0,528318.0
23040000.0,525094.0
18432000.0,525929.5
15000000.0,525656.5
15000000.0,2751939.0
15000000.0,518021.5
15000000.0,2205597.5
15000000.0,523670.0
15000000.0,1032382.0
15000000.0,1601590.0
15000000.0,525539.5
15000000.0,525110.5
15000000.0,530221.0
15000000.0,517191.0
15000000.0,2659001.0
15000000.0,521921.5
15000000.0,1624897.0
15000000.0,522024.0
15000000.0,1043666.0
15000000.0,2131666.0
15000000.0,524732.5
15000000.0,10458209.5
15000000.0,3998338.0
15000000.0,536706.5
15000000.0,2115199.0
15000000.0,527742.0
15000000.0,1581791.5
15000000.0,516605.5
15000000.0,1168377.5
15000000.0,1593854.5
15000000.0,1038959.5
15000000.0,1079671.5
15000000.0,522339.0
15000000.0,525542.0
15000000.0,2145146.0
15000000.0,1065796.5
15000000.0,2164258.5
15000000.0,526883.0
15000000.0,2965713.5
15000000.0,1573057.0
15000000.0,523445.5
15000000.0,1049791.0
15000000.0,524435.5
15000000.0,523812.5
15000000.0,2155484.5
15000000.0,521977.0
15000000.0,13207429.0
15000000.0,3915117.0
15000000.0,1041654.0
15000000.0,1584204.0
15000000.0,525473.0
15000000.0,523507.0
15000000.0,526234.5
15000000.0,525058.5
15000000.0,2692320.0
15000000.0,524778.0
15000000.0,3529237.5
15000000.0,515643.0
15000000.0,1057504.5
15000000.0,1575904.0
15000000.0,1046258.0
15000000.0,528204.0
15000000.0,525450.0
15000000.0,525117.5
15000000.0,2164422.5
15000000.0,525546.0
15000000.0,1698296.5
15000000.0,519357.5
15000000.0,1036841.5
15000000.0,1589673.5
15000000.0,517469.5
15000000.0,13375880.0
15000000.0,7980462.5
15000000.0,1047780.5
15000000.0,2131567.5
15000000.0,525299.5
15000000.0,1643326.0
15000000.0,522143.5
15000000.0,1048505.5
15000000.0,2150720.0
15000000.0,522716.0
15000000.0,1069804.5
15000000.0,540867.0
15000000.0,524794.5
15000000.0,2677622.5
15000000.0,1079809.0
15000000.0,2168538.0
15000000.0,524728.0
15000000.0,1598966.0
15000000.0,2126868.0
15000000.0,527321.5
15000000.0,536797.0
15000000.0,524726.0
15000000.0,1072029.0
15000000.0,2119212.0
15000000.0,523387.5
15000000.0,15000000.0
15000000.0,15000000.0
15000000.0,1042798.5
45000000.0,1578910.5
36000000.0,525700.5
28800000.0,529754.0
23040000.0,522816.5
18432000.0,522962.0
15000000.0,2731606.5
15000000.0,525607.0
15000000.0,2139531.5
15000000.0,1067703.0
15000000.0,1037528.0
15000000.0,2114831.5
15000000.0,526733.0
15000000.0,527973.5
15000000.0,521897.0
15000000.0,525955.0
15000000.0,2123782.0
15000000.0,524064.0
15000000.0,1662495.0
15000000.0,524199.5
15000000.0,1046772.5
15000000.0,1605123.0
15000000.0,519700.0
15000000.0,12480344.0
15000000.0,7578971.0
15000000.0,1066640.5
15000000.0,2148319.5
15000000.0,547034.0
15000000.0,1655833.5
15000000.0,520833.5
15000000.0,1177006.0
15000000.0,2091262.0
15000000.0,527631.5
15000000.0,1638311.0
15000000.0,547411.0
15000000.0,521017.5
15000000.0,2684794.5
15000000.0,1059201.5
15000000.0,1637545.0
15000000.0,1040039.0
15000000.0,2646976.5
15000000.0,1565906.5
15000000.0,530614.0
15000000.0,516445.5
15000000.0,524357.0
15000000.0,520632.0
15000000.0,2153430.5
15000000.0,1085568.0
15000000.0,11477849.0
15000000.0,12051774.5
15000000.0,1168880.0
15000000.0,1572686.0
15000000.0,517984.5
15000000.0,520631.5
15000000.0,525158.5
15000000.0,524256.5
15000000.0,2731234.0
15000000.0,522099.5
15000000.0,2199404.0
15000000.0,519577.5
15000000.0,1033417.0
15000000.0,2122294.0
15000000.0,523145.5
15000000.0,517804.0
15000000.0,544874.5
15000000.0,1042698.0
15000000.0,2149640.0
15000000.0,1047368.5
15000000.0,1661611.0
15000000.0,518875.0
15000000.0,1065862.0
15000000.0,1610791.5
15000000.0,522830.5
15000000.0,8833133.5
15000000.0,521668.0
15000000.0,521634.5
15000000.0,2141179.5
15000000.0,523166.0
15000000.0,2189555.0
15000000.0,525018.5
15000000.0,1687440.0
15000000.0,1557911.0
15000000.0,522790.5
15000000.0,1059832.5
15000000.0,519837.5
15000000.0,522976.5
15000000.0,2116470.0
15000000.0,1067755.0
15000000.0,2194394.5
15000000.0,522738.0
15000000.0,1590168.0
15000000.0,2104488.5
15000000.0,522510.0
15000000.0,527845.5
15000000.0,523498.0
15000000.0,513454.0
15000000.0,2162815.5
15000000.0,523190.5
15000000.0,11987518.0
15000000.0,2919631.5
15000000.0,1179661.5
15000000.0,1589292.0
15000000.0,520445.0
15000000.0,520158.5
15000000.0,521509.5
15000000.0,533908.0
15000000.0,2720051.0
15000000.0,515850.0
15000000.0,2716348.5
15000000.0,519700.5
15000000.0,1045642.0
15000000.0,1615683.5
15000000.0,521731.0
15000000.0,525733.5
15000000.0,521769.0
15000000.0,521891.5
15000000.0,2136431.0
15000000.0,522499.0
15000000.0,1634201.5
15000000.0,521005.0
15000000.0,1044647.0
15000000.0,1574065.0
15000000.0,524464.0
15000000.0,11037178.5
15000000.0,1540339.5
15000000.0,525097.0
15000000.0,2115857.0
15000000.0,520439.5
15000000.0,1659199.0
15000000.0,524008.0
15000000.0,1042171.0
15000000.0,1573313.0
15000000.0,523170.5
15000000.0,1063658.0
15000000.0,521983.5
15000000.0,523654.5
15000000.0,2649609.5
15000000.0,1067624.0
15000000.0,1608196.0
15000000.0,517904.0
15000000.0,2834703.5
15000000.0,1592544.0
15000000.0,523258.0
15000000.0,524657.0
15000000.0,525045.5
15000000.0,527081.5
15000000.0,2141118.5
15000000.0,524980.5
15000000.0,11487999.0
15000000.0,15000000.0
15000000.0,15000000.0
45000000.0,24790342.5
75000000.0,525763.0
60000000.0,523369.5
48000000.0,514120.5
38400000.0,545761.5
30720000.0,2732437.5
24576000.0,523576.5
19660500.0,2182577.0
15728000.0,529199.5
15000000.0,535896.0
15000000.0,2102376.0
15000000.0,1045105.5
15000000.0,524241.0
15000000.0,517244.0
15000000.0,529161.5
15000000.0,2169522.5
15000000.0,535191.0
15000000.0,2113131.0
15000000.0,527040.5
15000000.0,581221.0
15000000.0,2088593.0
15000000.0,517499.5
15000000.0,9034521.5
15000000.0,519178.5
15000000.0,523417.0
15000000.0,2141152.0
15000000.0,519263.5
15000000.0,1680396.0
15000000.0,1054710.5
15000000.0,1049263.0
15000000.0,2111775.5
15000000.0,519133.0
15000000.0,1070600.0
15000000.0,529030.0
15000000.0,521084.0
15000000.0,2149046.0
15000000.0,1062183.0
15000000.0,1649734.5
15000000.0,520415.0
15000000.0,513700.0
15000000.0,2646746.5
15000000.0,521064.5
15000000.0,524169.0
15000000.0,525746.5
15000000.0,517904.0
15000000.0,2130849.0
15000000.0,519532.5
15000000.0,14535932.5
15000000.0,15000000.0
45000000.0,45000000.0
75000000.0,46688747.0
105000000.0,517581.0
84000000.0,1040872.5
67200000.0,520734.0
53760000.0,516078.5
43008000.0,2450657.0
34406000.0,519939.5
27524500.0,2461166.5
22019500.0,521136.0
17615500.0,521542.5
15000000.0,1575691.0
15000000.0,520242.5
15000000.0,515959.0
15000000.0,543835.5
15000000.0,521348.0
15000000.0,2139738.5
15000000.0,524242.5
15000000.0,1606821.5
15000000.0,525774.5
15000000.0,524076.5
15000000.0,2613350.5
15000000.0,522756.0
15000000.0,8311921.5
15000000.0,15000000.0
15000000.0,1396009.5
45000000.0,2146967.0
36000000.0,520954.0
28800000.0,1634115.0
23040000.0,523575.5
18432000.0,522138.5
15000000.0,1040393.0
15000000.0,522649.5
15000000.0,521962.0
15000000.0,523484.5
15000000.0,521123.0
15000000.0,2142127.0
15000000.0,1630655.5
15000000.0,1653517.0
15000000.0,1067383.5
15000000.0,3748509.0
15000000.0,1564768.0
15000000.0,522404.5
15000000.0,522568.5
15000000.0,520423.0
15000000.0,521880.0
15000000.0,2138201.0
15000000.0,1062251.0
15000000.0,10966546.0
15000000.0,9667390.5
15000000.0,1136248.0
15000000.0,1591611.0
15000000.0,542772.0
15000000.0,520816.0
15000000.0,522363.0
15000000.0,522454.0
15000000.0,1607540.0
15000000.0,520359.5
15000000.0,2686878.5
15000000.0,515720.5
15000000.0,521159.0
15000000.0,1568748.5
15000000.0,521305.5
15000000.0,519254.0
15000000.0,517863.5
15000000.0,522918.5
15000000.0,1575292.5
15000000.0,515999.5
15000000.0,2191070.5
15000000.0,519973.5
15000000.0,1062854.0
15000000.0,1571640.0
15000000.0,1047846.5
15000000.0,11216114.5
15000000.0,4545372.0
15000000.0,519322.5
15000000.0,1619314.0
15000000.0,520459.5
15000000.0,2192628.5
15000000.0,521684.0
15000000.0,1559660.5
15000000.0,1591823.5
15000000.0,517135.0
15000000.0,1077025.0
15000000.0,519574.5
15000000.0,522879.5
15000000.0,2114604.0
15000000.0,1076312.5
15000000.0,1610494.5
15000000.0,517158.5
15000000.0,1043548.5
15000000.0,1606332.5
15000000.0,525493.5
15000000.0,523336.5
15000000.0,521870.5
15000000.0,517723.5
15000000.0,2684349.0
15000000.0,1066431.5
15000000.0,14480761.0
15000000.0,1018708.0
15000000.0,1167801.5
15000000.0,1037521.5
15000000.0,522275.0
15000000.0,524754.5
15000000.0,519682.0
15000000.0,542995.5
15000000.0,2183433.0
15000000.0,519869.0
15000000.0,2703551.0
15000000.0,540094.0
15000000.0,1583376.0
15000000.0,1561417.5
15000000.0,519747.0
15000000.0,517355.0
15000000.0,522072.0
15000000.0,522730.0
15000000.0,2137350.0
15000000.0,525815.0
15000000.0,1609644.0
15000000.0,524463.0
15000000.0,1039079.0
15000000.0,1587872.0
15000000.0,523781.0
15000000.0,10047994.0
15000000.0,3220004.0
15000000.0,518117.5
15000000.0,2110894.5
15000000.0,521279.5
15000000.0,1648335.0
15000000.0,521783.5
15000000.0,1164380.0
15000000.0,1583982.0
15000000.0,523754.0
15000000.0,1068334.0
15000000.0,525076.0
15000000.0,522396.0
15000000.0,2157543.0
15000000.0,1063152.5
15000000.0,1628396.0
15000000.0,520802.5
15000000.0,5829983.5
15000000.0,1591355.0
15000000.0,1043226.0
15000000.0,530240.0
15000000.0,522794.5
15000000.0,525249.0
15000000.0,2141198.0
15000000.0,520264.0
15000000.0,11439803.0
15000000.0,13690859.5
15000000.0,1038186.5
15000000.0,1598522.0
15000000.0,525629.5
15000000.0,1045453.0
15000000.0,523315.5
15000000.0,525010.5
15000000.0,2680358.0
15000000.0,521279.0
15000000.0,2184531.5
15000000.0,517125.0
15000000.0,1596990.0
15000000.0,1587007.0
15000000.0,524671.5
15000000.0,525605.5
15000000.0,1043735.5
15000000.0,521438.5
15000000.0,2121240.0
15000000.0,522197.0
15000000.0,2749296.5
15000000.0,524203.0
15000000.0,1036181.5
15000000.0,1559050.0
15000000.0,521510.5
15000000.0,10651266.5
15000000.0,5834829.5
15000000.0,540446.5
15000000.0,2121945.5
15000000.0,521307.5
15000000.0,1666292.5
15000000.0,524610.0
15000000.0,1184003.0
15000000.0,1565368.0
15000000.0,520592.0
15000000.0,1093559.5
15000000.0,520174.0
15000000.0,521814.0
15000000.0,2111600.5
15000000.0,1067364.5
15000000.0,2150845.5
15000000.0,523418.5
15000000.0,1039217.0
15000000.0,1578739.5
15000000.0,556260.0
15000000.0,520000.0
15000000.0,525851.0
15000000.0,522100.5
15000000.0,2130284.5
15000000.0,520222.0
15000000.0,14197081.5
15000000.0,15000000.0
45000000.0,45000000.0
75000000.0,50062774.5
105000000.0,49022221.5
84000000.0,40999262.0
67200000.0,511074.5
53760000.0,1061252.0
43008000.0,3243989.0
34406000.0,516836.0
27524500.0,2170472.0
22019500.0,520628.5
17615500.0,1200006.5
15000000.0,1763364.0
15000000.0,521266.5
15000000.0,520380.5
15000000.0,519195.0
15000000.0,513425.0
15000000.0,2143232.0
15000000.0,518982.0
15000000.0,1621891.5
15000000.0,527527.5
15000000.0,1062391.5
15000000.0,1565354.0
15000000.0,520325.0
15000000.0,10861267.0
15000000.0,7610097.0
15000000.0,520840.5
15000000.0,2138894.0
15000000.0,523719.0
15000000.0,1622051.5
15000000.0,546908.0
15000000.0,1179848.5
15000000.0,1054811.5
15000000.0,521596.5
15000000.0,1074581.5
15000000.0,522000.0
15000000.0,524244.5
15000000.0,2681760.0
15000000.0,1065733.0
15000000.0,2175238.5
15000000.0,518754.0
15000000.0,7813808.5
15000000.0,1591825.5
15000000.0,515541.5
15000000.0,514645.0
15000000.0,519461.0
15000000.0,524022.5
15000000.0,2116691.5
15000000.0,519586.0
15000000.0,11477997.5
15000000.0,15000000.0
15000000.0,13253970.5
45000000.0,25618406.5
75000000.0,525935.0
60000000.0,524913.5
48000000.0,517083.0
38400000.0,520427.5
30720000.0,2742310.5
24576000.0,538549.0
19660500.0,2216811.5
15728000.0,524923.5
15000000.0,513761.0
15000000.0,2136918.0
15000000.0,521321.0
15000000.0,523352.0
15000000.0,519820.5
15000000.0,1059387.5
15000000.0,1615484.5
15000000.0,537928.0
15000000.0,1103199.0
15000000.0,521450.5
15000000.0,520115.0
15000000.0,2093168.5
15000000.0,519238.0
15000000.0,12221724.5
15000000.0,3348931.5
15000000.0,521382.0
15000000.0,1607324.5
15000000.0,516829.0
15000000.0,1045658.0
15000000.0,519302.5
15000000.0,524640.5
15000000.0,1689977.5
15000000.0,516602.0
15000000.0,1078236.0
15000000.0,1066922.5
15000000.0,515851.0
15000000.0,2110359.0
15000000.0,1086869.0
15000000.0,1619389.0
15000000.0,521973.5
15000000.0,1042390.0
15000000.0,2078773.5
15000000.0,522382.5
15000000.0,520971.5
15000000.0,523196.5
15000000.0,1036089.0
15000000.0,2170630.0
15000000.0,525542.0
15000000.0,14188801.0
15000000.0,6550935.5
15000000.0,516444.5
15000000.0,2613052.0
15000000.0,535755.5
15000000.0,523060.0
15000000.0,522094.5
15000000.0,519215.5
15000000.0,2744259.0
15000000.0,521727.5
15000000.0,2695605.5
15000000.0,526343.5
15000000.0,519864.5
15000000.0,2111417.0
15000000.0,526031.5
15000000.0,1061886.5
15000000.0,525899.5
15000000.0,518296.5
15000000.0,2150417.0
15000000.0,524469.5
15000000.0,2676747.0
15000000.0,524053.5
15000000.0,525289.0
15000000.0,2625117.5
15000000.0,522307.0
15000000.0,13643423.5
15000000.0,15000000.0
15000000.0,15000000.0
45000000.0,45000000.0
75000000.0,49016984.5
105000000.0,17873358.0
84000000.0,519560.0
67200000.0,523828.0
53760000.0,2090328.0
43008000.0,1086448.0
34406000.0,1071348.5
27524500.0,526911.5
22019500.0,524592.5
17615500.0,1612834.0
15000000.0,1589931.0
15000000.0,1639797.5
15000000.0,521020.5
15000000.0,4631251.5
15000000.0,1560946.0
15000000.0,1069857.0
15000000.0,525199.0
15000000.0,524487.5
15000000.0,525184.0
15000000.0,1603631.5
15000000.0,1045621.0
15000000.0,11415905.0
15000000.0,9693919.5
15000000.0,1174114.5
15000000.0,1560278.0
15000000.0,515441.0
15000000.0,515113.0
15000000.0,516140.0
15000000.0,518052.0
15000000.0,2177751.0
15000000.0,1045021.5
15000000.0,2175741.5
15000000.0,517515.0
15000000.0,1043096.5
15000000.0,1579366.0
15000000.0,516756.0
15000000.0,523879.0
15000000.0,517344.0
15000000.0,524695.5
15000000.0,1588780.0
15000000.0,1050115.0
15000000.0,2131649.0
15000000.0,1040842.5
15000000.0,1042573.0
15000000.0,1563582.5
15000000.0,526410.5
15000000.0,8396400.0
15000000.0,519472.5
15000000.0,524055.5
15000000.0,1588245.5
15000000.0,1041858.0
15000000.0,2167450.5
15000000.0,522613.0
15000000.0,1690185.0
15000000.0,1570270.0
15000000.0,521507.0
15000000.0,1070439.0
15000000.0,539911.5
15000000.0,517038.0
15000000.0,1584434.5
15000000.0,3828754.0
15000000.0,1594095.5
15000000.0,519545.5
15000000.0,1043452.0
15000000.0,1591277.0
15000000.0,522619.0
15000000.0,525673.0
15000000.0,527379.5
15000000.0,520207.5
15000000.0,1588664.5
15000000.0,547775.5
15000000.0,13145269.0
15000000.0,4954187.5
15000000.0,1044031.0
15000000.0,1582051.0
15000000.0,519808.5
15000000.0,517889.5
15000000.0,521783.0
15000000.0,522049.0
15000000.0,1614020.5
15000000.0,1051891.0
15000000.0,2175661.5
15000000.0,518348.0
15000000.0,1038759.5
15000000.0,1576001.0
15000000.0,524192.0
15000000.0,523018.5
15000000.0,1044212.0
15000000.0,524054.5
15000000.0,1627512.5
15000000.0,1046633.0
15000000.0,1106489.0
15000000.0,524298.0
15000000.0,1052425.5
15000000.0,1596844.0
15000000.0,524008.0
15000000.0,10761719.5
15000000.0,1237549.5
15000000.0,522724.0
15000000.0,1606763.5
15000000.0,1040460.5
15000000.0,1615791.0
15000000.0,514617.5
15000000.0,1195681.5
15000000.0,1579637.5
15000000.0,523365.0
15000000.0,1074548.0
15000000.0,512649.5
15000000.0,519720.0
15000000.0,1611842.5
15000000.0,1589758.0
15000000.0,1627381.0
15000000.0,544880.0
15000000.0,3238372.5
15000000.0,1630067.0
15000000.0,525310.5
15000000.0,520162.5
15000000.0,525177.0
15000000.0,523278.0
15000000.0,1593503.0
15000000.0,1047871.0
15000000.0,11411795.5
15000000.0,2662978.0
15000000.0,1050287.5
15000000.0,1569767.5
15000000.0,522159.0
15000000.0,523831.5
15000000.0,1058673.0
15000000.0,522893.5
15000000.0,1605959.0
15000000.0,520328.5
15000000.0,2748359.0
15000000.0,518503.0
15000000.0,1039409.5
15000000.0,1569427.5
15000000.0,524755.0
15000000.0,524793.0
15000000.0,518731.5
15000000.0,517646.5
15000000.0,1582210.0
15000000.0,1042802.0
15000000.0,1065835.5
15000000.0,515252.0
15000000.0,1043190.5
15000000.0,1047871.0
15000000.0,1038075.0
15000000.0,15000000.0
15000000.0,15000000.0
15000000.0,15000000.0
45000000.0,45000000.0
75000000.0,521443.5
60000000.0,1625281.5
48000000.0,523184.0
38400000.0,1041498.5
30720000.0,1047824.5
24576000.0,534764.0
19660500.0,1073310.5
15728000.0,543010.5
15000000.0,543651.0
15000000.0,1607402.0
15000000.0,1634630.5
15000000.0,1583113.0
15000000.0,515389.5
15000000.0,1043184.5
15000000.0,1045249.5
15000000.0,1042519.5
15000000.0,512199.5
15000000.0,521440.0
15000000.0,520971.0
15000000.0,1586752.5
15000000.0,1035974.0
15000000.0,13941762.0
15000000.0,15000000.0
45000000.0,32044648.0
75000000.0,1043908.0
60000000.0,1043424.0
48000000.0,525743.5
38400000.0,519293.5
30720000.0,521323.5
24576000.0,2158809.5
19660500.0,1042077.5
15728000.0,2155063.5
15000000.0,518457.0
15000000.0,1046621.0
15000000.0,1058856.5
15000000.0,1030233.5
15000000.0,523390.0
15000000.0,538923.0
15000000.0,522332.0
15000000.0,1614793.5
15000000.0,1038034.5
15000000.0,2158497.0
15000000.0,520139.0
15000000.0,1045691.5
15000000.0,1567838.5
15000000.0,1064401.5
15000000.0,10604198.5
15000000.0,518349.0
15000000.0,524967.5
15000000.0,1070854.0
15000000.0,1047379.0
15000000.0,1652879.0
15000000.0,522117.0
15000000.0,1042462.5
15000000.0,1048474.0
15000000.0,1041253.5
15000000.0,1086452.5
15000000.0,523399.0
15000000.0,520512.5
15000000.0,1612207.0
15000000.0,1592486.5
15000000.0,1101450.5
15000000.0,521753.0
15000000.0,5336517.0
15000000.0,1584173.5
15000000.0,519730.0
15000000.0,522257.5
15000000.0,1048114.5
15000000.0,526768.0
15000000.0,1596537.5
15000000.0,1064917.0
15000000.0,11405595.0
15000000.0,15000000.0
15000000.0,15000000.0
45000000.0,18328929.5
75000000.0,566482.0
60000000.0,523164.0
48000000.0,544206.5
38400000.0,521142.5
30720000.0,2396000.5
24576000.0,1560024.5
19660500.0,2801321.0
15728000.0,526096.0
15000000.0,525582.0
15000000.0,1671172.0
15000000.0,1069604.0
15000000.0,523303.5
15000000.0,524201.5
15000000.0,522677.0
15000000.0,2170212.5
15000000.0,1051005.0
15000000.0,1638802.5
15000000.0,1045483.5
15000000.0,1036247.0
15000000.0,1594552.0
15000000.0,1041397.5
15000000.0,11132496.5
15000000.0,15000000.0
15000000.0,10536216.0
45000000.0,1611307.0
36000000.0,1581516.5
28800000.0,1620104.5
23040000.0,1593511.0
18432000.0,523859.0
15000000.0,1040325.5
15000000.0,1038127.0
15000000.0,1066732.5
15000000.0,521461.5
15000000.0,521304.5
15000000.0,1607561.5
15000000.0,1595076.5
15000000.0,1618242.5
15000000.0,1067726.0
15000000.0,520367.5
15000000.0,1034723.0
15000000.0,1045606.5
15000000.0,518935.5
15000000.0,518436.0
15000000.0,528135.0
15000000.0,1631419.5
15000000.0,1052247.0
15000000.0,13578451.0
15000000.0,15000000.0
45000000.0,519925.0
36000000.0,1053542.0
28800000.0,1040299.0
23040000.0,525193.5
18432000.0,519182.5
15000000.0,523117.5
15000000.0,1614408.0
15000000.0,1043359.0
15000000.0,2192144.0
15000000.0,516727.5
15000000.0,524521.0
15000000.0,1559506.5
15000000.0,1061318.5
15000000.0,524054.5
15000000.0,519253.5
15000000.0,546588.5
15000000.0,1586113.0
15000000.0,1048816.0
15000000.0,1649383.5
15000000.0,519413.0
15000000.0,526144.5
15000000.0,1063441.5
15000000.0,1040828.0
15000000.0,9084484.0
15000000.0,1018610.0
15000000.0,519408.5
15000000.0,1583170.0
15000000.0,1052570.0
15000000.0,2187168.0
15000000.0,523238.5
15000000.0,520388.0
15000000.0,1036003.0
15000000.0,1038829.0
15000000.0,1076830.0
15000000.0,518995.5
15000000.0,518474.0
15000000.0,1607633.5
15000000.0,1588933.0
15000000.0,1618196.0
15000000.0,533549.0
15000000.0,4248913.0
15000000.0,518917.5
15000000.0,1052031.5
15000000.0,518836.5
15000000.0,520400.0
15000000.0,1052616.0
15000000.0,1577424.5
15000000.0,1049561.0
15000000.0,11939585.5
15000000.0,11170731.0
15000000.0,1033003.0
15000000.0,520042.0
15000000.0,1045179.5
15000000.0,523221.0
15000000.0,522426.5
15000000.0,520809.5
15000000.0,2188873.5
15000000.0,1078523.5
15000000.0,2169677.0
15000000.0,519781.0
15000000.0,1038877.0
15000000.0,1072905.5
15000000.0,1046219.5
15000000.0,520403.0
15000000.0,517942.0
15000000.0,518501.5
15000000.0,1585334.5
15000000.0,1047353.0
15000000.0,1606532.5
15000000.0,520601.0
15000000.0,1037359.5
15000000.0,1049030.0
15000000.0,1044982.5
15000000.0,9620731.0
15000000.0,1210842.5
15000000.0,519169.0
15000000.0,1579014.0
15000000.0,1043928.0
15000000.0,1128074.0
15000000.0,523010.5
15000000.0,1171777.5
15000000.0,1049011.5
15000000.0,1038924.5
15000000.0,1060378.0
15000000.0,522954.5
15000000.0,522934.0
15000000.0,1603327.5
15000000.0,1585988.5
15000000.0,1609463.5
15000000.0,526719.5
15000000.0,1043793.5
15000000.0,1058990.5
15000000.0,1036295.5
15000000.0,520264.0
15000000.0,522641.0
15000000.0,525265.5
15000000.0,1068046.0
15000000.0,1051671.0
15000000.0,9783467.5
15000000.0,2081683.0
15000000.0,1059485.0
15000000.0,1045128.0
15000000.0,1041986.5
15000000.0,518204.5
15000000.0,1043797.0
15000000.0,524243.5
15000000.0,2272816.5
15000000.0,1050837.5
15000000.0,2197397.5
15000000.0,517881.5
15000000.0,1032868.5
15000000.0,1596056.0
15000000.0,1046272.5
15000000.0,519253.0
15000000.0,1048102.0
15000000.0,523103.5
15000000.0,1606988.5
15000000.0,1558828.5
15000000.0,1572550.0
15000000.0,525332.5
15000000.0,3020512.5
15000000.0,1044052.0
15000000.0,1039161.5
15000000.0,14651622.5
15000000.0,1378267.5
45000000.0,549736.0
36000000.0,1606421.0
28800000.0,1049518.5
23040000.0,1591490.0
18432000.0,541661.0
15000000.0,519170.0
15000000.0,2112025.0
15000000.0,523329.5
15000000.0,1073447.5
15000000.0,1031850.0
15000000.0,518147.5
15000000.0,1597948.5
15000000.0,1602959.0
15000000.0,1610793.5
15000000.0,520256.0
15000000.0,3546361.0
15000000.0,5883740.5
15000000.0,1064298.5
15000000.0,543160.0
15000000.0,520232.0
15000000.0,521038.5
15000000.0,1591386.5
15000000.0,1059864.0
15000000.0,11385962.5
15000000.0,15000000.0
15000000.0,12695811.0
45000000.0,1590625.5
36000000.0,517151.0
28800000.0,520741.5
23040000.0,521793.5
18432000.0,520795.5
15000000.0,2184727.0
15000000.0,1042540.5
15000000.0,2157715.5
15000000.0,517349.0
15000000.0,517768.0
15000000.0,1041118.5
15000000.0,1041667.0
15000000.0,517255.5
15000000.0,516680.0
15000000.0,519054.0
15000000.0,1635848.5
15000000.0,1049790.5
15000000.0,1622857.0
15000000.0,523949.0
15000000.0,554783.5
15000000.0,1037369.5
15000000.0,1039716.0
15000000.0,15000000.0
15000000.0,7830808.5
45000000.0,523036.0
36000000.0,1583778.0
28800000.0,1043037.5
23040000.0,2144337.5
18432000.0,519313.0
15000000.0,523583.5
15000000.0,1159190.5
15000000.0,1044238.5
15000000.0,1594604.5
15000000.0,527359.5
15000000.0,520667.5
15000000.0,2108674.5
15000000.0,1611355.0
15000000.0,1589734.0
15000000.0,517830.0
15000000.0,518786.0
15000000.0,1580482.0
15000000.0,1045383.5
15000000.0,524949.5
15000000.0,515032.0
15000000.0,524141.5
15000000.0,1615498.0
15000000.0,1051638.5
15000000.0,10093975.0
15000000.0,521047.5
15000000.0,516873.0
15000000.0,1148767.5
15000000.0,521251.5
15000000.0,523371.0
15000000.0,520725.0
15000000.0,532960.0
15000000.0,2163278.5
15000000.0,1043975.5
15000000.0,1624281.5
15000000.0,520193.5
15000000.0,520551.5
15000000.0,1037779.0
15000000.0,1042846.0
15000000.0,525113.5
15000000.0,542744.0
15000000.0,524054.0
15000000.0,2150904.0
15000000.0,1053642.5
15000000.0,2152714.0
15000000.0,521286.5
15000000.0,523044.0
15000000.0,1037224.0
15000000.0,537645.0
15000000.0,11694380.5
15000000.0,517812.5
15000000.0,522786.5
15000000.0,1620074.0
15000000.0,1046666.5
15000000.0,1624599.0
15000000.0,519803.0
15000000.0,520909.0
15000000.0,1171729.0
15000000.0,520361.0
15000000.0,1066845.5
15000000.0,518637.5
15000000.0,519132.5
15000000.0,1596999.0
15000000.0,1600862.5
15000000.0,1638702.0
15000000.0,521384.0
15000000.0,521603.5
15000000.0,4370413.0
15000000.0,1057606.5
15000000.0,522647.5
15000000.0,1050028.0
15000000.0,524016.5
15000000.0,1601957.5
15000000.0,1049701.0
15000000.0,9465913.0
15000000.0,4522135.0
15000000.0,525753.5
15000000.0,1569047.0
15000000.0,1035742.5
15000000.0,513878.0
15000000.0,523749.0
15000000.0,522812.0
15000000.0,2217098.0
15000000.0,1054944.5
15000000.0,1639538.5
15000000.0,522162.5
15000000.0,520949.0
15000000.0,1568098.0
15000000.0,1566445.5
15000000.0,522044.0
15000000.0,523499.0
15000000.0,520551.0
15000000.0,1611347.5
15000000.0,1060359.5
15000000.0,1641319.0
15000000.0,520861.0
15000000.0,522646.0
15000000.0,1577995.0
15000000.0,1048394.0
15000000.0,10812155.0
15000000.0,15000000.0
15000000.0,15000000.0
45000000.0,9052706.5
75000000.0,1062207.5
60000000.0,2225125.0
48000000.0,518710.0
38400000.0,545945.0
30720000.0,1062860.0
24576000.0,1047032.5
19660500.0,1080495.5
15728000.0,518118.0
15000000.0,1035178.0
15000000.0,1603492.5
15000000.0,1625849.0
15000000.0,1612726.5
15000000.0,523252.5
15000000.0,521759.0
15000000.0,1566038.5
15000000.0,1044202.5
15000000.0,518118.5
15000000.0,522657.5
15000000.0,1043482.5
15000000.0,1601992.0
15000000.0,1043352.5
15000000.0,15000000.0
15000000.0,9329987.0
45000000.0,517140.0
36000000.0,1059344.0
28800000.0,1042338.0
23040000.0,520646.0
18432000.0,519730.5
15000000.0,1561098.0
15000000.0,1593917.5
15000000.0,1069808.5
15000000.0,1653501.0
15000000.0,522156.5
15000000.0,519047.5
15000000.0,1051046.5
15000000.0,1041552.5
15000000.0,518989.0
15000000.0,523802.5
15000000.0,1034883.0
15000000.0,1591408.0
15000000.0,1046743.0
15000000.0,1624712.5
15000000.0,526351.5
15000000.0,1078412.0
15000000.0,1050190.5
15000000.0,1039998.5
15000000.0,13379310.0
15000000.0,15000000.0
15000000.0,1030874.5
15000000.0,1614411.0
15000000.0,1046918.5
15000000.0,2197146.5
15000000.0,521667.5
15000000.0,520337.0
15000000.0,1042831.5
15000000.0,1044876.5
15000000.0,1053356.0
15000000.0,1042249.0
15000000.0,1041101.5
15000000.0,1590984.5
15000000.0,1593412.0
15000000.0,2717813.0
15000000.0,515272.0
15000000.0,521055.0
15000000.0,2806985.5
15000000.0,1041069.5
15000000.0,521010.5
15000000.0,525634.0
15000000.0,518580.5
15000000.0,1602224.5
15000000.0,1054215.5
15000000.0,11448148.0
15000000.0,15000000.0
15000000.0,15000000.0
45000000.0,6177763.0
75000000.0,1042169.5
60000000.0,522313.0
48000000.0,524911.0
38400000.0,514053.0
30720000.0,2178392.0
24576000.0,1569001.0
19660500.0,2191473.5
15728000.0,521205.0
15000000.0,519104.5
15000000.0,1573553.5
15000000.0,1079149.5
15000000.0,517215.0
15000000.0,524648.5
15000000.0,1063368.5
15000000.0,1586736.0
15000000.0,1045525.0
15000000.0,1622869.5
15000000.0,526444.5
15000000.0,520858.5
15000000.0,1555631.0
15000000.0,1043272.0
15000000.0,14326688.5
15000000.0,15000000.0
15000000.0,15000000.0
45000000.0,45000000.0
75000000.0,49548997.0
105000000.0,50106565.0
84000000.0,6051452.0
67200000.0,515325.0
53760000.0,1051569.0
43008000.0,1048703.5
34406000.0,1074015.5
27524500.0,519269.0
22019500.0,517159.5
17615500.0,1585478.5
15000000.0,1608043.0
15000000.0,1633683.5
15000000.0,514214.0
15000000.0,518602.5
15000000.0,1558605.0
15000000.0,1578125.0
15000000.0,543843.5
15000000.0,522274.0
15000000.0,526814.0
15000000.0,1595163.5
15000000.0,1052694.0
15000000.0,10787104.0
15000000.0,516352.0
15000000.0,519974.0
15000000.0,1563163.0
15000000.0,1563387.5
15000000.0,520576.5
15000000.0,525109.0
15000000.0,520745.5
15000000.0,2183103.5
15000000.0,1064123.5
15000000.0,2671660.0
15000000.0,523073.5
15000000.0,519090.5
15000000.0,1587797.0
15000000.0,1667950.5
15000000.0,521524.0
15000000.0,524166.5
15000000.0,522163.0
15000000.0,1590728.0
15000000.0,1049029.0
15000000.0,2127523.0
15000000.0,522533.0
15000000.0,521665.5
15000000.0,1566611.0
15000000.0,1040578.0
15000000.0,6611570.0
15000000.0,509681.0
15000000.0,524363.5
15000000.0,1608081.0
15000000.0,1062716.0
15000000.0,2192606.5
15000000.0,518331.5
15000000.0,1047581.5
15000000.0,1572372.0
15000000.0,1039748.5
15000000.0,1048028.0
15000000.0,523605.5
15000000.0,525453.5
15000000.0,1611967.0
15000000.0,1594826.0
15000000.0,2184405.0
15000000.0,521555.0
15000000.0,520832.0
15000000.0,3707779.5
15000000.0,1059076.0
15000000.0,528156.0
15000000.0,523916.5
15000000.0,520721.5
15000000.0,1587970.0
15000000.0,1050921.5
15000000.0,11987402.0
15000000.0,15000000.0
15000000.0,2166671.5
45000000.0,1569856.5
36000000.0,1039810.5
28800000.0,547351.0
23040000.0,519357.0
18432000.0,520731.0
15000000.0,2159595.5
15000000.0,1066000.5
15000000.0,2220343.5
15000000.0,519854.0
15000000.0,523335.0
15000000.0,1566406.0
15000000.0,1039284.5
15000000.0,1065136.0
15000000.0,524071.0
15000000.0,1046001.0
15000000.0,1618045.0
15000000.0,1049908.5
15000000.0,1646844.5
15000000.0,523505.0
15000000.0,519497.5
15000000.0,1582099.5
15000000.0,1041508.0
15000000.0,12740321.0
15000000.0,1230952.5
15000000.0,519515.0
15000000.0,1586464.0
15000000.0,1050256.5
15000000.0,1626370.0
15000000.0,520377.0
15000000.0,520956.0
15000000.0,2118808.0
15000000.0,1052885.0
15000000.0,1593323.5
15000000.0,1051775.5
15000000.0,523118.0
15000000.0,1586491.5
15000000.0,1595522.0
15000000.0,2152154.5
15000000.0,520576.5
15000000.0,519511.0
15000000.0,1578766.5
15000000.0,1043131.0
15000000.0,520423.5
15000000.0,514837.0
15000000.0,1049919.0
15000000.0,1603827.0
15000000.0,1045941.0
15000000.0,12645420.0
15000000.0,9611717.0
15000000.0,515217.5
15000000.0,1726698.0
15000000.0,1035929.5
15000000.0,515249.5
15000000.0,525222.0
15000000.0,1070856.5
15000000.0,2733652.0
15000000.0,1086418.5
15000000.0,2216686.5
15000000.0,526075.0
15000000.0,517408.5
15000000.0,1594733.5
15000000.0,1039204.5
15000000.0,528525.0
15000000.0,520480.5
15000000.0,518894.5
15000000.0,1629652.0
15000000.0,1050718.5
15000000.0,1626382.0
15000000.0,520958.5
15000000.0,518467.0
15000000.0,1569255.0
15000000.0,1040456.5
15000000.0,14832878.0
15000000.0,15000000.0
15000000.0,15000000.0
45000000.0,1584799.0
75000000.0,1051084.0
60000000.0,1631086.0
48000000.0,523411.0
38400000.0,523283.5
30720000.0,1690385.0
24576000.0,1065704.0
19660500.0,1069236.0
15728000.0,521631.0
15000000.0,517963.0
15000000.0,1633602.5
15000000.0,1606911.5
15000000.0,2147176.5
15000000.0,519186.0
15000000.0,512602.0
15000000.0,11983834.5
15000000.0,1067237.0
15000000.0,529670.0
15000000.0,517770.5
15000000.0,515000.5
15000000.0,1580555.5
15000000.0,1068346.0
15000000.0,11471454.5
15000000.0,12743742.0
15000000.0,1045620.0
15000000.0,1552533.5
15000000.0,1041373.0
15000000.0,1044522.0
15000000.0,517353.5
15000000.0,526390.5
15000000.0,2163865.0
15000000.0,1038168.0
15000000.0,2196749.5
15000000.0,520073.5
15000000.0,522175.5
15000000.0,1569601.0
15000000.0,1042542.0
15000000.0,1039813.0
15000000.0,520341.0
15000000.0,534224.5
15000000.0,1603199.0
15000000.0,1049858.0
15000000.0,1659459.5
15000000.0,519969.0
15000000.0,520187.5
15000000.0,1573456.0
15000000.0,1046625.0
15000000.0,15000000.0
15000000.0,15000000.0
45000000.0,45000000.0
75000000.0,23819422.5
105000000.0,1050920.5
84000000.0,30816487.0
67200000.0,1046713.5
53760000.0,541045.0
43008000.0,1587281.5
34406000.0,1054806.5
27524500.0,1081732.0
22019500.0,524464.5
17615500.0,517449.0
15000000.0,1612904.5
15000000.0,1631382.5
15000000.0,1614869.5
15000000.0,526919.0
15000000.0,514909.5
15000000.0,1053456.5
15000000.0,1045113.0
15000000.0,518130.0
15000000.0,521470.5
15000000.0,518450.0
15000000.0,1622231.5
15000000.0,1071377.5
15000000.0,14594331.5
15000000.0,8069978.5
15000000.0,524457.5
15000000.0,1053678.5
15000000.0,1053931.5
15000000.0,516496.0
15000000.0,521869.0
15000000.0,519200.5
15000000.0,2209329.5
15000000.0,1567331.0
