0	30000
548	30000
15399	42000
53978	59354
92647	105530
95998	125424
56677	47932
41585	98345
39966	70620
1900	30000
1123	30000
2229	30000
1062	30000
341	30000
34631	90000
99581	109000
77687	85120
0	85120
0	85120
0	85120
0	85120
0	85120
0	85120
0	85120
0	85120
0	85120
0	85120
0	85120
0	85120
0	85120
0	85120
0	85120
0	85120
0	85120
0	85120
0	85120
0	85120
0	85120
0	85120
0	85120
0	85120
0	85120
0	85120
0	85120
0	85120
0	85120
0	85120
0	85120
0	85120
0	85120
0	85120
0	85120
0	85120
0	85120
0	85120
0	85120
0	85120
0	85120
0	85120
0	85120
0	85120
0	85120
82472	92876
3023	38041
9	30000
184	30000
1934	30000
203	30000
2605	30000
484	30000
45449	102000
100187	109000
99802	104000
103340	116352
53442	57011
270	36486
28404	66000
73710	72960
2703	30000
1933	30000
1103	30000
888	30000
765	30000
35375	90000
99159	109000
102967	113800
19365	87040
0	87040
0	87040
0	87040
0	87040
0	87040
0	87040
0	87040
0	87040
0	87040
0	87040
0	87040
0	87040
0	87040
0	87040
0	87040
0	87040
0	87040
0	87040
0	87040
0	87040
0	87040
0	87040
0	87040
0	87040
0	87040
0	87040
0	87040
0	87040
0	87040
0	87040
0	87040
0	87040
0	87040
0	87040
1318	69632
9187	56564
71342	93251
1274	38195
205	30000
1619	30000
406	30000
1136	30000
797	30000
865	30000
444	30000
777	30000
311	30000
328	30000
45992	102000
100207	109000
99708	104000
99889	104000
104591	112000
72414	68480
0	68480
0	68480
0	68480
0	68480
0	68480
0	68480
0	68480
0	68480
0	68480
0	68480
0	68480
0	68480
0	68480
0	68480
0	68480
0	68480
0	68480
0	68480
0	68480
0	68480
0	68480
0	68480
0	68480
0	68480
0	68480
0	68480
0	68480
0	68480
0	68480
0	68480
0	68480
0	68480
0	68480
0	68480
0	68480
0	68480
0	68480
0	68480
0	68480
0	68480
3579	35061
25422	61648
48308	56139
1604	30000
303	30000
448	30000
983	30000
464	30000
348	30000
35	30000
1592	30000
700	30000
598	30000
608	30000
64800	114000
99807	104000
92818	112000
47722	58163
46902	106530
23770	48549
438	30000
1093	30000
1165	30000
1464	30000
1120	30000
7446	30000
42286	56553
63417	74468
79056	74468
58377	59574
2128	38127
0	38127
0	38127
0	38127
0	38127
0	38127
0	38127
0	38127
0	38127
0	38127
0	38127
0	38127
0	38127
0	38127
0	38127
0	38127
0	38127
0	38127
0	38127
0	38127
0	38127
0	38127
0	38127
0	38127
0	38127
0	38127
0	38127
0	38127
0	38127
0	38127
1373	30501
37327	90501
45417	73280
199	46899
1086	30000
1650	30000
182	30000
3	30000
1777	30000
467	30000
466	30000
742	30000
1671	30000
73028	114000
100192	104000
99830	104000
106105	104000
99369	108447
43793	92942
0	92942
0	92942
0	92942
0	92942
0	92942
0	92942
0	92942
0	92942
0	92942
0	92942
0	92942
0	92942
0	92942
0	92942
0	92942
0	92942
0	92942
0	92942
0	92942
0	92942
0	92942
0	92942
0	92942
0	92942
0	92942
0	92942
0	92942
0	92942
0	92942
0	92942
0	92942
0	92942
0	92942
0	92942
0	92942
0	92942
0	92942
0	92942
0	92942
0	92942
