0	102000
97979	102000
94570	89910
103362	135162
99768	103129
51660	60384
69443	82224
2937	33678
1125	30000
710	30000
578	30000
188	30000
1072	30000
1398	30000
3705	30000
76105	114000
99718	104000
100532	104000
99114	104000
41792	83200
0	83200
0	83200
0	83200
0	83200
0	83200
0	83200
0	83200
0	83200
0	83200
0	83200
0	83200
0	83200
0	83200
0	83200
0	83200
0	83200
0	83200
0	83200
0	83200
0	83200
0	83200
0	83200
0	83200
0	83200
0	83200
0	83200
0	83200
0	83200
0	83200
0	83200
0	83200
0	83200
0	83200
0	83200
0	83200
0	83200
0	83200
0	83200
0	83200
0	83200
0	83200
32928	78560
38940	42008
290	30000
1625	30000
1339	30000
1138	30000
2220	30000
644	30000
9	30000
29680	78000
97281	109000
99672	104000
105776	111000
102864	112600
49250	44072
84494	83257
2800	30000
882	30000
1360	30000
2025	30000
1472	30000
3063	30000
76182	114000
101861	93014
55793	61379
0	61379
0	61379
0	61379
0	61379
0	61379
0	61379
0	61379
0	61379
0	61379
0	61379
0	61379
0	61379
0	61379
0	61379
0	61379
0	61379
0	61379
0	61379
0	61379
0	61379
0	61379
0	61379
0	61379
0	61379
0	61379
0	61379
0	61379
0	61379
0	61379
0	61379
0	61379
0	61379
0	61379
0	61379
0	61379
27490	73103
46912	55860
1416	30000
1773	30000
262	30000
1946	30000
3996	30000
1140	30000
313	30000
16684	54000
92427	109000
100173	104000
105744	140000
92260	113600
19645	49397
64362	70013
2368	30000
725	30000
1769	30000
13483	42000
89020	109000
99813	104000
106224	112000
100236	107000
14992	81600
0	81600
0	81600
0	81600
0	81600
0	81600
0	81600
0	81600
0	81600
0	81600
0	81600
0	81600
0	81600
0	81600
0	81600
0	81600
0	81600
0	81600
0	81600
0	81600
0	81600
0	81600
0	81600
0	81600
0	81600
0	81600
0	81600
0	81600
0	81600
0	81600
0	81600
0	81600
0	81600
0	81600
0	81600
0	81600
5914	52224
79233	89779
2333	36772
1165	30000
506	30000
146	30000
202	30000
1646	30000
1585	30000
1324	30000
50	30000
69109	114000
98437	111200
100107	106200
104501	109760
34877	53636
46119	91926
26716	47482
1933	30000
384	30000
5993	30000
77753	114000
99882	104000
99699	99094
105119	109574
3199	87659
0	87659
0	87659
0	87659
0	87659
0	87659
0	87659
0	87659
0	87659
0	87659
0	87659
0	87659
0	87659
0	87659
0	87659
0	87659
0	87659
0	87659
0	87659
0	87659
0	87659
0	87659
0	87659
0	87659
0	87659
0	87659
0	87659
0	87659
0	87659
0	87659
0	87659
0	87659
0	87659
0	87659
0	87659
31992	68880
42948	74803
535	30000
1193	30000
605	30000
185	30000
1006	30000
892	30000
24551	66000
96491	114000
123624	116000
14067	74240
43009	83513
49627	35228
1723	30000
216	30000
2596	30000
20132	30000
61027	68448
69772	74468
72634	74468
33423	74468
0	74468
0	74468
0	74468
0	74468
0	74468
0	74468
0	74468
0	74468
0	74468
0	74468
0	74468
0	74468
0	74468
0	74468
0	74468
0	74468
0	74468
0	74468
0	74468
0	74468
0	74468
0	74468
0	74468
0	74468
0	74468
0	74468
0	74468
0	74468
0	74468
0	74468
0	74468
0	74468
0	74468
0	74468
0	74468
0	74468
0	74468
