0	91200
92738	89516
88867	110076
56012	91321
31560	30000
27881	78000
98117	107156
99752	102156
103914	100924
32779	51672
40366	93069
27982	47951
2343	30000
775	30000
398	30000
18636	54000
91526	102000
103242	113856
70889	87481
51714	64497
69031	74468
87712	88539
86354	86382
81754	79328
38273	79327
41452	30000
43857	56807
64185	74468
77417	74468
72761	74468
59046	74468
854	59574
0	59574
0	59574
0	59574
0	59574
0	59574
0	59574
0	59574
0	59574
0	59574
0	59574
0	59574
0	59574
0	59574
0	59574
0	59574
0	59574
0	59574
0	59574
0	59574
0	59574
0	59574
0	59574
0	59574
0	59574
0	59574
0	59574
0	59574
0	59574
34556	90539
40322	30000
680	30000
1446	30000
1417	30000
3369	30000
1074	30000
28578	78000
97677	114000
98055	111200
108919	117760
34443	57732
8269	48948
68247	90192
2597	30000
1070	30000
3463	30000
1195	30000
48368	102000
103861	109000
90682	88800
0	71040
0	71040
0	71040
0	71040
0	71040
0	71040
0	71040
0	71040
0	71040
0	71040
0	71040
0	71040
0	71040
0	71040
0	71040
0	71040
0	71040
0	71040
0	71040
0	71040
0	71040
0	71040
0	71040
0	71040
0	71040
0	71040
0	71040
0	71040
0	71040
0	71040
0	71040
0	71040
0	71040
0	71040
0	71040
0	71040
0	71040
0	71040
0	71040
41208	78598
29813	64817
2117	30000
222	30000
1504	30000
1873	30000
2340	30000
17409	54000
90833	87200
102824	117760
7210	75366
621	75366
52180	98586
31351	45295
2773	30000
316	30000
2082	30000
2313	30000
72368	102000
87416	112600
108391	119600
83137	109523
9569	109523
0	109523
0	109523
0	109523
0	109523
0	109523
0	109523
0	109523
0	109523
0	109523
0	109523
0	109523
0	109523
0	109523
0	109523
0	109523
0	109523
0	109523
0	109523
0	109523
0	109523
0	109523
0	109523
0	109523
0	109523
0	109523
0	109523
0	109523
0	109523
0	109523
0	109523
0	109523
0	109523
0	109523
0	109523
0	109523
0	109523
0	109523
56378	115869
21523	59324
1978	30000
1077	30000
514	30000
1706	30000
605	30000
2300	30000
3354	30000
74318	114000
66761	108960
96485	111168
106420	113734
99806	103734
81479	85589
44994	90776
45963	37608
824	30000
1422	30000
1926	30000
1864	30000
10789	42000
89823	109000
101901	119000
30184	91200
0	91200
0	91200
0	91200
0	91200
0	91200
0	91200
0	91200
0	91200
0	91200
0	91200
0	91200
0	91200
0	91200
0	91200
0	91200
0	91200
0	91200
0	91200
0	91200
0	91200
0	91200
0	91200
0	91200
0	91200
0	91200
0	91200
0	91200
0	91200
0	91200
0	91200
0	91200
0	91200
0	91200
0	91200
0	91200
45806	96960
43413	55787
1847	30000
586	30000
1141	30000
203	30000
1572	30000
560	30000
1541	30000
41375	90000
98190	110200
99770	105200
107003	98048
44527	77756
58920	109763
17896	30000
1323	30000
221	30000
12607	30000
62020	74468
74712	74468
75078	74468
76153	74468
75569	74468
53429	78974
0	78974
0	78974
0	78974
0	78974
0	78974
0	78974
0	78974
0	78974
0	78974
0	78974
0	78974
0	78974
0	78974
0	78974
0	78974
0	78974
0	78974
0	78974
0	78974
0	78974
0	78974
0	78974
0	78974
0	78974
0	78974
0	78974
0	78974
0	78974
0	78974
0	78974
0	78974
0	78974
0	78974
0	78974
0	78974
