0	100000
68591	100000
66103	100000
96175	100000
9312	100000
365	100000
77110	100000
5157	100000
2190	100000
372	100000
4284	100000
411	100000
43276	100000
99242	100000
26322	100000
345	100000
1822	100000
51483	100000
29431	100000
417	100000
237	100000
418	100000
428	100000
120	100000
40	100000
43	100000
38	100000
39	100000
29	100000
63	100000
3842	100000
46	100000
45	100000
62	100000
42	100000
95	100000
47	100000
243	100000
53	100000
4899	100000
418	100000
331	100000
476	100000
364	100000
185	100000
45	100000
4626	100000
99960	100000
47803	100000
71871	100000
12066	100000
83	100000
43	100000
37	100000
29	100000
49	100000
46	100000
42	100000
41	100000
49	100000
3785	100000
26	100000
47	100000
43	100000
42	100000
76	100000
2794	100000
38	100000
43	100000
45	100000
33	100000
109	100000
69	100000
32	100000
3370	100000
413	100000
2933	100000
48631	100000
104062	100000
7033	100000
1305	100000
81042	100000
36	100000
43	100000
28	100000
42	100000
94	100000
2346	100000
52	100000
41	100000
50	100000
48	100000
88	100000
43	100000
43	100000
41	100000
41	100000
42	100000
36	100000
9	100000
0	100000
3313	100000
65	100000
49	100000
36	100000
523	100000
79	100000
53	100000
34	100000
60	100000
53	100000
109	100000
59	100000
50	100000
33	100000
3679	100000
21	100000
54	100000
15390	100000
101411	100000
52216	100000
378	100000
207	100000
38158	100000
49096	100000
283	100000
388	100000
187	100000
394	100000
211	100000
42	100000
66	100000
2753	100000
31	100000
33	100000
83	100000
1620	100000
3326	100000
41	100000
60	100000
26	100000
63	100000
69	100000
582	100000
88731	100000
52097	100000
4262	100000
48	100000
25	100000
101	100000
42	100000
42	100000
40	100000
683	100000
2179	100000
74726	100000
14302	100000
20	100000
41	100000
45	100000
83	100000
21	100000
42	100000
2533	100000
26	100000
51	100000
58	100000
49	100000
62	100000
56	100000
30	100000
49	100000
52	100000
78	100000
52	100000
72	100000
35	100000
40	100000
824	100000
63	100000
6	100000
9	100000
9	100000
12	100000
9	100000
6	100000
5	100000
6	100000
7	100000
17	100000
9	100000
7	100000
9	100000
6	100000
2045	100000
596	100000
1698	100000
26631	100000
108297	100000
32777	100000
48	100000
42	100000
28	100000
81	100000
362	100000
670	100000
49218	100000
37343	100000
0	100000
674	100000
0	100000
36	100000
0	100000
0	100000
1493	100000
21	100000
38	100000
22	100000
43	100000
625	100000
59734	100000
108748	100000
22527	100000
53854	100000
64	100000
192	100000
42	100000
42	100000
2934	100000
90	100000
2829	100000
32	100000
46	100000
42	100000
519	100000
28869	100000
108066	100000
31358	100000
29905	100000
42791	100000
78	100000
45	100000
24	100000
0	100000
429	100000
998	100000
41	100000
38	100000
34	100000
91	100000
35	100000
52	100000
359	100000
38	100000
33	100000
44	100000
47	100000
44	100000
12	100000
980	100000
16605	100000
100260	100000
52746	100000
190	100000
581	100000
2409	100000
305	100000
210	100000
39101	100000
34561	100000
43	100000
41	100000
22	100000
28	100000
0	100000
0	100000
0	100000
0	100000
0	100000
9	100000
2891	100000
35	100000
43	100000
28	100000
43	100000
77	100000
27	100000
42	100000
473	100000
1820	100000
42	100000
41	100000
26	100000
85	100000
0	100000
0	100000
0	100000
707	100000
2333	100000
65493	100000
101000	100000
5465	100000
75148	100000
7990	100000
244	100000
43	100000
43	100000
43	100000
55	100000
56	100000
23	100000
38	100000
2787	100000
24	100000
42	100000
1593	100000
47	100000
40	100000
41	100000
55	100000
819	100000
46	100000
63	100000
53	100000
47	100000
30	100000
8	100000
55	100000
178	100000
15	100000
327	100000
55	100000
50	100000
46	100000
32	100000
42	100000
26	100000
50	100000
34	100000
61	100000
51	100000
50	100000
52	100000
35	100000
210	100000
6	100000
7	100000
5	100000
8	100000
17	100000
5	100000
13	100000
7	100000
5	100000
2106	100000
39	100000
42	100000
42	100000
50	100000
85847	100000
56102	100000
55947	100000
23738	100000
32	100000
63	100000
30	100000
1132	100000
1047	100000
0	100000
11	100000
451	100000
17	100000
7	100000
8	100000
9	100000
225	100000
98	100000
1851	100000
55	100000
51	100000
32	100000
63	100000
39917	100000
109368	100000
13970	100000
77666	100000
32	100000
70	100000
53	100000
0	100000
0	100000
0	100000
3007	100000
50	100000
25	100000
512	100000
28	100000
57	100000
62	100000
46	100000
50	100000
32	100000
98	100000
50	100000
50	100000
46	100000
10	100000
8	100000
19	100000
7	100000
12	100000
8	100000
8	100000
7	100000
8	100000
8	100000
8	100000
8	100000
19	100000
5	100000
8	100000
5	100000
13	100000
5	100000
8	100000
8	100000
8	100000
7	100000
19	100000
7	100000
13	100000
6	100000
5	100000
8	100000
8	100000
4	100000
8	100000
9	100000
14	100000
8	100000
8	100000
4	100000
5	100000
6	100000
9	100000
53	100000
11	100000
4	100000
18	100000
9	100000
8	100000
8	100000
8	100000
9	100000
7	100000
8	100000
5	100000
7	100000
21	100000
6	100000
9	100000
8	100000
9	100000
8	100000
5	100000
8	100000
8	100000
6	100000
18	100000
6	100000
1670	100000
378	100000
45	100000
36	100000
51	100000
40	100000
39	100000
48	100000
47	100000
56	100000
63	100000
36	100000
61	100000
53	100000
8	100000
7	100000
4	100000
8	100000
17	100000
6	100000
10	100000
4	100000
7	100000
8	100000
7	100000
4	100000
7	100000
7	100000
20	100000
5	100000
7	100000
2124	100000
29	100000
30	100000
27	100000
45	100000
102	100000
40	100000
69199	100000
82356	100000
1195	100000
42	100000
52	100000
69	100000
111	100000
36841	100000
33895	100000
43	100000
60	100000
29	100000
60	100000
126	100000
418	100000
42	100000
42	100000
42	100000
47	100000
28	100000
2368	100000
55	100000
27	100000
31	100000
42	100000
82	100000
39	100000
42	100000
902	100000
824	100000
74999	100000
97183	100000
774	100000
73	100000
37655	100000
40663	100000
944	100000
44	100000
48	100000
58	100000
58	100000
2863	100000
38	100000
48	100000
68538	100000
82903	100000
1223	100000
30	100000
0	100000
25	100000
10	100000
0	100000
37714	100000
42653	100000
42	100000
50	100000
38	100000
626	100000
30	100000
48	100000
41	100000
31	100000
32	100000
53	100000
41	100000
30	100000
0	100000
0	100000
0	100000
0	100000
10	100000
0	100000
0	100000
0	100000
979	100000
44	100000
47	100000
50	100000
42	100000
78	100000
45	100000
42	100000
302	100000
31	100000
54	100000
53	100000
49	100000
62	100000
5	100000
4	100000
13	100000
9	100000
70	100000
7	100000
1032	100000
21	100000
41	100000
42	100000
39	100000
94	100000
66241	100000
86070	100000
2188	100000
77435	100000
51	100000
384	100000
2145	100000
52	100000
8	100000
7	100000
39	100000
5	100000
8	100000
11	100000
6	100000
42	100000
5	100000
12	100000
8	100000
8	100000
14	100000
28439	100000
109588	100000
7331	100000
78884	100000
51	100000
78	100000
47	100000
40	100000
589	100000
44	100000
48	100000
39	100000
42	100000
77	100000
0	100000
0	100000
0	100000
0	100000
0	100000
7	100000
0	100000
1150	100000
23	100000
42	100000
42	100000
54	100000
592	100000
37	100000
49	100000
50	100000
50	100000
85	100000
53	100000
47	100000
45	100000
8	100000
6	100000
7	100000
5	100000
15	100000
9	100000
8	100000
8	100000
8	100000
6	100000
5	100000
9	100000
8	100000
6	100000
20	100000
5	100000
9	100000
8	100000
10	100000
5	100000
8	100000
9	100000
5	100000
1745	100000
59	100000
38	100000
31	100000
41	100000
456	100000
34	100000
39	100000
16585	100000
107514	100000
71052	100000
38914	100000
1441	100000
52	100000
55	100000
7	100000
6	100000
7	100000
59	100000
6	100000
7	100000
20	100000
5	100000
8	100000
4	100000
4	100000
7	100000
10	100000
6	100000
7	100000
7	100000
15	100000
