0	100000
29930	100000
98040	100000
41981	100000
67093	100000
196	100000
275	100000
1205	100000
201	100000
127	100000
18	100000
20	100000
45	100000
21	100000
20	100000
20	100000
20	100000
2741	100000
20	100000
25	100000
29	100000
20	100000
344	100000
28	100000
27	100000
28	100000
26	100000
54	100000
28	100000
31	100000
24	100000
24	100000
26	100000
25	100000
28	100000
28	100000
27	100000
24	100000
26	100000
32	100000
28	100000
28	100000
28	100000
29	100000
30	100000
36	100000
30	100000
288	100000
27	100000
33	100000
27	100000
24	100000
27	100000
32	100000
30	100000
53	100000
38	100000
32	100000
31	100000
42	100000
6	100000
7	100000
6	100000
8	100000
36	100000
6	100000
9	100000
7	100000
4	100000
11	100000
14	100000
6	100000
6	100000
6	100000
174	100000
16	100000
6	100000
413	100000
237	100000
42	100000
34	100000
74	100000
37	100000
33	100000
34	100000
31	100000
27	100000
29	100000
36	100000
40	100000
30	100000
6	100000
8	100000
8	100000
7	100000
6	100000
6	100000
6	100000
6	100000
10	100000
4	100000
5	100000
5	100000
5	100000
5	100000
5	100000
5	100000
5	100000
6	100000
13	100000
7	100000
5	100000
5	100000
5	100000
5	100000
5	100000
7	100000
5	100000
6	100000
10	100000
5	100000
8	100000
6	100000
114	100000
13	100000
202	100000
32	100000
25	100000
26	100000
36	100000
27	100000
37	100000
34	100000
26	100000
30	100000
36	100000
25	100000
31	100000
33	100000
206	100000
12	100000
5	100000
5	100000
6	100000
5	100000
6	100000
5	100000
5	100000
5	100000
9	100000
4	100000
5	100000
5	100000
5	100000
4	100000
4	100000
5	100000
5	100000
5	100000
12	100000
4	100000
6	100000
7	100000
97	100000
257	100000
47	100000
25	100000
25	100000
34	100000
32	100000
29	100000
25	100000
28	100000
32	100000
34	100000
33	100000
26	100000
6	100000
4	100000
8	100000
5	100000
5	100000
5	100000
6	100000
4	100000
5	100000
5	100000
4	100000
6	100000
16	100000
7	100000
4	100000
5	100000
5	100000
7	100000
95331	100000
50875	100000
2184	100000
405	100000
1338	100000
582	100000
78446	100000
10	100000
23	100000
21	100000
44	100000
40	100000
21	100000
32	100000
26	100000
21	100000
21	100000
20	100000
22	100000
30	100000
21	100000
637	100000
21	100000
25	100000
2131	100000
205	100000
42	100000
44	100000
27	100000
27	100000
27	100000
54	100000
27	100000
31	100000
27	100000
23	100000
22	100000
23	100000
35	100000
32	100000
42	100000
26	100000
36	100000
35	100000
24	100000
33	100000
30	100000
24	100000
26	100000
28	100000
36	100000
27	100000
26	100000
33	100000
33	100000
27	100000
28	100000
6	100000
4	100000
7	100000
5	100000
4	100000
6	100000
14	100000
7	100000
6	100000
24	100000
974	100000
339	100000
35	100000
26	100000
26	100000
30	100000
31	100000
27	100000
39	100000
35	100000
32	100000
33	100000
31	100000
26	100000
4	100000
4	100000
9	100000
5	100000
358	100000
26	100000
26	100000
28	100000
38	100000
26	100000
33	100000
34	100000
29	100000
24	100000
25	100000
38	100000
26	100000
23	100000
5	100000
6	100000
5	100000
5	100000
204	100000
11	100000
6	100000
4	100000
4	100000
244	100000
33	100000
31	100000
26	100000
21	100000
27	100000
33	100000
35	100000
33	100000
44	100000
29	100000
31	100000
26	100000
32	100000
4	100000
9	100000
4	100000
4	100000
4	100000
6	100000
4	100000
4	100000
4	100000
4	100000
3	100000
10	100000
4	100000
4	100000
4	100000
4	100000
4	100000
6	100000
4	100000
5	100000
4	100000
9	100000
4	100000
4	100000
3	100000
6	100000
127	100000
6	100000
4	100000
4	100000
393	100000
31	100000
39	100000
27	100000
23	100000
31	100000
30	100000
35	100000
33	100000
34	100000
26	100000
38	100000
33	100000
34	100000
4	100000
4	100000
209	100000
5	100000
4	100000
4	100000
4	100000
9	100000
4	100000
6	100000
4	100000
4	100000
4	100000
4	100000
4	100000
4	100000
4	100000
11	100000
4	100000
4	100000
6	100000
4	100000
4	100000
4	100000
5	100000
4	100000
10	100000
11	100000
5	100000
4	100000
4	100000
5	100000
4	100000
4	100000
5	100000
4	100000
6	100000
12	100000
4	100000
-1	-1
0	100000
0	100000
0	100000
0	100000
0	100000
0	100000
0	100000
0	100000
0	100000
0	100000
0	100000
11555	100000
224707	100000
0	100000
0	100000
0	100000
0	100000
0	100000
0	100000
226698	100000
0	100000
0	100000
0	100000
0	100000
0	100000
0	100000
0	100000
0	100000
0	100000
0	100000
0	100000
0	100000
0	100000
0	100000
0	100000
0	100000
0	100000
0	100000
0	100000
0	100000
0	100000
0	100000
0	100000
0	100000
0	100000
0	100000
0	100000
0	100000
0	100000
0	100000
95948	100000
0	100000
0	100000
0	100000
131103	100000
0	100000
0	100000
0	100000
0	100000
0	100000
0	100000
0	100000
0	100000
0	100000
0	100000
0	100000
0	100000
0	100000
0	100000
0	100000
0	100000
0	100000
0	100000
0	100000
0	100000
0	100000
0	100000
0	100000
0	100000
0	100000
0	100000
0	100000
0	100000
0	100000
0	100000
0	100000
0	100000
0	100000
0	100000
0	100000
0	100000
0	100000
0	100000
0	100000
0	100000
0	100000
0	100000
0	100000
0	100000
0	100000
0	100000
0	100000
0	100000
0	100000
0	100000
0	100000
0	100000
0	100000
0	100000
0	100000
0	100000
0	100000
0	100000
0	100000
0	100000
0	100000
0	100000
0	100000
0	100000
0	100000
0	100000
0	100000
0	100000
0	100000
0	100000
0	100000
0	100000
0	100000
0	100000
0	100000
0	100000
0	100000
0	100000
0	100000
0	100000
0	100000
0	100000
0	100000
0	100000
0	100000
0	100000
0	100000
0	100000
0	100000
0	100000
0	100000
0	100000
0	100000
0	100000
0	100000
0	100000
0	100000
0	100000
0	100000
0	100000
0	100000
0	100000
0	100000
0	100000
0	100000
0	100000
0	100000
0	100000
0	100000
0	100000
0	100000
0	100000
0	100000
0	100000
0	100000
0	100000
0	100000
0	100000
0	100000
0	100000
0	100000
0	100000
0	100000
0	100000
0	100000
0	100000
0	100000
0	100000
0	100000
87	100000
0	100000
0	100000
0	100000
0	100000
0	100000
0	100000
0	100000
0	100000
0	100000
0	100000
0	100000
0	100000
0	100000
0	100000
0	100000
0	100000
0	100000
0	100000
0	100000
0	100000
0	100000
0	100000
0	100000
0	100000
0	100000
0	100000
0	100000
0	100000
0	100000
0	100000
0	100000
