0	100000
20321	100000
355	100000
371	100000
384	100000
396	100000
749	100000
69652	100000
97250	100000
4477	100000
247	100000
426	100000
532	100000
306	100000
147	100000
51532	100000
28202	100000
390	100000
394	100000
385	100000
422	100000
42	100000
29	100000
45	100000
1739	100000
43	100000
60	100000
26	100000
27	100000
3088	100000
42	100000
29	100000
50	100000
41	100000
75	100000
44	100000
29	100000
36	100000
37	100000
50	100000
31	100000
50	100000
24	100000
1226	100000
43	100000
53	100000
64	100000
50	100000
85	100000
46	100000
46	100000
54	100000
37	100000
55	100000
51	100000
45	100000
45	100000
54	100000
43	100000
61	100000
42	100000
35	100000
63	100000
50	100000
54	100000
41	100000
50	100000
53	100000
309	100000
62	100000
54	100000
34	100000
7	100000
7	100000
16	100000
11	100000
49	100000
11	100000
12	100000
16	100000
11	100000
11	100000
13	100000
11	100000
11	100000
11	100000
8	100000
9	100000
9	100000
17	100000
11	100000
11	100000
10	100000
13	100000
6	100000
12	100000
315	100000
8	100000
14	100000
1326	100000
66	100000
53	100000
50	100000
51	100000
51	100000
52	100000
53	100000
31	100000
49	100000
41	100000
51	100000
32	100000
47	100000
7	100000
11	100000
10	100000
11	100000
8	100000
15	100000
16	100000
11	100000
6	100000
9	100000
10	100000
11	100000
7	100000
9	100000
10	100000
11	100000
19	100000
8	100000
10	100000
9	100000
13	100000
11	100000
11	100000
10	100000
10	100000
15	100000
25	100000
10	100000
11	100000
12	100000
11	100000
6	100000
176	100000
8	100000
295	100000
58	100000
53	100000
35	100000
52	100000
40	100000
40	100000
57	100000
40	100000
52	100000
58	100000
55	100000
40	100000
58	100000
259	100000
9	100000
10	100000
9	100000
9	100000
10	100000
6	100000
9	100000
15	100000
8	100000
10	100000
10	100000
10	100000
6	100000
10	100000
10	100000
10	100000
9	100000
18	100000
9	100000
14	100000
9	100000
11	100000
10	100000
214	100000
230	100000
52	100000
31	100000
59	100000
62	100000
42	100000
53	100000
53	100000
52	100000
46	100000
51	100000
47	100000
64	100000
16	100000
6	100000
10	100000
11	100000
9	100000
10	100000
7	100000
14	100000
6	100000
9	100000
20	100000
10	100000
10	100000
9	100000
8	100000
7	100000
10	100000
10	100000
9	100000
8	100000
19	100000
6	100000
9	100000
6	100000
-1	-1
0	100000
0	100000
0	100000
0	100000
0	100000
0	100000
0	100000
0	100000
0	100000
0	100000
0	100000
0	100000
0	100000
0	100000
0	100000
0	100000
108482	100000
0	100000
0	100000
0	100000
0	100000
0	100000
0	100000
0	100000
0	100000
0	100000
0	100000
0	100000
0	100000
0	100000
0	100000
0	100000
0	100000
0	100000
0	100000
0	100000
0	100000
0	100000
0	100000
0	100000
0	100000
0	100000
0	100000
0	100000
0	100000
0	100000
0	100000
0	100000
0	100000
0	100000
0	100000
0	100000
0	100000
0	100000
96899	100000
0	100000
0	100000
0	100000
0	100000
0	100000
0	100000
0	100000
0	100000
0	100000
0	100000
0	100000
0	100000
0	100000
0	100000
0	100000
0	100000
0	100000
0	100000
0	100000
0	100000
0	100000
0	100000
0	100000
0	100000
0	100000
0	100000
0	100000
0	100000
688	100000
0	100000
0	100000
0	100000
0	100000
0	100000
0	100000
0	100000
0	100000
0	100000
0	100000
0	100000
0	100000
0	100000
0	100000
0	100000
0	100000
0	100000
0	100000
0	100000
0	100000
0	100000
0	100000
0	100000
0	100000
0	100000
0	100000
0	100000
0	100000
0	100000
0	100000
0	100000
0	100000
0	100000
0	100000
0	100000
0	100000
0	100000
0	100000
0	100000
0	100000
0	100000
0	100000
0	100000
0	100000
0	100000
0	100000
0	100000
0	100000
0	100000
0	100000
0	100000
0	100000
0	100000
0	100000
0	100000
0	100000
0	100000
0	100000
0	100000
0	100000
0	100000
0	100000
0	100000
0	100000
0	100000
0	100000
0	100000
0	100000
0	100000
0	100000
482	100000
428	100000
575	100000
452	100000
403	100000
383	100000
342	100000
379	100000
458	100000
455	100000
469	100000
482	100000
363	100000
432	100000
474	100000
345	100000
447	100000
422	100000
0	100000
0	100000
0	100000
0	100000
0	100000
0	100000
0	100000
0	100000
0	100000
0	100000
0	100000
0	100000
0	100000
0	100000
0	100000
0	100000
0	100000
0	100000
0	100000
0	100000
0	100000
0	100000
0	100000
0	100000
0	100000
0	100000
0	100000
0	100000
0	100000
0	100000
0	100000
0	100000
0	100000
0	100000
0	100000
0	100000
0	100000
0	100000
0	100000
0	100000
0	100000
0	100000
0	100000
0	100000
0	100000
0	100000
0	100000
0	100000
0	100000
