0	30000
27041	30000
28238	30000
21263	30000
28726	30000
28638	30000
29119	30000
29221	30000
27720	30000
26141	30000
17822	30000
17808	30000
29141	30000
29360	30000
22604	30000
421	30000
384	30000
354	30000
2311	30000
417	30000
363	30000
358	30000
380	30000
618	30000
53	30000
48	30000
49	30000
3900	30000
59	30000
84	30000
73	30000
55	30000
64	30000
58	30000
60	30000
61	30000
61	30000
432	30000
48	30000
63	30000
56	30000
56	30000
61	30000
16803	30000
30084	30000
29677	30000
30054	30000
31004	30000
26331	30000
7147	30000
2575	30000
53	30000
33	30000
83	30000
65	30000
42	30000
34	30000
28	30000
36	30000
15126	30000
30938	30000
29362	30000
19704	30000
34	30000
63	30000
4194	30000
79	30000
63	30000
45	30000
51	30000
52	30000
38	30000
431	30000
59	30000
12	30000
73	30000
15	30000
13	30000
13	30000
22	30000
11	30000
8	30000
7	30000
13	30000
12	30000
12	30000
12	30000
11	30000
12	30000
16	30000
13	30000
12	30000
12	30000
12	30000
17	30000
14	30000
357	30000
29	30000
8	30000
17	30000
10	30000
10	30000
12	30000
1201	30000
63	30000
48	30000
59	30000
4954	30000
865	30000
26176	30000
29998	30000
29963	30000
29889	30000
28276	30000
28134	30000
20196	30000
31300	30000
29346	30000
29474	30000
28399	30000
4402	30000
597	30000
89	30000
51	30000
5296	30000
63	30000
65	30000
61	30000
61	30000
73	30000
51	30000
53	30000
61	30000
52	30000
106	30000
69	30000
69	30000
91	30000
91	30000
65	30000
48	30000
46	30000
47	30000
52	30000
48	30000
55	30000
56	30000
47	30000
48	30000
62	30000
72	30000
56	30000
40	30000
51	30000
58	30000
52	30000
42	30000
29	30000
29	30000
41	30000
66	30000
40	30000
50	30000
49	30000
256	30000
47	30000
276	30000
65	30000
57	30000
56	30000
32	30000
8	30000
10	30000
9	30000
8	30000
10	30000
8	30000
7	30000
12	30000
59	30000
287	30000
11	30000
8	30000
10	30000
10	30000
12	30000
17	30000
10	30000
13	30000
21	30000
9	30000
10	30000
9	30000
14	30000
8	30000
11	30000
14	30000
14	30000
9	30000
22	30000
9	30000
11	30000
11	30000
294	30000
39	30000
467	30000
58	30000
62	30000
63	30000
79	30000
61	30000
56	30000
54	30000
56	30000
53	30000
57	30000
52	30000
10	30000
10	30000
543	30000
69	30000
57	30000
39	30000
51	30000
55	30000
58	30000
57	30000
64	30000
57	30000
44	30000
40	30000
31	30000
28	30000
6	30000
6	30000
7	30000
5	30000
6	30000
5	30000
28	30000
11	30000
5	30000
4	30000
371	30000
14	30000
9	30000
6	30000
10	30000
258	30000
45	30000
45	30000
42	30000
53	30000
49	30000
46	30000
47	30000
47	30000
51	30000
58	30000
54	30000
33	30000
57	30000
11	30000
12	30000
8	30000
10	30000
11	30000
13	30000
22	30000
10	30000
9	30000
11	30000
13	30000
10	30000
12	30000
10	30000
10	30000
11	30000
17	30000
11	30000
1701	30000
515	30000
50	30000
54	30000
50	30000
51	30000
53	30000
45	30000
55	30000
54	30000
60	30000
68	30000
35	30000
55	30000
8	30000
9	30000
8	30000
9	30000
15	30000
7	30000
8	30000
6	30000
11	30000
9	30000
-1	-1
0	30000
0	30000
15539	30000
0	30000
0	30000
0	30000
0	30000
0	30000
0	30000
0	30000
0	30000
0	30000
0	30000
0	30000
0	30000
0	30000
0	30000
1805	30000
0	30000
0	30000
0	30000
0	30000
0	30000
0	30000
0	30000
509	30000
0	30000
11968	30000
11045	30000
35919	30000
0	30000
0	30000
0	30000
4159	30000
44007	30000
43973	30000
57334	30000
58276	30000
58126	30000
71585	30000
120287	30000
0	30000
0	30000
0	30000
88077	30000
109662	30000
0	30000
0	30000
0	30000
0	30000
0	30000
0	30000
0	30000
0	30000
0	30000
0	30000
0	30000
0	30000
0	30000
0	30000
0	30000
0	30000
0	30000
0	30000
0	30000
0	30000
0	30000
0	30000
0	30000
4525	30000
0	30000
0	30000
0	30000
0	30000
0	30000
0	30000
0	30000
0	30000
0	30000
0	30000
0	30000
0	30000
0	30000
0	30000
0	30000
0	30000
0	30000
0	30000
0	30000
0	30000
0	30000
0	30000
0	30000
0	30000
0	30000
1873	30000
33019	30000
32212	30000
44806	30000
148806	30000
0	30000
11970	30000
92055	30000
98020	30000
87254	30000
0	30000
0	30000
0	30000
0	30000
3053	30000
89889	30000
91758	30000
78902	30000
53821	30000
6584	30000
0	30000
39684	30000
13734	30000
13494	30000
0	30000
0	30000
0	30000
0	30000
0	30000
0	30000
0	30000
0	30000
0	30000
0	30000
0	30000
0	30000
0	30000
0	30000
0	30000
0	30000
0	30000
0	30000
0	30000
0	30000
0	30000
0	30000
0	30000
0	30000
0	30000
0	30000
0	30000
0	30000
0	30000
0	30000
0	30000
0	30000
0	30000
0	30000
0	30000
0	30000
0	30000
0	30000
0	30000
0	30000
0	30000
0	30000
0	30000
52320	30000
51669	30000
64554	30000
63089	30000
82892	30000
0	30000
113525	30000
112114	30000
88882	30000
126538	30000
0	30000
0	30000
0	30000
0	30000
0	30000
0	30000
0	30000
0	30000
0	30000
0	30000
0	30000
0	30000
0	30000
0	30000
0	30000
0	30000
0	30000
0	30000
0	30000
0	30000
0	30000
0	30000
0	30000
0	30000
0	30000
0	30000
0	30000
0	30000
