220516352	268435456
247472128	268435456
240914432	268435456
242233344	268435456
242192384	268435456
211599360	268435456
96370688	268435456
96370688	268435456
96247808	268435456
96247808	268435456
96247808	268435456
96247808	268435456
96247808	268435456
96227328	268435456
96227328	268435456
96227328	268435456
96219136	268435456
96219136	268435456
96219136	268435456
96219136	268435456
96219136	268435456
96219136	268435456
96219136	268435456
96219136	268435456
96219136	268435456
96219136	268435456
96219136	268435456
96219136	268435456
96219136	268435456
96219136	268435456
96219136	268435456
96219136	268435456
96219136	268435456
96219136	268435456
96219136	268435456
96219136	268435456
96219136	268435456
96219136	268435456
96219136	268435456
96219136	268435456
96219136	268435456
96219136	268435456
96219136	268435456
96219136	268435456
96219136	268435456
96219136	268435456
96219136	268435456
96219136	268435456
96219136	268435456
96219136	268435456
96219136	268435456
96219136	268435456
96219136	268435456
96219136	268435456
96219136	268435456
96219136	268435456
96219136	268435456
96219136	268435456
96219136	268435456
96219136	268435456
96219136	268435456
96219136	268435456
96219136	268435456
96219136	268435456
96219136	268435456
96219136	268435456
96219136	268435456
96219136	268435456
96219136	268435456
96219136	268435456
96219136	268435456
96219136	268435456
96219136	268435456
96219136	268435456
96219136	268435456
96219136	268435456
96219136	268435456
96219136	268435456
96219136	268435456
96219136	268435456
96219136	268435456
96219136	268435456
96219136	268435456
96219136	268435456
96219136	268435456
96219136	268435456
113594368	268435456
128311296	268435456
165548032	268435456
172933120	268435456
178556928	268435456
182517760	268435456
192188416	268435456
193957888	268435456
195268608	268435456
214691840	268435456
218361856	268435456
218361856	268435456
218361856	268435456
187473920	268435456
96747520	268435456
96747520	268435456
96747520	268435456
96747520	268435456
96747520	268435456
96747520	268435456
96747520	268435456
96747520	268435456
96747520	268435456
96747520	268435456
96747520	268435456
96747520	268435456
96747520	268435456
96747520	268435456
96747520	268435456
96747520	268435456
96747520	268435456
96747520	268435456
96747520	268435456
96747520	268435456
96747520	268435456
96747520	268435456
96747520	268435456
96747520	268435456
96747520	268435456
96747520	268435456
96747520	268435456
96747520	268435456
96747520	268435456
96747520	268435456
96747520	268435456
96747520	268435456
96747520	268435456
96747520	268435456
96747520	268435456
96747520	268435456
96747520	268435456
96747520	268435456
96747520	268435456
96747520	268435456
96747520	268435456
96747520	268435456
96747520	268435456
96747520	268435456
96747520	268435456
96747520	268435456
96747520	268435456
96747520	268435456
96747520	268435456
96747520	268435456
96747520	268435456
96747520	268435456
96747520	268435456
96747520	268435456
96747520	268435456
96747520	268435456
96747520	268435456
96747520	268435456
96747520	268435456
96747520	268435456
96747520	268435456
96747520	268435456
96747520	268435456
96747520	268435456
96747520	268435456
96747520	268435456
96747520	268435456
96747520	268435456
96747520	268435456
96747520	268435456
96747520	268435456
96747520	268435456
96747520	268435456
96747520	268435456
96747520	268435456
96747520	268435456
96747520	268435456
96747520	268435456
96747520	268435456
96747520	268435456
96747520	268435456
96747520	268435456
96747520	268435456
96747520	268435456
96747520	268435456
96747520	268435456
96747520	268435456
96747520	268435456
96747520	268435456
96747520	268435456
96747520	268435456
96747520	268435456
96747520	268435456
96747520	268435456
96747520	268435456
96747520	268435456
96747520	268435456
96747520	268435456
96747520	268435456
96747520	268435456
96747520	268435456
96747520	268435456
96747520	268435456
96747520	268435456
96747520	268435456
96747520	268435456
96747520	268435456
96747520	268435456
96747520	268435456
96747520	268435456
96747520	268435456
96747520	268435456
96747520	268435456
96747520	268435456
96747520	268435456
96747520	268435456
96747520	268435456
96747520	268435456
96747520	268435456
96747520	268435456
96747520	268435456
96747520	268435456
96747520	268435456
96747520	268435456
96747520	268435456
96747520	268435456
96747520	268435456
96747520	268435456
96747520	268435456
96747520	268435456
96747520	268435456
96747520	268435456
96747520	268435456
96747520	268435456
96747520	268435456
96747520	268435456
96747520	268435456
96747520	268435456
96747520	268435456
96747520	268435456
96747520	268435456
96747520	268435456
96747520	268435456
96747520	268435456
96747520	268435456
96747520	268435456
96747520	268435456
96747520	268435456
96747520	268435456
96747520	268435456
96747520	268435456
96747520	268435456
96747520	268435456
96747520	268435456
96747520	268435456
96747520	268435456
96747520	268435456
96747520	268435456
96747520	268435456
96747520	268435456
96747520	268435456
96747520	268435456
96747520	268435456
96747520	268435456
96747520	268435456
96747520	268435456
96747520	268435456
96747520	268435456
96747520	268435456
96747520	268435456
96747520	268435456
96747520	268435456
96747520	268435456
96747520	268435456
96747520	268435456
96747520	268435456
96747520	268435456
96747520	268435456
96747520	268435456
96747520	268435456
96747520	268435456
96747520	268435456
96747520	268435456
96747520	268435456
96747520	268435456
96747520	268435456
96747520	268435456
96747520	268435456
96747520	268435456
96747520	268435456
96747520	268435456
96747520	268435456
96747520	268435456
96747520	268435456
96747520	268435456
96747520	268435456
96747520	268435456
96747520	268435456
96747520	268435456
96747520	268435456
