223703040	268435456
225013760	268435456
242982912	268435456
244293632	268435456
245080064	268435456
211582976	268435456
211582976	268435456
99622912	268435456
99594240	268435456
99479552	268435456
99479552	268435456
99479552	268435456
99479552	268435456
99479552	268435456
99479552	268435456
99479552	268435456
99479552	268435456
99479552	268435456
99479552	268435456
99479552	268435456
99479552	268435456
99479552	268435456
99479552	268435456
99479552	268435456
110694400	268435456
136871936	268435456
169291776	268435456
175874048	268435456
183062528	268435456
194174976	268435456
196722688	268435456
215511040	268435456
216952832	268435456
172126208	268435456
188772352	268435456
99962880	268435456
99942400	268435456
99934208	268435456
99934208	268435456
99934208	268435456
129060864	268435456
157847552	268435456
174858240	268435456
182439936	268435456
195829760	268435456
197341184	268435456
199028736	268435456
218390528	268435456
220356608	268435456
183574528	268435456
100487168	268435456
100487168	268435456
100478976	268435456
100478976	268435456
100478976	268435456
100478976	268435456
100478976	268435456
100474880	268435456
100474880	268435456
100474880	268435456
100474880	268435456
100474880	268435456
100474880	268435456
100470784	268435456
100470784	268435456
100470784	268435456
100470784	268435456
100470784	268435456
100470784	268435456
100470784	268435456
100470784	268435456
100470784	268435456
100470784	268435456
100470784	268435456
100470784	268435456
100470784	268435456
100470784	268435456
100470784	268435456
100470784	268435456
100470784	268435456
100470784	268435456
100470784	268435456
100470784	268435456
100470784	268435456
130179072	268435456
155553792	268435456
170086400	268435456
177852416	268435456
183209984	268435456
187379712	268435456
197779456	268435456
200531968	268435456
179843072	268435456
101023744	268435456
101023744	268435456
101023744	268435456
101023744	268435456
101023744	268435456
101023744	268435456
123330560	268435456
149733376	268435456
172785664	268435456
178679808	268435456
196325376	268435456
200519680	268435456
181911552	268435456
101519360	268435456
101388288	268435456
101376000	268435456
101376000	268435456
101335040	268435456
101330944	268435456
101330944	268435456
101330944	268435456
101318656	268435456
101318656	268435456
101318656	268435456
101318656	268435456
101318656	268435456
101318656	268435456
101318656	268435456
101318656	268435456
101318656	268435456
101318656	268435456
101318656	268435456
101318656	268435456
101318656	268435456
101318656	268435456
101318656	268435456
101318656	268435456
101318656	268435456
101318656	268435456
101318656	268435456
101318656	268435456
101318656	268435456
101318656	268435456
101318656	268435456
101318656	268435456
101318656	268435456
101318656	268435456
101318656	268435456
101318656	268435456
101318656	268435456
101318656	268435456
130658304	268435456
156332032	268435456
175816704	268435456
183398400	268435456
187592704	268435456
197296128	268435456
198885376	268435456
178548736	268435456
101531648	268435456
101478400	268435456
101478400	268435456
101478400	268435456
101478400	268435456
101478400	268435456
101478400	268435456
101478400	268435456
101478400	268435456
101478400	268435456
101478400	268435456
101478400	268435456
101478400	268435456
101478400	268435456
101478400	268435456
101478400	268435456
101478400	268435456
101478400	268435456
101478400	268435456
101478400	268435456
101478400	268435456
101478400	268435456
101478400	268435456
101478400	268435456
101478400	268435456
101478400	268435456
101478400	268435456
101478400	268435456
101478400	268435456
101478400	268435456
101478400	268435456
101478400	268435456
101478400	268435456
101478400	268435456
101478400	268435456
101478400	268435456
101478400	268435456
101478400	268435456
101478400	268435456
101478400	268435456
101478400	268435456
101478400	268435456
101478400	268435456
101478400	268435456
101478400	268435456
101478400	268435456
101478400	268435456
101478400	268435456
101478400	268435456
101478400	268435456
101478400	268435456
101478400	268435456
138293248	268435456
172490752	268435456
177729536	268435456
184922112	268435456
186359808	268435456
196485120	268435456
176750592	268435456
184090624	268435456
101289984	268435456
101289984	268435456
101289984	268435456
132374528	268435456
156532736	268435456
175431680	268435456
184950784	268435456
186257408	268435456
196059136	268435456
198533120	268435456
217894912	268435456
219729920	268435456
177041408	268435456
191451136	268435456
101552128	268435456
101527552	268435456
101494784	268435456
101494784	268435456
101486592	268435456
101486592	268435456
101486592	268435456
101470208	268435456
101470208	268435456
101470208	268435456
101470208	268435456
101470208	268435456
101470208	268435456
101470208	268435456
101470208	268435456
101470208	268435456
101470208	268435456
101470208	268435456
101470208	268435456
101470208	268435456
101470208	268435456
101470208	268435456
101470208	268435456
101470208	268435456
101470208	268435456
101470208	268435456
101470208	268435456
101470208	268435456
101470208	268435456
101470208	268435456
101470208	268435456
101470208	268435456
101470208	268435456
101470208	268435456
101470208	268435456
101470208	268435456
101470208	268435456
101470208	268435456
120836096	268435456
150712320	268435456
178106368	268435456
186748928	268435456
197844992	268435456
217206784	268435456
219566080	268435456
222519296	268435456
222429184	268435456
183115776	268435456
102084608	268435456
102039552	268435456
102039552	268435456
102039552	268435456
102006784	268435456
102006784	268435456
102006784	268435456
102006784	268435456
102006784	268435456
102006784	268435456
102006784	268435456
102006784	268435456
102006784	268435456
102006784	268435456
102006784	268435456
102006784	268435456
102006784	268435456
102006784	268435456
102006784	268435456
102006784	268435456
102006784	268435456
102006784	268435456
102006784	268435456
102006784	268435456
102006784	268435456
102006784	268435456
