221597696	268435456
204840960	268435456
98549760	268435456
98549760	268435456
98549760	268435456
98549760	268435456
98549760	268435456
98549760	268435456
98549760	268435456
98549760	268435456
98549760	268435456
98549760	268435456
98549760	268435456
98549760	268435456
98549760	268435456
98549760	268435456
98549760	268435456
98549760	268435456
98549760	268435456
98549760	268435456
98549760	268435456
98549760	268435456
98549760	268435456
98549760	268435456
98549760	268435456
98549760	268435456
98549760	268435456
98549760	268435456
98549760	268435456
98549760	268435456
98549760	268435456
98549760	268435456
98549760	268435456
98549760	268435456
98549760	268435456
98549760	268435456
98549760	268435456
98549760	268435456
98549760	268435456
98549760	268435456
98549760	268435456
98549760	268435456
98549760	268435456
98549760	268435456
98549760	268435456
98549760	268435456
98549760	268435456
98549760	268435456
98549760	268435456
98549760	268435456
98549760	268435456
98549760	268435456
98549760	268435456
98549760	268435456
98549760	268435456
98549760	268435456
98549760	268435456
98549760	268435456
98549760	268435456
98549760	268435456
98549760	268435456
98549760	268435456
98549760	268435456
98549760	268435456
98549760	268435456
98549760	268435456
98549760	268435456
98549760	268435456
98549760	268435456
98549760	268435456
98549760	268435456
98549760	268435456
98549760	268435456
98549760	268435456
98549760	268435456
98549760	268435456
98549760	268435456
98549760	268435456
98549760	268435456
98549760	268435456
98549760	268435456
98549760	268435456
98549760	268435456
98549760	268435456
98549760	268435456
116989952	268435456
135274496	268435456
168931328	268435456
175480832	268435456
180973568	268435456
185036800	268435456
194748416	268435456
195923968	268435456
197234688	268435456
215547904	268435456
216973312	268435456
218152960	268435456
220643328	268435456
177094656	268435456
99266560	268435456
99004416	268435456
99004416	268435456
99004416	268435456
99004416	268435456
99004416	268435456
99004416	268435456
99004416	268435456
99004416	268435456
99004416	268435456
99004416	268435456
99004416	268435456
99004416	268435456
99004416	268435456
99004416	268435456
99004416	268435456
99004416	268435456
99004416	268435456
99004416	268435456
99004416	268435456
99004416	268435456
99004416	268435456
99004416	268435456
99004416	268435456
99004416	268435456
99004416	268435456
99004416	268435456
99004416	268435456
99004416	268435456
99004416	268435456
99004416	268435456
99004416	268435456
99004416	268435456
99004416	268435456
99004416	268435456
99004416	268435456
99004416	268435456
99004416	268435456
99004416	268435456
99004416	268435456
99004416	268435456
99004416	268435456
99004416	268435456
99004416	268435456
99004416	268435456
99004416	268435456
99004416	268435456
99004416	268435456
99004416	268435456
99004416	268435456
99004416	268435456
99004416	268435456
99004416	268435456
99004416	268435456
99004416	268435456
99004416	268435456
99004416	268435456
99004416	268435456
99004416	268435456
99004416	268435456
99004416	268435456
99004416	268435456
99004416	268435456
99004416	268435456
99004416	268435456
99004416	268435456
99004416	268435456
99004416	268435456
99004416	268435456
99004416	268435456
99004416	268435456
99004416	268435456
99004416	268435456
99004416	268435456
99004416	268435456
99004416	268435456
99004416	268435456
99004416	268435456
99004416	268435456
99004416	268435456
99004416	268435456
99004416	268435456
99004416	268435456
99004416	268435456
99004416	268435456
99004416	268435456
99004416	268435456
99004416	268435456
99004416	268435456
99004416	268435456
99004416	268435456
99004416	268435456
99004416	268435456
99004416	268435456
99004416	268435456
99004416	268435456
99004416	268435456
99004416	268435456
99004416	268435456
99004416	268435456
99004416	268435456
99004416	268435456
99004416	268435456
99004416	268435456
99004416	268435456
99004416	268435456
99004416	268435456
99004416	268435456
99004416	268435456
99004416	268435456
99004416	268435456
99004416	268435456
99004416	268435456
99004416	268435456
99004416	268435456
99004416	268435456
99004416	268435456
99004416	268435456
99004416	268435456
99004416	268435456
99004416	268435456
99004416	268435456
99004416	268435456
99004416	268435456
99004416	268435456
99004416	268435456
99004416	268435456
99004416	268435456
99004416	268435456
99004416	268435456
99004416	268435456
99004416	268435456
99004416	268435456
99004416	268435456
99004416	268435456
99004416	268435456
99004416	268435456
99004416	268435456
99004416	268435456
99004416	268435456
99004416	268435456
99004416	268435456
99004416	268435456
99004416	268435456
99004416	268435456
99004416	268435456
99004416	268435456
99004416	268435456
99004416	268435456
99004416	268435456
99004416	268435456
99004416	268435456
99004416	268435456
99004416	268435456
99004416	268435456
99004416	268435456
99004416	268435456
99004416	268435456
99004416	268435456
99004416	268435456
99004416	268435456
99004416	268435456
99004416	268435456
99004416	268435456
99004416	268435456
99004416	268435456
99004416	268435456
117530624	268435456
137740288	268435456
175718400	268435456
184963072	268435456
195813376	268435456
175689728	268435456
99418112	268435456
99332096	268435456
99332096	268435456
99332096	268435456
99332096	268435456
99332096	268435456
99332096	268435456
99332096	268435456
99332096	268435456
99332096	268435456
99332096	268435456
99332096	268435456
99332096	268435456
99332096	268435456
99332096	268435456
99332096	268435456
99332096	268435456
99332096	268435456
99332096	268435456
99332096	268435456
99332096	268435456
99332096	268435456
99332096	268435456
99332096	268435456
99332096	268435456
99332096	268435456
99332096	268435456
99332096	268435456
