215822336	268435456
199192576	268435456
199192576	268435456
98246656	268435456
98246656	268435456
98246656	268435456
98246656	268435456
98246656	268435456
98246656	268435456
98246656	268435456
98246656	268435456
98246656	268435456
98246656	268435456
98246656	268435456
98246656	268435456
98246656	268435456
98246656	268435456
98246656	268435456
98246656	268435456
98246656	268435456
98246656	268435456
98246656	268435456
98246656	268435456
98246656	268435456
98246656	268435456
98246656	268435456
98246656	268435456
98246656	268435456
98246656	268435456
98246656	268435456
98246656	268435456
98246656	268435456
98246656	268435456
98246656	268435456
98246656	268435456
98246656	268435456
98246656	268435456
98246656	268435456
98246656	268435456
98246656	268435456
98246656	268435456
98246656	268435456
98246656	268435456
98246656	268435456
98246656	268435456
98246656	268435456
98246656	268435456
98246656	268435456
98246656	268435456
98246656	268435456
98246656	268435456
98246656	268435456
98246656	268435456
98246656	268435456
98246656	268435456
98246656	268435456
98246656	268435456
98246656	268435456
98246656	268435456
98246656	268435456
98246656	268435456
98246656	268435456
98246656	268435456
98246656	268435456
98246656	268435456
98246656	268435456
98246656	268435456
98246656	268435456
98246656	268435456
98246656	268435456
98246656	268435456
98246656	268435456
98246656	268435456
98246656	268435456
98246656	268435456
98246656	268435456
98246656	268435456
98246656	268435456
98246656	268435456
98246656	268435456
98246656	268435456
98246656	268435456
98246656	268435456
98246656	268435456
98246656	268435456
116387840	268435456
135995392	268435456
168509440	268435456
174927872	268435456
181993472	268435456
183173120	268435456
193114112	268435456
196784128	268435456
175853568	268435456
98697216	268435456
98697216	268435456
98652160	268435456
98652160	268435456
98652160	268435456
98652160	268435456
98652160	268435456
98652160	268435456
98652160	268435456
98652160	268435456
98652160	268435456
98652160	268435456
98652160	268435456
98652160	268435456
98652160	268435456
98652160	268435456
98652160	268435456
98652160	268435456
98652160	268435456
98652160	268435456
98652160	268435456
98652160	268435456
98652160	268435456
98652160	268435456
98652160	268435456
98652160	268435456
98652160	268435456
98652160	268435456
98652160	268435456
98652160	268435456
98652160	268435456
98652160	268435456
98652160	268435456
98652160	268435456
98652160	268435456
98652160	268435456
98652160	268435456
98652160	268435456
98652160	268435456
98652160	268435456
98652160	268435456
98652160	268435456
98652160	268435456
98652160	268435456
98652160	268435456
98652160	268435456
98652160	268435456
98652160	268435456
98652160	268435456
98652160	268435456
98652160	268435456
98652160	268435456
98652160	268435456
98652160	268435456
98652160	268435456
98652160	268435456
98652160	268435456
98652160	268435456
98652160	268435456
98652160	268435456
98652160	268435456
98652160	268435456
98652160	268435456
98652160	268435456
98652160	268435456
98652160	268435456
98652160	268435456
98652160	268435456
98652160	268435456
98652160	268435456
98652160	268435456
98652160	268435456
98652160	268435456
98652160	268435456
98652160	268435456
98652160	268435456
98652160	268435456
98652160	268435456
98652160	268435456
98652160	268435456
98652160	268435456
98652160	268435456
98652160	268435456
98652160	268435456
98652160	268435456
98652160	268435456
98652160	268435456
98652160	268435456
98652160	268435456
98652160	268435456
98652160	268435456
98652160	268435456
98652160	268435456
98652160	268435456
98652160	268435456
98652160	268435456
98652160	268435456
98652160	268435456
98652160	268435456
98652160	268435456
98652160	268435456
98652160	268435456
98652160	268435456
98652160	268435456
98652160	268435456
98652160	268435456
98652160	268435456
98652160	268435456
98652160	268435456
98652160	268435456
98652160	268435456
98652160	268435456
98652160	268435456
98652160	268435456
98652160	268435456
98652160	268435456
98652160	268435456
98652160	268435456
98652160	268435456
98652160	268435456
98652160	268435456
98652160	268435456
98652160	268435456
119255040	268435456
147476480	268435456
171237376	268435456
175300608	268435456
182497280	268435456
193093632	268435456
195440640	268435456
214671360	268435456
216637440	268435456
175607808	268435456
99041280	268435456
99000320	268435456
99000320	268435456
99000320	268435456
98992128	268435456
98992128	268435456
98992128	268435456
98992128	268435456
98992128	268435456
98992128	268435456
98992128	268435456
98992128	268435456
98975744	268435456
98975744	268435456
98975744	268435456
98975744	268435456
98975744	268435456
98975744	268435456
98975744	268435456
98975744	268435456
98975744	268435456
98975744	268435456
98975744	268435456
98975744	268435456
98975744	268435456
98975744	268435456
98975744	268435456
98975744	268435456
98975744	268435456
98975744	268435456
98975744	268435456
98975744	268435456
98975744	268435456
98975744	268435456
98975744	268435456
98975744	268435456
98975744	268435456
98975744	268435456
98975744	268435456
117370880	268435456
135524352	268435456
171622400	268435456
175239168	268435456
182304768	268435456
183484416	268435456
193671168	268435456
196018176	268435456
215248896	268435456
216559616	268435456
180035584	268435456
99692544	268435456
99442688	268435456
99397632	268435456
99377152	268435456
99377152	268435456
99377152	268435456
99368960	268435456
99368960	268435456
99368960	268435456
99368960	268435456
99368960	268435456
99368960	268435456
99368960	268435456
99368960	268435456
99368960	268435456
99368960	268435456
99368960	268435456
99364864	268435456
99364864	268435456
99364864	268435456
99364864	268435456
99360768	268435456
99360768	268435456
