352833536.0	376049000.0
352833536.0	376049000.0
352833536.0	376049000.0
352833536.0	376049000.0
352833536.0	376049000.0
352833536.0	376049000.0
352833536.0	376049000.0
352833536.0	376049000.0
352833536.0	376049000.0
352833536.0	376049000.0
352833536.0	376049000.0
352833536.0	376049000.0
352833536.0	376049000.0
352833536.0	376049000.0
352833536.0	376049000.0
352833536.0	376049000.0
352833536.0	376049000.0
352833536.0	376049000.0
352833536.0	376049000.0
352833536.0	376049000.0
352833536.0	376049000.0
352833536.0	376049000.0
352833536.0	376049000.0
352833536.0	376049000.0
352833536.0	376049000.0
352833536.0	376049000.0
352833536.0	376049000.0
352833536.0	376049000.0
352833536.0	376049000.0
352833536.0	376049000.0
352833536.0	376049000.0
352833536.0	376049000.0
352833536.0	376049000.0
352833536.0	376049000.0
352833536.0	376049000.0
352833536.0	376049000.0
352833536.0	376049000.0
352833536.0	376049000.0
352833536.0	376049000.0
352833536.0	376049000.0
352833536.0	376049000.0
353312768.0	376049000.0
353542144.0	376049000.0
354918400.0	376049000.0
356896768.0	376049000.0
362831872.0	376049000.0
