0	100000
94372	100000
98641	100000
77600	100000
9644	100000
102521	100000
49061	100000
45441	100000
1840	100000
236	100000
3904	100000
405	100000
16613	100000
105851	100000
20717	100000
1741	100000
73308	100000
2349	100000
61	100000
42	100000
4179	100000
1614	100000
440	100000
58715	100000
73980	100000
64131	100000
10735	100000
58	100000
93	100000
25	100000
2388	100000
3607	100000
53	100000
43	100000
38	100000
100	100000
43	100000
39	100000
48	100000
25309	100000
97238	100000
45865	100000
40776	100000
58	100000
83	100000
24	100000
50	100000
44	100000
55	100000
44	100000
46	100000
1553	100000
25	100000
3456	100000
46	100000
54	100000
49	100000
42	100000
72	100000
48	100000
61	100000
76	100000
2697	100000
52	100000
38	100000
42	100000
45	100000
73	100000
76683	100000
65504	100000
30	100000
5560	100000
62364	100000
95	100000
865	100000
0	100000
0	100000
2276	100000
44	100000
33	100000
61	100000
54	100000
47	100000
54	100000
98	100000
48	100000
2041	100000
42	100000
56	100000
47	100000
44	100000
30	100000
31945	100000
98634	100000
68269	100000
85	100000
25	100000
94	100000
58	100000
43	100000
42	100000
25	100000
52	100000
36	100000
26	100000
26	100000
0	100000
0	100000
8	100000
2283	100000
275	100000
66	100000
64	100000
53	100000
62	100000
51	100000
37	100000
32	100000
48	100000
89	100000
55	100000
49	100000
43	100000
9	100000
9	100000
9	100000
6	100000
1544	100000
74	100000
2190	100000
40773	100000
96626	100000
2217	100000
44	100000
80	100000
48	100000
32	100000
53	100000
530	100000
65305	100000
35	100000
0	100000
0	100000
0	100000
34	100000
0	100000
0	100000
0	100000
2310	100000
48	100000
38	100000
52	100000
48	100000
71	100000
35	100000
56	100000
2640	100000
50	100000
93	100000
43	100000
69476	100000
57258	100000
71459	100000
51	100000
27	100000
54	100000
30	100000
25	100000
1443	100000
52	100000
57	100000
55	100000
46	100000
68	100000
33	100000
8	100000
9	100000
9	100000
77	100000
12	100000
8	100000
8	100000
4	100000
8	100000
8	100000
5	100000
9	100000
18	100000
5	100000
7	100000
5	100000
9	100000
8	100000
8	100000
8	100000
4	100000
8	100000
16	100000
261	100000
5	100000
216	100000
30	100000
60	100000
34	100000
51	100000
49	100000
1447	100000
75	100000
49	100000
43	100000
41	100000
1774	100000
107192	100000
49354	100000
47868	100000
43	100000
64	100000
49	100000
43	100000
43	100000
1946	100000
48	100000
32	100000
53	100000
43	100000
355	100000
98	100000
16	100000
9	100000
4	100000
8	100000
8	100000
10	100000
12	100000
7	100000
8	100000
7	100000
19	100000
3145	100000
162	100000
37720	100000
92113	100000
3561	100000
43174	100000
18826	100000
398	100000
34	100000
27	100000
85	100000
43	100000
18	100000
39	100000
0	100000
0	100000
0	100000
1502	100000
25	100000
41	100000
1003	100000
42	100000
240	100000
50	100000
52	100000
37	100000
50	100000
72	100000
51	100000
12845	100000
108495	100000
5268	100000
1294	100000
29348	100000
33825	100000
40	100000
36	100000
36	100000
25	100000
35	100000
20	100000
32	100000
43	100000
18	100000
3483	100000
47	100000
64	100000
43	100000
35	100000
93	100000
43	100000
42	100000
39	100000
19	100000
71	100000
296	100000
50	100000
51	100000
8	100000
19	100000
62	100000
12	100000
7	100000
9	100000
9	100000
17	100000
7	100000
5	100000
8	100000
16	100000
8	100000
8	100000
10	100000
8	100000
4	100000
5	100000
7	100000
10	100000
1388	100000
30	100000
43	100000
41	100000
43	100000
84	100000
39	100000
25	100000
41	100000
33313	100000
103229	100000
65886	100000
10884	100000
38	100000
27	100000
0	100000
2175	100000
56	100000
49	100000
50	100000
70	100000
98	100000
56	100000
33	100000
40	100000
33	100000
79	100000
44	100000
58	100000
55	100000
7	100000
18	100000
12	100000
7	100000
4	100000
9	100000
10	100000
8	100000
4	100000
7	100000
7	100000
13	100000
8	100000
7	100000
7	100000
4	100000
8	100000
7	100000
4	100000
8	100000
9	100000
13	100000
5	100000
7	100000
7	100000
7	100000
7	100000
7	100000
7	100000
5	100000
10	100000
11	100000
7	100000
1819	100000
440	100000
53	100000
48	100000
52	100000
55	100000
25	100000
51	100000
108	100000
43	100000
52	100000
39	100000
32	100000
59	100000
6	100000
4	100000
4	100000
5	100000
18	100000
7	100000
3	100000
6	100000
4	100000
7	100000
3	100000
4	100000
10	100000
7	100000
16	100000
7	100000
7	100000
6	100000
5	100000
6	100000
8	100000
4	100000
9	100000
11	100000
9	100000
6	100000
3	100000
4	100000
7	100000
8	100000
17	100000
6	100000
4	100000
7	100000
19	100000
4	100000
7	100000
5	100000
7	100000
4	100000
7	100000
4	100000
7	100000
6	100000
14	100000
3	100000
7	100000
7	100000
4	100000
4	100000
9	100000
11	100000
7	100000
7	100000
10	100000
6	100000
7	100000
6	100000
6	100000
6	100000
7	100000
3	100000
7	100000
5	100000
15	100000
7	100000
3	100000
6	100000
3	100000
3	100000
7	100000
5	100000
3	100000
7	100000
14	100000
6	100000
6	100000
8	100000
7	100000
11	100000
7	100000
3	100000
4	100000
9	100000
12	100000
4	100000
4	100000
6	100000
3	100000
7	100000
6	100000
6	100000
4	100000
7	100000
12	100000
7	100000
6	100000
7	100000
7	100000
37	100000
6	100000
7	100000
9	100000
10	100000
16	100000
8	100000
7	100000
9	100000
7	100000
2	100000
3	100000
6	100000
5	100000
6	100000
15	100000
49	100000
7	100000
6	100000
7	100000
-1	-1
0	100000
0	100000
0	100000
0	100000
0	100000
100582	100000
0	100000
0	100000
0	100000
0	100000
0	100000
0	100000
0	100000
0	100000
0	100000
0	100000
0	100000
0	100000
0	100000
0	100000
0	100000
0	100000
0	100000
0	100000
0	100000
0	100000
0	100000
0	100000
0	100000
0	100000
0	100000
0	100000
0	100000
0	100000
0	100000
0	100000
0	100000
0	100000
0	100000
0	100000
0	100000
0	100000
0	100000
102943	100000
0	100000
0	100000
0	100000
0	100000
180911	100000
0	100000
0	100000
0	100000
0	100000
0	100000
0	100000
0	100000
0	100000
0	100000
0	100000
0	100000
0	100000
0	100000
0	100000
0	100000
0	100000
0	100000
0	100000
0	100000
0	100000
0	100000
0	100000
0	100000
0	100000
0	100000
0	100000
0	100000
0	100000
0	100000
0	100000
0	100000
0	100000
0	100000
0	100000
0	100000
0	100000
0	100000
0	100000
0	100000
0	100000
0	100000
0	100000
0	100000
0	100000
0	100000
0	100000
0	100000
0	100000
0	100000
0	100000
0	100000
0	100000
0	100000
0	100000
0	100000
0	100000
0	100000
0	100000
0	100000
762	100000
0	100000
0	100000
0	100000
0	100000
0	100000
0	100000
0	100000
0	100000
0	100000
0	100000
0	100000
0	100000
0	100000
0	100000
0	100000
0	100000
0	100000
0	100000
0	100000
0	100000
0	100000
0	100000
0	100000
0	100000
0	100000
0	100000
0	100000
0	100000
0	100000
0	100000
0	100000
0	100000
0	100000
0	100000
0	100000
0	100000
0	100000
0	100000
0	100000
0	100000
0	100000
0	100000
0	100000
0	100000
0	100000
0	100000
0	100000
0	100000
0	100000
0	100000
0	100000
0	100000
0	100000
0	100000
0	100000
0	100000
0	100000
0	100000
0	100000
0	100000
0	100000
0	100000
0	100000
0	100000
0	100000
0	100000
0	100000
0	100000
0	100000
0	100000
0	100000
0	100000
0	100000
0	100000
0	100000
0	100000
0	100000
0	100000
0	100000
0	100000
0	100000
0	100000
0	100000
0	100000
0	100000
0	100000
0	100000
0	100000
0	100000
0	100000
0	100000
0	100000
0	100000
0	100000
0	100000
0	100000
0	100000
0	100000
0	100000
0	100000
0	100000
