1S LIMIT AGG (ns), 1S USAGE AGG (ns)
15000000.0,7297783.5
15000000.0,2894822.5
15000000.0,1058819.0
15000000.0,4559667.5
15000000.0,2195405.0
15000000.0,6343762.5
15000000.0,3458849.0
15000000.0,3814265.0
15000000.0,4990599.0
15000000.0,4079903.0
15000000.0,2418943.0
15000000.0,4227069.5
15000000.0,3010221.5
15000000.0,5435639.0
15000000.0,4602750.5
15000000.0,4515842.5
15000000.0,3000502.0
15000000.0,3123297.0
15000000.0,5522743.5
15000000.0,4003739.0
15000000.0,4548244.5
15000000.0,5881039.0
15000000.0,8536455.5
15000000.0,9321276.5
15000000.0,10196446.5
15000000.0,10160543.5
15000000.0,10769279.5
15000000.0,10169164.5
15000000.0,10502570.5
15000000.0,11297458.5
15000000.0,9294878.5
15000000.0,10505744.5
15000000.0,11508863.5
15000000.0,13329004.5
15000000.0,11637938.5
15000000.0,11466796.5
15000000.0,11991692.5
15000000.0,10239006.0
15000000.0,9425784.5
15000000.0,10394578.0
15000000.0,6447394.5
15000000.0,8039215.0
15000000.0,9444108.0
15000000.0,13355789.0
15000000.0,11787055.5
15000000.0,10841473.5
15000000.0,8570878.0
15000000.0,10672994.0
15000000.0,8277011.0
15000000.0,8537538.5
15000000.0,5583384.5
15000000.0,7837463.5
15000000.0,7766916.5
15000000.0,8165503.0
15000000.0,10914561.0
15000000.0,8215628.0
15000000.0,7756458.0
15000000.0,6568858.5
15000000.0,4878686.5
15000000.0,7954104.5
15000000.0,7394909.0
15000000.0,5828623.5
15000000.0,5663679.0
15000000.0,6906575.5
15000000.0,7398063.0
15000000.0,6281809.0
15000000.0,5319355.0
15000000.0,3734761.0
15000000.0,3523510.0
15000000.0,5446570.0
15000000.0,5356710.5
15000000.0,7536715.5
15000000.0,4108172.5
15000000.0,8796387.0
15000000.0,4296062.5
15000000.0,5406443.0
15000000.0,4805560.0
15000000.0,3164124.5
15000000.0,4876883.0
15000000.0,4141306.5
15000000.0,4115699.5
15000000.0,5894016.0
15000000.0,3636093.0
15000000.0,12849444.5
15000000.0,3555491.0
15000000.0,5067694.5
15000000.0,3172741.5
15000000.0,4278747.5
15000000.0,3692347.5
15000000.0,3180363.5
15000000.0,2947058.5
15000000.0,4319865.5
15000000.0,3866097.0
15000000.0,5356231.0
15000000.0,6053448.0
15000000.0,2639367.5
15000000.0,2939062.0
15000000.0,1581658.5
15000000.0,2967256.0
15000000.0,2999014.5
15000000.0,2477116.0
15000000.0,3632518.0
15000000.0,3539815.0
15000000.0,5949639.0
15000000.0,3006682.0
15000000.0,2686303.0
15000000.0,2417974.5
15000000.0,3482681.0
15000000.0,2108054.5
15000000.0,3565821.0
15000000.0,2425993.5
15000000.0,3443305.0
15000000.0,2429015.0
15000000.0,5886587.0
15000000.0,3580507.0
15000000.0,2649387.5
15000000.0,2420831.5
15000000.0,2418690.5
15000000.0,2951270.0
15000000.0,2439132.0
15000000.0,1071856.5
15000000.0,1601455.5
15000000.0,1066075.0
15000000.0,4634666.0
15000000.0,3566273.5
15000000.0,3159724.0
15000000.0,2442562.0
15000000.0,2434860.5
15000000.0,2485436.5
15000000.0,2431718.5
15000000.0,1072673.0
15000000.0,2979280.5
15000000.0,1100993.0
15000000.0,5676542.0
15000000.0,3538145.0
15000000.0,2642085.0
15000000.0,2433541.0
15000000.0,1071620.5
15000000.0,2993916.0
15000000.0,1065939.5
15000000.0,2428781.5
15000000.0,1600592.0
15000000.0,1070998.5
15000000.0,4607465.5
15000000.0,1695522.0
15000000.0,2646993.0
15000000.0,2947681.5
15000000.0,2397793.5
15000000.0,1590672.0
15000000.0,2443574.5
15000000.0,1071647.0
15000000.0,1600086.0
15000000.0,1069712.5
15000000.0,4611458.0
15000000.0,3511726.5
15000000.0,2689053.0
15000000.0,2413452.5
15000000.0,1579835.5
15000000.0,2922869.0
15000000.0,1067550.5
15000000.0,1068499.0
15000000.0,2414420.0
15000000.0,3071141.5
15000000.0,7041916.0
15000000.0,2954934.0
15000000.0,2679211.0
15000000.0,2391486.0
15000000.0,1069044.5
15000000.0,2967624.5
15000000.0,1065641.0
15000000.0,1067234.0
15000000.0,3644206.5
15000000.0,1065667.5
15000000.0,4619896.5
15000000.0,3020926.5
15000000.0,4571057.0
15000000.0,1070836.5
15000000.0,3603151.0
15000000.0,1627762.0
15000000.0,1068137.0
15000000.0,1068911.5
15000000.0,1595083.5
15000000.0,1071594.5
15000000.0,12669904.0
15000000.0,2993926.0
15000000.0,2646558.5
15000000.0,2405132.5
15000000.0,1064350.0
15000000.0,1621592.0
15000000.0,2370685.0
15000000.0,1067483.5
15000000.0,1596980.0
15000000.0,2426374.0
15000000.0,5644896.5
15000000.0,3594283.0
15000000.0,3982943.0
15000000.0,2470127.5
15000000.0,1069596.5
15000000.0,1608401.5
15000000.0,1069309.0
15000000.0,1074510.5
15000000.0,1606505.0
15000000.0,1071199.0
15000000.0,6107235.5
15000000.0,2225393.5
15000000.0,4023544.5
15000000.0,1071176.5
15000000.0,1073733.0
15000000.0,2505419.0
15000000.0,1071046.0
15000000.0,2481521.5
15000000.0,1600974.0
15000000.0,2505647.5
15000000.0,5521915.0
15000000.0,2212953.5
15000000.0,3183306.5
15000000.0,2405894.5
15000000.0,1078216.5
15000000.0,2411849.0
15000000.0,1062885.0
15000000.0,2417406.0
15000000.0,2110232.5
15000000.0,3210545.0
15000000.0,4649335.0
15000000.0,1670634.5
15000000.0,2651324.0
15000000.0,2395442.0
15000000.0,1066461.5
15000000.0,1070155.0
15000000.0,1070954.5
15000000.0,1066669.5
15000000.0,1595743.5
15000000.0,2410600.0
15000000.0,5750102.0
15000000.0,3004142.0
15000000.0,2655782.0
15000000.0,2466985.5
15000000.0,2395554.0
15000000.0,1074129.0
15000000.0,2936445.0
15000000.0,1068956.5
15000000.0,1606534.5
15000000.0,2285976.5
15000000.0,5959300.5
15000000.0,2157061.0
15000000.0,4003252.5
15000000.0,1070917.5
15000000.0,1075626.5
15000000.0,2968789.5
15000000.0,1074951.5
15000000.0,1075125.5
15000000.0,1605404.5
15000000.0,2426962.5
15000000.0,5163542.0
15000000.0,2995290.5
15000000.0,2665030.0
15000000.0,1075632.0
15000000.0,1075534.0
15000000.0,1623809.0
15000000.0,1078049.5
15000000.0,1077137.0
15000000.0,2968970.0
15000000.0,2291507.0
15000000.0,6501788.0
15000000.0,1654065.5
15000000.0,3993741.0
15000000.0,2919129.0
15000000.0,1073371.5
15000000.0,3015396.0
15000000.0,1073641.0
15000000.0,1075066.5
15000000.0,4534244.5
15000000.0,1069996.5
15000000.0,4643872.5
15000000.0,1652652.5
15000000.0,3495177.5
15000000.0,1073320.5
15000000.0,1070334.0
15000000.0,1073112.5
15000000.0,2429960.5
15000000.0,1064943.0
15000000.0,1594009.0
15000000.0,1092272.0
15000000.0,7276680.0
15000000.0,2179283.5
15000000.0,2670992.0
15000000.0,1071544.5
15000000.0,2420311.0
15000000.0,1082251.0
15000000.0,2974983.0
15000000.0,1078572.0
15000000.0,1610814.0
15000000.0,2433210.0
15000000.0,4621420.5
15000000.0,2220571.5
15000000.0,4063445.5
15000000.0,2416775.0
15000000.0,1092758.5
15000000.0,2975667.5
15000000.0,1581038.5
15000000.0,1069167.5
15000000.0,2996731.0
15000000.0,1070996.5
15000000.0,4639442.0
15000000.0,3592446.5
15000000.0,4028869.0
15000000.0,2904660.5
15000000.0,2430881.5
15000000.0,1603781.0
15000000.0,2480547.0
15000000.0,2406101.0
15000000.0,1606362.0
15000000.0,1075387.5
15000000.0,5506838.0
15000000.0,2203540.0
15000000.0,3173016.0
15000000.0,2421332.5
15000000.0,2432918.5
15000000.0,1605388.5
15000000.0,1076710.0
15000000.0,2469428.0
15000000.0,1617855.0
15000000.0,2418061.0
15000000.0,5670668.0
15000000.0,2196830.0
15000000.0,3174742.5
15000000.0,1074393.0
15000000.0,2450332.5
15000000.0,1604482.0
15000000.0,1078661.5
15000000.0,1068599.0
15000000.0,1661005.0
15000000.0,2451312.0
15000000.0,6122006.0
15000000.0,3644553.0
15000000.0,4528984.0
15000000.0,1584350.5
15000000.0,1079020.5
15000000.0,1603453.5
15000000.0,1073324.0
15000000.0,2471459.0
15000000.0,1601237.0
15000000.0,2434113.0
15000000.0,4611644.0
15000000.0,2238242.0
15000000.0,3173835.5
15000000.0,1071796.5
15000000.0,1572614.0
15000000.0,2430311.5
15000000.0,1069757.5
15000000.0,1073341.5
15000000.0,2098230.5
15000000.0,1067713.5
15000000.0,4060291.5
15000000.0,2188417.5
15000000.0,2644487.5
15000000.0,1070846.5
15000000.0,2440027.0
15000000.0,2116972.0
15000000.0,1069263.5
15000000.0,1066424.5
15000000.0,2097169.0
15000000.0,2252577.0
15000000.0,5112749.5
15000000.0,3545822.5
15000000.0,3667403.0
15000000.0,1069550.5
15000000.0,1069955.5
15000000.0,1599499.0
15000000.0,1102724.0
15000000.0,2455172.5
15000000.0,3162238.0
15000000.0,1071131.0
15000000.0,4591405.0
15000000.0,3540530.0
15000000.0,3161275.5
15000000.0,1068917.5
15000000.0,1072174.0
15000000.0,3805575.5
15000000.0,2447352.0
15000000.0,1071965.5
15000000.0,2418005.0
15000000.0,1065301.5
15000000.0,10699086.5
15000000.0,2218037.5
15000000.0,3160747.0
15000000.0,1075720.5
15000000.0,1071824.0
15000000.0,3096819.5
15000000.0,1586613.5
15000000.0,1068050.0
15000000.0,1599085.0
15000000.0,1067950.5
15000000.0,4910250.5
15000000.0,2714204.5
15000000.0,3179044.5
15000000.0,1065878.5
15000000.0,2476350.0
15000000.0,2939938.0
15000000.0,1587075.0
15000000.0,1058205.0
15000000.0,3484144.0
15000000.0,3001143.5
15000000.0,4536343.5
15000000.0,2195637.0
15000000.0,4034146.0
15000000.0,1070602.5
15000000.0,1066255.0
15000000.0,1616728.5
15000000.0,1066405.0
15000000.0,3833609.5
15000000.0,1598187.5
15000000.0,2406253.0
15000000.0,4083836.5
15000000.0,3556026.0
15000000.0,3984354.5
15000000.0,1066780.0
15000000.0,1067085.0
15000000.0,2988959.0
15000000.0,1069218.0
15000000.0,2429272.0
15000000.0,1600188.5
15000000.0,1070754.0
15000000.0,4638680.0
15000000.0,2203925.0
15000000.0,2648888.0
15000000.0,1067189.5
15000000.0,2414003.0
15000000.0,1606229.5
15000000.0,1069009.0
15000000.0,1075212.0
15000000.0,2960832.0
15000000.0,2428625.5
15000000.0,4757711.0
15000000.0,2196818.5
15000000.0,4091606.5
15000000.0,1083269.5
15000000.0,1069995.5
15000000.0,1600940.5
15000000.0,1067049.5
15000000.0,1073534.0
15000000.0,1602810.5
15000000.0,1067479.5
15000000.0,6579234.5
15000000.0,2216166.5
15000000.0,2651629.5
15000000.0,1064955.0
15000000.0,1069340.5
15000000.0,1597663.0
15000000.0,1072059.0
15000000.0,1066246.0
15000000.0,2973417.5
15000000.0,1067344.0
15000000.0,4609989.0
15000000.0,2198266.0
15000000.0,4089105.0
15000000.0,2915424.0
15000000.0,1071160.0
15000000.0,1598925.0
15000000.0,2419936.5
15000000.0,2455725.5
15000000.0,1602389.5
15000000.0,3110258.5
15000000.0,6495668.5
15000000.0,2256508.5
15000000.0,2654984.0
15000000.0,1074825.5
15000000.0,1063362.5
15000000.0,1606394.5
15000000.0,2452156.5
15000000.0,2408468.0
15000000.0,3658486.5
15000000.0,1072018.5
15000000.0,4574015.5
15000000.0,2207366.0
15000000.0,3165611.0
15000000.0,1068311.5
15000000.0,6009875.5
15000000.0,4710083.0
15000000.0,2106029.5
15000000.0,2932868.0
15000000.0,2972033.0
15000000.0,1575486.0
15000000.0,14350112.5
15000000.0,1628169.5
15000000.0,3673678.0
15000000.0,2519448.5
15000000.0,1611709.0
15000000.0,2462146.5
15000000.0,2725961.0
15000000.0,2478188.5
15000000.0,1063789.5
15000000.0,3658303.5
15000000.0,4595206.5
15000000.0,1610031.5
15000000.0,3678929.0
15000000.0,1063288.5
15000000.0,2422121.5
15000000.0,2449050.0
15000000.0,3595705.5
15000000.0,1066563.0
15000000.0,1638460.0
15000000.0,2943195.0
15000000.0,6476469.5
15000000.0,1641440.0
15000000.0,3154097.0
15000000.0,1066275.5
15000000.0,1596626.5
15000000.0,1582689.5
15000000.0,1602403.0
15000000.0,1067276.5
15000000.0,2456876.0
15000000.0,1598023.5
15000000.0,4593669.0
15000000.0,1635944.0
15000000.0,3166712.0
15000000.0,3611468.5
15000000.0,2920691.0
15000000.0,1065709.0
15000000.0,1609740.0
15000000.0,1076816.5
15000000.0,1071311.0
15000000.0,1638813.5
15000000.0,4558047.5
15000000.0,1614833.0
15000000.0,5548070.0
15000000.0,1062873.5
15000000.0,1620181.0
15000000.0,1067817.0
15000000.0,1594735.5
15000000.0,1065271.5
15000000.0,1584374.5
15000000.0,2631345.0
15000000.0,6086730.5
15000000.0,1657982.0
15000000.0,5233346.5
15000000.0,2410274.5
15000000.0,1632431.0
15000000.0,1066313.0
15000000.0,2922563.0
15000000.0,1068749.5
15000000.0,1102187.5
15000000.0,1600315.0
15000000.0,4748358.0
15000000.0,2942516.5
15000000.0,3750907.0
15000000.0,2412245.0
15000000.0,1592959.0
15000000.0,1069992.5
15000000.0,1591482.0
15000000.0,1065218.0
15000000.0,2421953.5
15000000.0,1590632.5
15000000.0,4849246.5
15000000.0,1607650.5
15000000.0,3745184.0
15000000.0,1061131.5
15000000.0,1633532.5
15000000.0,1059050.0
15000000.0,2972085.5
15000000.0,1106490.5
15000000.0,2422086.0
15000000.0,2782940.5
15000000.0,4622296.5
15000000.0,1616854.5
15000000.0,3747031.5
15000000.0,1063958.0
15000000.0,1598217.5
15000000.0,1067139.5
15000000.0,2969909.0
15000000.0,1064473.5
15000000.0,3151763.0
15000000.0,1621691.5
15000000.0,4113283.0
15000000.0,1642468.5
15000000.0,5147194.0
15000000.0,1062735.0
15000000.0,1591989.0
15000000.0,2432978.5
15000000.0,3038592.5
15000000.0,1585330.5
15000000.0,1051784.5
15000000.0,1096164.0
15000000.0,11865294.5
15000000.0,1620099.0
15000000.0,3743349.0
15000000.0,2489941.0
15000000.0,1602808.5
15000000.0,1064231.5
15000000.0,1593504.0
15000000.0,1070247.0
15000000.0,2444639.0
15000000.0,1596222.0
15000000.0,4091616.5
15000000.0,1615844.0
15000000.0,3741992.0
15000000.0,2406125.0
15000000.0,2940809.0
15000000.0,515436.5
15000000.0,1041297.0
15000000.0,517658.0
15000000.0,513213.0
15000000.0,1058409.0
15000000.0,5404814.5
15000000.0,1073417.5
15000000.0,3230074.5
15000000.0,537109.0
15000000.0,1042680.5
15000000.0,1072554.0
15000000.0,1606535.5
15000000.0,2950543.0
15000000.0,1061609.5
15000000.0,1591504.5
15000000.0,4599916.0
15000000.0,1615730.5
15000000.0,3749688.0
15000000.0,1060870.5
15000000.0,2984123.0
15000000.0,1069476.0
15000000.0,2938363.0
15000000.0,1069624.0
15000000.0,2431260.0
15000000.0,1065041.5
15000000.0,4081794.0
15000000.0,1669362.5
15000000.0,3736584.5
15000000.0,1064053.5
15000000.0,1595328.0
15000000.0,3011097.5
15000000.0,3012640.5
15000000.0,1083045.5
15000000.0,2436696.0
15000000.0,1620340.0
15000000.0,4742632.5
15000000.0,3004489.0
15000000.0,4267539.0
15000000.0,1070501.0
15000000.0,1587657.0
15000000.0,1077487.5
15000000.0,1596908.0
15000000.0,1062150.5
15000000.0,1071036.0
15000000.0,3033559.0
15000000.0,5156329.5
15000000.0,1611391.5
15000000.0,3777509.5
15000000.0,1070710.0
15000000.0,1595349.0
15000000.0,2488344.5
15000000.0,1604516.0
15000000.0,2471811.0
15000000.0,1065468.0
15000000.0,1607517.0
15000000.0,5844612.0
15000000.0,3455419.5
15000000.0,4018518.0
15000000.0,1069170.0
15000000.0,1606083.0
15000000.0,1010892.0
15000000.0,1045227.5
15000000.0,1932098.5
15000000.0,2313105.0
15000000.0,4139991.5
15000000.0,4386879.5
15000000.0,1115530.5
15000000.0,3738309.5
15000000.0,1064902.0
15000000.0,2965027.0
15000000.0,2456556.5
15000000.0,1597422.5
15000000.0,1072714.0
15000000.0,2116664.5
15000000.0,1082403.5
15000000.0,4119096.5
15000000.0,1115757.5
15000000.0,3325301.5
15000000.0,1992476.0
15000000.0,2513238.0
15000000.0,2417664.5
15000000.0,1595572.5
15000000.0,552425.0
15000000.0,575728.0
15000000.0,2996817.5
15000000.0,11619547.5
15000000.0,1623675.0
15000000.0,3735107.5
15000000.0,1059583.5
15000000.0,1598035.5
15000000.0,1064412.5
15000000.0,1611030.5
15000000.0,1073548.0
15000000.0,553146.0
15000000.0,2440428.5
15000000.0,4077148.5
15000000.0,2975929.5
15000000.0,5106188.5
15000000.0,3449626.5
15000000.0,1602538.5
15000000.0,1071341.5
15000000.0,1600092.0
15000000.0,1072580.5
15000000.0,2461224.0
15000000.0,1075002.5
15000000.0,3593695.5
15000000.0,1648549.0
15000000.0,4266637.5
15000000.0,1078184.5
15000000.0,1595486.5
15000000.0,1066377.5
15000000.0,2965243.5
15000000.0,2374949.0
15000000.0,1065777.5
15000000.0,1601020.5
15000000.0,5464403.5
15000000.0,1623284.5
15000000.0,3746376.5
15000000.0,1067686.0
15000000.0,1090443.0
15000000.0,551032.5
15000000.0,1093492.5
15000000.0,556200.0
15000000.0,2428919.5
15000000.0,1082311.0
15000000.0,4654127.5
15000000.0,1616864.5
15000000.0,3757624.5
15000000.0,1060805.5
15000000.0,1597494.0
15000000.0,1069894.5
15000000.0,1597748.5
15000000.0,1059819.0
15000000.0,1574245.0
15000000.0,1075360.5
15000000.0,5137975.5
15000000.0,1607616.5
15000000.0,3759102.0
15000000.0,1066632.0
15000000.0,2975470.5
15000000.0,1065799.5
15000000.0,1584715.0
15000000.0,1066434.0
15000000.0,2419805.5
15000000.0,2984418.0
15000000.0,5041246.0
15000000.0,1573966.5
15000000.0,3726332.5
15000000.0,1057516.0
15000000.0,1586138.5
15000000.0,1066764.0
15000000.0,2971666.0
15000000.0,1078012.5
15000000.0,1067738.0
15000000.0,1609096.0
15000000.0,4903579.0
15000000.0,2982805.5
15000000.0,3737121.5
15000000.0,1065771.5
15000000.0,1592975.5
15000000.0,2431361.5
15000000.0,1591070.0
15000000.0,1063390.5
15000000.0,1061799.0
15000000.0,2780590.5
15000000.0,5161081.5
15000000.0,1616479.5
15000000.0,3781893.5
15000000.0,1095661.0
15000000.0,3067506.5
15000000.0,2438285.5
15000000.0,2106231.0
15000000.0,2428888.0
15000000.0,2620801.0
15000000.0,1598473.0
15000000.0,4100244.5
15000000.0,1622818.0
15000000.0,3776720.5
15000000.0,1066645.0
15000000.0,3021925.0
15000000.0,1072911.0
15000000.0,3044228.5
15000000.0,1070874.5
15000000.0,1064534.0
15000000.0,1604775.5
15000000.0,12255780.5
15000000.0,1625948.0
15000000.0,3757129.0
15000000.0,1062984.0
15000000.0,1606845.5
15000000.0,1075525.5
15000000.0,2965411.5
15000000.0,1064963.5
15000000.0,1062197.0
15000000.0,1597853.0
15000000.0,4089901.0
15000000.0,1635020.5
15000000.0,3736525.5
15000000.0,1071712.0
15000000.0,2965969.5
15000000.0,1063325.0
15000000.0,1593040.5
15000000.0,2472580.5
15000000.0,2484438.5
15000000.0,2974264.5
15000000.0,5584823.0
15000000.0,1605987.0
15000000.0,3752792.5
15000000.0,1095394.5
15000000.0,1641397.0
15000000.0,1112739.0
15000000.0,3013637.0
15000000.0,1068096.0
15000000.0,2458136.5
15000000.0,2966312.5
15000000.0,4106485.5
15000000.0,1626749.0
15000000.0,3740719.0
15000000.0,1063090.5
15000000.0,1597977.5
15000000.0,1065235.5
15000000.0,1593008.0
15000000.0,1061037.5
15000000.0,2459541.5
15000000.0,1599207.5
15000000.0,4591954.5
15000000.0,1619595.5
15000000.0,4261452.5
15000000.0,1066858.5
15000000.0,1623852.5
15000000.0,1067712.5
15000000.0,2993129.0
15000000.0,1588579.5
15000000.0,1085551.0
15000000.0,2972343.0
15000000.0,4729559.0
15000000.0,1104338.5
15000000.0,3248377.5
15000000.0,550579.5
15000000.0,2403820.0
15000000.0,548587.0
15000000.0,2501878.0
15000000.0,551324.0
15000000.0,549825.5
15000000.0,1080147.5
15000000.0,4078547.0
15000000.0,1092728.5
15000000.0,3231798.0
15000000.0,1071506.5
15000000.0,1598182.5
15000000.0,1095024.0
15000000.0,2997048.0
15000000.0,1065435.5
15000000.0,2412580.5
15000000.0,1585959.5
15000000.0,4039871.0
15000000.0,1618351.5
15000000.0,3742343.5
15000000.0,1069795.0
15000000.0,3464518.5
15000000.0,1073015.5
15000000.0,2966735.0
15000000.0,1062952.5
15000000.0,2581994.5
15000000.0,3662435.5
15000000.0,4092579.5
15000000.0,1626568.0
15000000.0,5413927.5
15000000.0,1062962.0
15000000.0,2947066.0
15000000.0,1067765.5
15000000.0,1119351.0
15000000.0,1060569.5
15000000.0,2670571.0
15000000.0,2931701.0
15000000.0,4586903.0
15000000.0,1615297.5
15000000.0,3760583.0
15000000.0,1068502.0
15000000.0,1594232.0
15000000.0,1953077.5
15000000.0,1057772.5
15000000.0,1063184.0
15000000.0,1063190.5
15000000.0,1592308.5
15000000.0,12693934.0
15000000.0,1066259.0
15000000.0,4264760.5
15000000.0,1060786.0
15000000.0,1603916.0
15000000.0,1078118.0
15000000.0,1066132.0
15000000.0,1072394.5
15000000.0,1061559.5
15000000.0,1618248.0
15000000.0,4090087.5
15000000.0,1619338.5
15000000.0,3735603.5
15000000.0,1093871.5
15000000.0,1592690.5
15000000.0,2964784.5
15000000.0,1593624.5
15000000.0,1087510.5
15000000.0,1074062.0
15000000.0,1594704.5
15000000.0,4906466.5
15000000.0,1067384.0
15000000.0,3741064.0
15000000.0,1074817.5
15000000.0,1603200.5
15000000.0,2417007.5
15000000.0,2970035.5
15000000.0,1067018.0
15000000.0,1065642.0
15000000.0,1583317.0
15000000.0,4030062.0
15000000.0,1668567.0
15000000.0,3262814.0
15000000.0,1101611.0
15000000.0,2943206.0
15000000.0,1074419.5
15000000.0,1602766.0
15000000.0,2461818.0
15000000.0,1077534.5
15000000.0,1610095.5
15000000.0,5509991.5
15000000.0,1617987.5
15000000.0,5705019.0
15000000.0,1073300.5
15000000.0,2946978.5
15000000.0,1645497.0
15000000.0,1628311.0
15000000.0,1076492.5
15000000.0,1567285.0
15000000.0,2948155.5
15000000.0,4690713.5
15000000.0,2445668.0
15000000.0,5346105.0
15000000.0,1061356.0
15000000.0,2434380.0
15000000.0,1071282.0
15000000.0,1592523.5
15000000.0,1062849.0
15000000.0,2490528.5
15000000.0,1589910.0
15000000.0,4092212.0
15000000.0,3018119.0
15000000.0,5921256.5
15000000.0,1071408.0
15000000.0,1605941.0
15000000.0,1078347.0
15000000.0,1603531.0
15000000.0,1066660.0
15000000.0,1077076.0
15000000.0,2972609.5
15000000.0,4093573.0
15000000.0,1625976.0
15000000.0,3765563.0
15000000.0,1061408.5
15000000.0,2949141.5
15000000.0,1067076.0
15000000.0,1597405.0
15000000.0,1068621.5
15000000.0,1066441.5
15000000.0,2247838.0
15000000.0,5419926.5
15000000.0,1612254.5
15000000.0,4556583.5
15000000.0,2381458.0
15000000.0,3481215.5
15000000.0,2897808.5
15000000.0,1604484.5
15000000.0,2930633.0
15000000.0,3125863.5
15000000.0,1088755.5
15000000.0,4658888.5
15000000.0,1624599.5
15000000.0,3729246.0
15000000.0,2427751.0
15000000.0,1588832.5
15000000.0,1067652.0
15000000.0,1575956.0
15000000.0,1071252.0
15000000.0,1070789.0
15000000.0,1609917.0
15000000.0,12014999.0
15000000.0,1630572.5
15000000.0,3741331.5
15000000.0,1073081.5
15000000.0,1600426.0
15000000.0,1076445.0
15000000.0,2984962.0
15000000.0,1062992.0
15000000.0,1080981.5
15000000.0,1606762.0
15000000.0,4546992.5
15000000.0,2978234.5
15000000.0,5129941.0
15000000.0,2454021.5
15000000.0,1594791.5
15000000.0,1114216.5
15000000.0,1600867.5
15000000.0,1069535.0
15000000.0,1068626.0
15000000.0,1601009.0
15000000.0,4636307.0
15000000.0,1986011.5
15000000.0,3743566.0
15000000.0,1900246.0
15000000.0,1610863.5
15000000.0,1068496.5
15000000.0,2098544.5
15000000.0,1069491.0
15000000.0,1067389.0
15000000.0,1617302.0
15000000.0,4077015.5
15000000.0,1098771.5
15000000.0,4506839.5
15000000.0,1063341.5
15000000.0,2935290.0
15000000.0,2397430.0
15000000.0,1593525.5
15000000.0,1065040.5
15000000.0,2996516.0
15000000.0,1078880.0
15000000.0,4105886.5
15000000.0,1622565.5
15000000.0,4523987.0
15000000.0,1059225.0
15000000.0,1606681.5
15000000.0,1064062.0
15000000.0,2959295.5
15000000.0,1061235.0
15000000.0,2438357.0
15000000.0,1591412.0
15000000.0,5213833.5
15000000.0,1100177.5
15000000.0,5155650.0
15000000.0,2422082.5
15000000.0,1601273.5
15000000.0,1060848.0
15000000.0,1601810.0
15000000.0,1061918.0
15000000.0,2417408.5
15000000.0,2105694.5
15000000.0,5992790.0
15000000.0,1620455.5
15000000.0,4657296.0
15000000.0,1056691.5
15000000.0,1600186.5
15000000.0,1068463.0
15000000.0,1594926.5
15000000.0,3432363.0
15000000.0,1574654.5
15000000.0,2988620.5
15000000.0,4420578.5
15000000.0,1613876.0
15000000.0,3770534.5
15000000.0,1069512.0
15000000.0,1603874.0
15000000.0,554390.5
15000000.0,3025654.5
15000000.0,1068881.5
15000000.0,2921545.0
15000000.0,3382821.5
15000000.0,4590222.5
15000000.0,1622927.0
15000000.0,3764468.5
15000000.0,2440711.5
15000000.0,2942533.5
15000000.0,3202392.0
15000000.0,3517297.0
15000000.0,1072660.5
15000000.0,2620390.0
15000000.0,1602874.5
15000000.0,5108461.0
15000000.0,1651939.5
15000000.0,3780986.0
15000000.0,1058500.0
15000000.0,1598339.0
15000000.0,4266842.0
15000000.0,4267558.5
15000000.0,3554522.5
15000000.0,3016205.0
15000000.0,2448979.5
15000000.0,15000000.0
15000000.0,3476044.0
21000000.0,3516391.5
16800000.0,1595380.0
15000000.0,555016.0
15000000.0,2113863.5
15000000.0,2111416.0
15000000.0,2980946.5
15000000.0,2948891.5
15000000.0,2447720.0
15000000.0,4081015.0
15000000.0,1640233.0
15000000.0,4539535.0
15000000.0,2617528.0
15000000.0,1077164.0
15000000.0,1072296.0
15000000.0,1599821.0
15000000.0,2448304.0
15000000.0,1627900.5
15000000.0,3079927.0
15000000.0,5985080.0
15000000.0,2493329.0
15000000.0,2655181.0
15000000.0,1598513.0
15000000.0,1067433.0
15000000.0,1073541.5
15000000.0,1577289.5
15000000.0,1073381.5
15000000.0,3077610.0
15000000.0,2420267.5
15000000.0,5490410.5
15000000.0,1643431.5
15000000.0,2630775.0
15000000.0,2872722.5
15000000.0,2990613.0
15000000.0,1091305.5
15000000.0,1595172.5
15000000.0,1062390.5
15000000.0,2988503.0
15000000.0,1059276.5
15000000.0,6085800.5
15000000.0,1619322.5
15000000.0,3851743.5
15000000.0,2121697.5
15000000.0,1076973.5
15000000.0,1060170.5
15000000.0,1586917.5
15000000.0,1056128.0
15000000.0,1583270.0
15000000.0,1057897.5
15000000.0,5199264.0
15000000.0,1616624.0
15000000.0,2628090.0
15000000.0,2170940.0
15000000.0,1061329.5
15000000.0,1053691.0
15000000.0,1603250.5
15000000.0,1072021.0
15000000.0,1598479.5
15000000.0,1060977.0
15000000.0,4489576.5
15000000.0,1616834.5
15000000.0,2655850.5
15000000.0,2174838.0
15000000.0,1056430.5
15000000.0,1057026.5
15000000.0,1583713.5
15000000.0,1067126.0
15000000.0,1600035.5
15000000.0,1066052.5
15000000.0,4534494.5
15000000.0,1610092.0
15000000.0,2611888.0
15000000.0,2155733.5
15000000.0,1052024.5
15000000.0,1052188.0
15000000.0,1579833.0
15000000.0,1061664.0
15000000.0,1587800.0
15000000.0,2271557.5
15000000.0,5054572.0
15000000.0,1615827.0
15000000.0,2650367.0
15000000.0,2161878.0
15000000.0,1052189.0
15000000.0,1059722.0
15000000.0,1581930.5
15000000.0,1054055.5
15000000.0,2105202.5
15000000.0,1048579.5
15000000.0,4580512.0
15000000.0,1612221.5
15000000.0,2625199.5
15000000.0,2160226.0
15000000.0,1057206.5
15000000.0,1051886.5
15000000.0,1574620.5
15000000.0,1052197.0
15000000.0,1579713.5
15000000.0,1052283.5
15000000.0,11389340.5
15000000.0,1606884.5
15000000.0,2628540.5
15000000.0,2162729.0
15000000.0,1056661.5
15000000.0,1057801.0
15000000.0,1583875.0
15000000.0,1056346.5
15000000.0,1577964.0
15000000.0,1060573.5
15000000.0,4605015.0
15000000.0,1618748.0
15000000.0,2615490.5
15000000.0,2163372.0
15000000.0,1066254.5
15000000.0,1056270.5
15000000.0,1584897.0
15000000.0,1051699.0
15000000.0,1599488.5
15000000.0,1056480.5
15000000.0,5090818.5
15000000.0,1613768.5
15000000.0,2642560.0
15000000.0,2163143.5
15000000.0,1059459.5
15000000.0,1063429.5
15000000.0,1620543.5
15000000.0,1076099.0
15000000.0,1626334.0
15000000.0,1072718.0
15000000.0,4580645.5
15000000.0,1607118.5
15000000.0,2643571.0
15000000.0,2174549.5
15000000.0,1059183.0
15000000.0,1058023.0
15000000.0,1594474.5
15000000.0,1060266.0
15000000.0,1584653.0
15000000.0,1051956.0
15000000.0,4535528.5
15000000.0,1600637.5
15000000.0,2616546.5
15000000.0,3603180.5
15000000.0,1576247.0
15000000.0,1088651.5
15000000.0,1589906.0
15000000.0,1062934.5
15000000.0,1599011.0
15000000.0,2492313.0
15000000.0,5685091.0
15000000.0,1618400.0
15000000.0,2646522.5
15000000.0,3570611.5
15000000.0,1061925.5
15000000.0,1067959.5
15000000.0,1599699.5
15000000.0,1073079.5
15000000.0,2954180.5
15000000.0,1068864.0
15000000.0,5665623.0
15000000.0,1628222.5
15000000.0,2623545.5
15000000.0,3514663.0
15000000.0,2421070.5
15000000.0,2469028.0
15000000.0,1597138.0
15000000.0,1071736.0
15000000.0,1599461.5
15000000.0,2415726.0
15000000.0,4611371.0
15000000.0,1624833.0
15000000.0,2630286.5
15000000.0,2186447.0
15000000.0,1089635.5
15000000.0,2415108.0
15000000.0,1586148.5
15000000.0,1064488.0
15000000.0,3053001.5
15000000.0,3097557.0
15000000.0,4609836.0
15000000.0,1617454.0
15000000.0,2632229.5
15000000.0,2220666.0
15000000.0,1067352.0
15000000.0,1057837.5
15000000.0,1586364.5
15000000.0,2442722.0
15000000.0,3994462.5
15000000.0,1071255.5
15000000.0,5682094.5
15000000.0,1629766.0
15000000.0,2636596.5
15000000.0,2183278.5
15000000.0,1072653.0
15000000.0,2413949.5
15000000.0,2108723.0
15000000.0,1067310.0
15000000.0,1586538.0
15000000.0,2405170.5
15000000.0,13849507.5
15000000.0,2955993.5
15000000.0,2641439.0
15000000.0,3529667.0
15000000.0,1059785.5
15000000.0,2402291.5
15000000.0,3455350.0
15000000.0,2415927.0
15000000.0,2943926.5
15000000.0,3021902.0
15000000.0,5459252.0
15000000.0,1629782.5
15000000.0,2685900.0
15000000.0,2176459.0
15000000.0,1092157.0
15000000.0,2963113.0
15000000.0,1593160.0
15000000.0,1062438.5
15000000.0,1604281.0
15000000.0,1073009.0
15000000.0,4620525.5
15000000.0,2969006.0
15000000.0,3967958.5
15000000.0,3580679.5
15000000.0,2456426.5
15000000.0,2494472.0
15000000.0,3072709.0
15000000.0,2457446.5
15000000.0,1602744.0
15000000.0,1066041.0
15000000.0,4619236.5
15000000.0,1627389.0
15000000.0,2637709.5
15000000.0,2181611.5
15000000.0,1070414.0
15000000.0,1068096.0
15000000.0,1608913.5
15000000.0,1073672.5
15000000.0,1602199.0
15000000.0,1069913.5
15000000.0,6179247.0
15000000.0,1624997.0
15000000.0,2644852.0
15000000.0,2193682.0
15000000.0,1068961.5
15000000.0,1072307.5
15000000.0,1610110.5
15000000.0,2461865.5
15000000.0,1608993.0
15000000.0,1067914.0
15000000.0,6509348.5
15000000.0,1630652.5
15000000.0,2635562.5
15000000.0,2208441.0
15000000.0,1065081.0
15000000.0,2445077.0
15000000.0,1592308.0
15000000.0,1065973.0
15000000.0,3007017.0
15000000.0,1069294.0
15000000.0,4615091.0
15000000.0,1647724.0
15000000.0,2629252.5
15000000.0,2182468.5
15000000.0,1060858.0
15000000.0,2301275.5
15000000.0,1599779.0
15000000.0,2276917.5
15000000.0,1599222.0
15000000.0,2301584.0
15000000.0,5139105.5
15000000.0,1618754.0
15000000.0,3145374.5
15000000.0,2683621.5
15000000.0,1066939.0
15000000.0,1059348.5
15000000.0,1067647.0
15000000.0,2440017.0
15000000.0,1590795.5
15000000.0,3139024.5
15000000.0,5162034.0
15000000.0,1064163.0
15000000.0,2633670.5
15000000.0,4012737.5
15000000.0,1063277.5
15000000.0,2519349.5
15000000.0,2411755.5
15000000.0,1116193.5
15000000.0,3974835.0
15000000.0,2387400.0
15000000.0,4995240.0
15000000.0,1065628.0
15000000.0,2626847.5
15000000.0,2171047.0
15000000.0,1065986.0
15000000.0,1061783.5
15000000.0,2396538.5
15000000.0,1062159.0
15000000.0,1590798.5
15000000.0,1063724.5
15000000.0,13103336.5
15000000.0,1645730.5
15000000.0,2635151.0
15000000.0,2192008.0
15000000.0,1118195.0
15000000.0,1077834.5
15000000.0,1639744.5
15000000.0,1075803.0
15000000.0,2936910.5
15000000.0,1065646.5
15000000.0,5152455.5
15000000.0,1626364.5
15000000.0,2636803.5
15000000.0,2189214.0
15000000.0,2455728.5
15000000.0,2466531.0
15000000.0,1589054.0
15000000.0,1068027.0
15000000.0,1599174.5
15000000.0,1099644.5
15000000.0,5141964.5
15000000.0,1609714.5
15000000.0,2620617.0
15000000.0,3093863.5
15000000.0,1062710.5
15000000.0,1066954.5
15000000.0,1597002.5
15000000.0,2419773.0
15000000.0,2907475.5
15000000.0,1057571.5
15000000.0,4559997.5
15000000.0,3006407.5
15000000.0,2626617.0
15000000.0,2180474.5
15000000.0,1067867.0
15000000.0,2431615.5
15000000.0,3511625.0
15000000.0,1070144.5
15000000.0,1582213.0
15000000.0,1077509.5
15000000.0,5676823.5
15000000.0,1628691.0
15000000.0,2650425.0
15000000.0,2200133.0
15000000.0,1070997.0
15000000.0,1070945.5
15000000.0,3504862.0
15000000.0,1068238.5
15000000.0,1595502.5
15000000.0,1113961.0
15000000.0,5256271.0
15000000.0,1627459.0
15000000.0,2629603.5
15000000.0,2198462.0
15000000.0,1063881.0
15000000.0,2401121.5
15000000.0,2958495.5
15000000.0,1060618.0
15000000.0,1590175.5
15000000.0,1070709.0
15000000.0,5065747.5
15000000.0,2824305.5
15000000.0,2633462.0
15000000.0,3579328.5
15000000.0,1065662.0
15000000.0,1064999.5
15000000.0,1622740.0
15000000.0,1101591.0
15000000.0,1598215.5
15000000.0,1066543.0
15000000.0,5463684.0
15000000.0,1629398.0
15000000.0,4306675.5
15000000.0,2175516.5
15000000.0,1070447.5
15000000.0,1062296.0
15000000.0,1592411.0
15000000.0,2406496.0
15000000.0,1593786.0
15000000.0,3106667.0
15000000.0,5446157.5
15000000.0,1678513.0
15000000.0,4018231.0
15000000.0,2200779.5
15000000.0,2407381.0
15000000.0,2470328.0
15000000.0,1655796.5
15000000.0,1070993.5
15000000.0,2630971.5
15000000.0,1063731.5
15000000.0,5157741.5
15000000.0,3045453.5
15000000.0,2628687.5
15000000.0,2174934.0
15000000.0,1068727.5
15000000.0,1071425.0
15000000.0,3011881.5
15000000.0,1093510.0
15000000.0,1595427.5
15000000.0,1065995.0
15000000.0,13430870.0
15000000.0,1617528.5
15000000.0,2641074.5
15000000.0,2182119.0
15000000.0,2457867.5
15000000.0,2406826.0
15000000.0,1599620.5
15000000.0,1072993.5
15000000.0,1603168.5
15000000.0,1066232.5
15000000.0,6017410.5
15000000.0,1635390.5
15000000.0,2633210.5
15000000.0,2969693.5
15000000.0,2468265.5
15000000.0,1067358.5
15000000.0,1597571.0
15000000.0,1066237.0
15000000.0,3025393.5
15000000.0,1065235.0
15000000.0,4598629.0
15000000.0,1648398.0
15000000.0,2624936.5
15000000.0,2181579.0
15000000.0,2970844.5
15000000.0,1068981.5
15000000.0,1604796.0
15000000.0,1076528.0
15000000.0,1595712.5
15000000.0,1069264.0
15000000.0,5496447.0
15000000.0,2132200.5
15000000.0,2622925.0
15000000.0,2172210.0
15000000.0,1066677.0
15000000.0,2508551.0
15000000.0,2940965.5
15000000.0,1084284.0
15000000.0,1606735.0
15000000.0,2997698.0
15000000.0,5431898.5
15000000.0,1630191.0
15000000.0,3530715.5
15000000.0,2176229.0
15000000.0,1074678.0
15000000.0,1069326.0
15000000.0,1598335.0
15000000.0,1903655.0
15000000.0,1607153.5
15000000.0,1899645.5
15000000.0,4666480.0
15000000.0,3243121.5
15000000.0,3473714.0
15000000.0,2981323.0
15000000.0,1068289.0
15000000.0,1066226.5
15000000.0,2943609.5
15000000.0,1076172.0
15000000.0,1622576.0
15000000.0,1070203.0
15000000.0,4608928.5
15000000.0,3142099.5
15000000.0,2630990.0
15000000.0,3041168.0
15000000.0,1067089.5
15000000.0,1068623.5
15000000.0,1599429.5
15000000.0,2460556.0
15000000.0,1656109.5
15000000.0,1081118.5
15000000.0,4919433.0
15000000.0,3066118.0
15000000.0,2076575.0
15000000.0,2186014.5
15000000.0,2426382.5
15000000.0,2910168.0
15000000.0,2134072.5
15000000.0,1097832.5
15000000.0,1601278.0
15000000.0,3704832.0
15000000.0,5141373.5
15000000.0,2968834.5
15000000.0,4000565.5
15000000.0,2184938.5
15000000.0,1071015.0
15000000.0,1072589.5
15000000.0,4076410.5
15000000.0,2386721.5
15000000.0,3030371.0
15000000.0,1065501.0
15000000.0,4617648.5
15000000.0,2968141.5
15000000.0,3977898.0
15000000.0,2185715.0
15000000.0,1065151.0
15000000.0,3571965.5
15000000.0,2634515.5
15000000.0,1068397.0
15000000.0,2408980.5
15000000.0,1075361.5
15000000.0,13037117.5
15000000.0,1637907.0
15000000.0,3976768.0
15000000.0,2218323.0
15000000.0,1069725.5
15000000.0,1072815.5
15000000.0,1598877.0
15000000.0,1075671.0
15000000.0,3017578.5
15000000.0,1066174.0
15000000.0,4127779.0
15000000.0,3506555.5
15000000.0,2123708.5
15000000.0,3024034.0
15000000.0,551754.0
15000000.0,1950434.5
15000000.0,1087762.5
15000000.0,561941.0
15000000.0,1603353.0
15000000.0,1986440.5
15000000.0,5176965.5
15000000.0,3466447.5
15000000.0,2623774.0
15000000.0,2983516.0
15000000.0,2435452.5
15000000.0,1074574.5
15000000.0,1604685.0
15000000.0,1070855.0
15000000.0,2452779.5
15000000.0,1914666.5
15000000.0,5551896.5
15000000.0,2127142.5
15000000.0,2629479.5
15000000.0,2208588.0
15000000.0,2964138.0
15000000.0,1893110.5
15000000.0,1601847.5
15000000.0,1098550.0
15000000.0,2985924.0
15000000.0,1068809.0
15000000.0,4982679.0
15000000.0,2153216.5
15000000.0,4048993.5
15000000.0,2692416.0
15000000.0,1067407.5
15000000.0,1069556.5
15000000.0,1594724.5
15000000.0,2998141.0
15000000.0,1592714.0
15000000.0,1072281.0
15000000.0,4720658.0
15000000.0,1630986.0
15000000.0,3471896.0
15000000.0,3518407.0
15000000.0,2479847.0
15000000.0,2999377.0
15000000.0,1597788.0
15000000.0,2538129.5
15000000.0,2948085.5
15000000.0,1070482.5
15000000.0,5683427.0
15000000.0,3072644.5
15000000.0,2634409.0
15000000.0,2203180.5
15000000.0,2307066.5
15000000.0,1068482.0
15000000.0,1598985.5
15000000.0,1067749.0
15000000.0,1605378.5
15000000.0,2934478.0
15000000.0,4625229.5
15000000.0,1627404.5
15000000.0,2634309.0
15000000.0,3595141.5
15000000.0,1063458.5
15000000.0,1063536.0
15000000.0,3038628.0
15000000.0,1073803.5
15000000.0,1603121.0
15000000.0,2564085.5
15000000.0,5473923.5
15000000.0,1624973.0
15000000.0,2634826.5
15000000.0,1603578.0
15000000.0,1065794.5
15000000.0,1064537.0
15000000.0,2986208.5
15000000.0,1066814.5
15000000.0,2617537.5
15000000.0,1070573.0
15000000.0,5966603.5
15000000.0,1618019.0
15000000.0,2634197.5
15000000.0,2967900.5
15000000.0,1065826.5
15000000.0,2420617.5
15000000.0,6002318.5
15000000.0,3282115.5
15000000.0,2965839.5
15000000.0,4324137.5
15000000.0,15000000.0
15000000.0,2131345.0
15000000.0,3173572.0
15000000.0,2473545.0
15000000.0,2122133.0
15000000.0,2452843.0
15000000.0,1595608.5
15000000.0,2456335.5
15000000.0,2194401.5
15000000.0,1080197.5
15000000.0,4091364.0
15000000.0,2186999.5
15000000.0,2179648.5
15000000.0,1077360.0
15000000.0,2109338.0
15000000.0,1066179.5
15000000.0,2971817.5
15000000.0,3038726.0
15000000.0,1596159.0
15000000.0,2494583.0
15000000.0,6393120.5
15000000.0,2148104.5
15000000.0,2628857.5
15000000.0,1065215.5
15000000.0,1593213.0
15000000.0,2459453.0
15000000.0,1094182.5
15000000.0,1580826.5
15000000.0,1605781.0
15000000.0,2476149.5
15000000.0,4087872.0
15000000.0,2161894.0
15000000.0,2639003.0
15000000.0,1068427.0
15000000.0,1654932.5
15000000.0,1660857.5
15000000.0,1597839.5
15000000.0,1077175.0
15000000.0,1588906.5
15000000.0,2419409.5
15000000.0,3844587.5
15000000.0,2144029.5
15000000.0,2650034.0
15000000.0,1068246.0
15000000.0,3470451.5
15000000.0,2424839.0
15000000.0,2987031.5
15000000.0,2403804.5
15000000.0,1593549.5
15000000.0,1062766.5
15000000.0,3272968.5
15000000.0,2146483.0
15000000.0,2651216.0
15000000.0,1062293.5
15000000.0,2187211.0
15000000.0,1065211.0
15000000.0,1592863.0
15000000.0,2416514.5
15000000.0,1591868.0
15000000.0,3357604.0
15000000.0,3237889.5
15000000.0,3003521.5
15000000.0,2644978.5
15000000.0,2470527.5
15000000.0,2170350.0
15000000.0,1067580.0
15000000.0,1597768.0
15000000.0,1059159.5
15000000.0,1596048.0
15000000.0,1062436.0
15000000.0,3231195.0
15000000.0,2984328.0
15000000.0,3155739.0
15000000.0,1061058.5
15000000.0,2174131.0
15000000.0,2406152.0
15000000.0,2438699.5
15000000.0,1921954.0
15000000.0,2478502.5
15000000.0,2280542.5
15000000.0,4620580.5
15000000.0,2150142.5
15000000.0,2633843.5
15000000.0,1069865.5
15000000.0,2176355.5
15000000.0,1066569.0
15000000.0,1601796.0
15000000.0,1062619.5
15000000.0,3159654.5
15000000.0,1066575.0
15000000.0,4610782.5
15000000.0,3529047.0
15000000.0,3975545.0
15000000.0,1068715.0
15000000.0,2185438.0
15000000.0,1070747.0
15000000.0,1596282.5
15000000.0,2433964.0
15000000.0,1602345.0
15000000.0,2441814.0
15000000.0,11967766.0
15000000.0,2165020.0
15000000.0,3155295.0
15000000.0,2450774.5
15000000.0,2214408.5
15000000.0,2445264.5
15000000.0,2122924.0
15000000.0,1068612.5
15000000.0,1599116.0
15000000.0,1069973.5
15000000.0,5014388.5
15000000.0,2149737.0
15000000.0,2636781.0
15000000.0,1065473.5
15000000.0,2199066.5
15000000.0,1068209.0
15000000.0,1598603.0
15000000.0,1070621.0
15000000.0,1599937.0
15000000.0,1059495.5
15000000.0,4543139.5
15000000.0,2127914.5
15000000.0,2621079.0
15000000.0,1058541.0
15000000.0,2167932.5
15000000.0,1070821.5
15000000.0,1604270.0
15000000.0,1060286.0
15000000.0,1591086.0
15000000.0,1089096.0
15000000.0,3996708.0
15000000.0,2161721.5
15000000.0,2622969.5
15000000.0,1055936.0
15000000.0,2180300.0
15000000.0,1056669.0
15000000.0,1584967.0
15000000.0,1058915.0
15000000.0,1589961.5
15000000.0,1052847.5
15000000.0,4005750.5
15000000.0,2155722.5
15000000.0,2615091.5
15000000.0,1054849.5
15000000.0,2168299.5
15000000.0,1076111.5
