0	78000
100681	109000
70019	74240
54671	95513
25938	31328
14052	30000
49856	68773
86399	98038
97208	99462
19649	90062
0	90062
0	90062
42792	65268
49464	37658
33387	65340
69587	69414
101099	108545
66858	91574
35764	37231
2252	30000
1310	30000
338	30000
2167	30000
4031	30000
16606	30000
38400	48780
53616	48780
51455	48780
50520	48387
3049	38709
0	38709
0	38709
0	38709
0	38709
0	38709
0	38709
0	38709
0	38709
0	38709
0	38709
0	38709
0	38709
0	38709
0	38709
0	38709
0	38709
0	38709
0	38709
0	38709
0	38709
0	38709
0	38709
0	38709
0	38709
0	38709
0	38709
0	38709
0	38709
0	38709
0	38709
0	38709
0	38709
0	38709
0	38709
0	38709
0	38709
0	38709
0	38709
0	38709
0	38709
0	38709
0	38709
31446	46389
41067	38095
234	30000
2776	30000
1608	30000
659	30000
22	30000
57367	114000
103103	133000
36225	68096
0	68096
0	68096
0	68096
0	68096
0	68096
0	68096
0	68096
0	68096
0	68096
0	68096
0	68096
0	68096
0	68096
28431	54476
45895	100246
2044	30000
2922	30000
1842	30000
12253	42000
67024	113712
99889	109969
109762	121969
83581	85740
6581	68592
0	68592
0	68592
0	68592
0	68592
0	68592
0	68592
0	68592
0	68592
0	68592
0	68592
0	68592
0	68592
0	68592
0	68592
0	68592
0	68592
0	68592
0	68592
0	68592
0	68592
0	68592
0	68592
0	68592
0	68592
0	68592
0	68592
43111	54873
21976	30000
1330	30000
151	30000
229	30000
1556	30000
841	30000
2613	30000
58309	114000
105768	110200
94619	107360
40194	65510
21158	30000
46545	93989
15740	34729
1015	30000
230	30000
2278	30000
13002	30000
36419	47619
48786	47619
48558	47619
67142	64072
69931	65170
59125	52728
53044	53203
53139	53203
20216	53202
0	53202
0	53202
0	53202
0	53202
0	53202
0	53202
0	53202
0	53202
0	53202
0	53202
0	53202
0	53202
0	53202
0	53202
0	53202
0	53202
0	53202
0	53202
0	53202
0	53202
0	53202
0	53202
0	53202
0	53202
0	53202
0	53202
0	53202
0	53202
0	53202
0	53202
0	53202
0	53202
50742	53201
17281	30000
2866	30000
587	30000
783	30000
57538	114000
109714	133000
54259	54476
72369	73264
1343	37510
1171	30000
1132	30000
1583	30000
17212	30000
40366	47619
49242	47619
50674	47619
51363	47619
47560	47619
54169	48989
56481	66671
55898	52275
18433	30000
38737	47619
25516	38156
11369	30000
35129	37082
46672	47619
48228	47619
46893	47619
34239	38095
0	38095
0	38095
0	38095
0	38095
0	38095
0	38095
0	38095
0	38095
0	38095
0	38095
0	38095
0	38095
0	38095
0	38095
0	38095
0	38095
0	38095
0	38095
0	38095
0	38095
0	38095
0	38095
0	38095
0	38095
0	38095
0	38095
0	38095
0	38095
0	38095
41136	47618
41765	37603
1584	30000
1266	30000
321	30000
516	30000
14	30000
226	30000
1254	30000
262	30000
2102	30000
30270	36519
43973	47619
49257	47619
52800	47619
47684	47619
36656	38095
45931	47619
37045	30476
32172	36519
43980	47619
49648	47619
56299	57217
87541	93572
39597	47908
43475	35185
736	30000
1317	30000
16554	30000
39395	47619
47994	47619
48904	47619
47446	47619
48368	47619
10193	38095
0	38095
0	38095
0	38095
0	38095
0	38095
0	38095
0	38095
0	38095
0	38095
0	38095
0	38095
0	38095
0	38095
