0	50000
50013	50000
50015	50000
50026	50000
48211	50000
50001	50000
49900	50000
38278	50000
50109	50000
38898	50000
50184	50000
50024	50000
53009	50000
45464	50000
14925	50000
0	50000
22449	50000
45131	50000
49649	50000
50407	50000
49988	50000
48745	50000
28247	50000
0	50000
0	50000
0	50000
0	50000
0	50000
0	50000
0	50000
0	50000
0	50000
0	50000
0	50000
0	50000
0	50000
0	50000
0	50000
0	50000
0	50000
0	50000
0	50000
0	50000
0	50000
0	50000
0	50000
0	50000
0	50000
0	50000
0	50000
0	50000
0	50000
0	50000
0	50000
0	50000
0	50000
0	50000
0	50000
0	50000
0	50000
0	50000
14953	50000
49396	50000
26266	50000
49606	50000
50008	50000
50036	50000
49998	50000
50346	50000
49958	50000
48757	50000
50392	50000
49995	50000
52000	50000
46392	50000
46248	50000
50023	50000
50427	50000
49611	50000
50411	50000
52534	50000
46369	50000
38693	50000
0	50000
0	50000
0	50000
0	50000
0	50000
0	50000
0	50000
0	50000
0	50000
0	50000
0	50000
0	50000
0	50000
0	50000
0	50000
0	50000
0	50000
0	50000
0	50000
0	50000
0	50000
0	50000
0	50000
0	50000
0	50000
0	50000
0	50000
0	50000
0	50000
0	50000
0	50000
0	50000
0	50000
0	50000
0	50000
0	50000
0	50000
0	50000
14242	50000
46669	50000
45182	50000
49589	50000
50006	50000
50401	50000
49994	50000
50374	50000
49502	50000
48287	50000
50444	50000
50037	50000
39772	50000
49981	50000
46503	50000
50414	50000
49915	50000
49992	50000
50006	50000
49252	50000
38169	50000
0	50000
0	50000
0	50000
0	50000
0	50000
0	50000
0	50000
0	50000
0	50000
0	50000
0	50000
0	50000
0	50000
0	50000
0	50000
0	50000
0	50000
0	50000
0	50000
0	50000
0	50000
0	50000
0	50000
0	50000
0	50000
0	50000
0	50000
0	50000
0	50000
0	50000
0	50000
0	50000
0	50000
0	50000
0	50000
0	50000
0	50000
0	50000
0	50000
14879	50000
44769	50000
39092	50000
49958	50000
50395	50000
49696	50000
50426	50000
50001	50000
50414	50000
49042	50000
50404	50000
37247	50000
49578	50000
49589	50000
49987	50000
49633	50000
50378	50000
49997	50000
49465	50000
49987	50000
49435	50000
1243	50000
0	50000
0	50000
0	50000
0	50000
0	50000
0	50000
0	50000
0	50000
0	50000
0	50000
0	50000
0	50000
0	50000
0	50000
0	50000
0	50000
0	50000
0	50000
0	50000
0	50000
0	50000
0	50000
0	50000
0	50000
0	50000
0	50000
0	50000
0	50000
0	50000
0	50000
0	50000
0	50000
0	50000
0	50000
0	50000
0	50000
0	50000
0	50000
21274	50000
42670	50000
47440	50000
49959	50000
50197	50000
49841	50000
50013	50000
49901	50000
50000	50000
37849	50000
47630	50000
49302	50000
50398	50000
50027	50000
49164	50000
48603	50000
1239	50000
0	50000
0	50000
0	50000
0	50000
0	50000
0	50000
0	50000
0	50000
0	50000
0	50000
0	50000
0	50000
0	50000
0	50000
0	50000
0	50000
0	50000
0	50000
0	50000
0	50000
0	50000
0	50000
0	50000
0	50000
0	50000
0	50000
0	50000
0	50000
0	50000
0	50000
0	50000
0	50000
0	50000
0	50000
0	50000
0	50000
0	50000
0	50000
0	50000
0	50000
0	50000
0	50000
