0	50000
50054	50000
50343	50000
49930	50000
49683	50000
50334	50000
50958	50000
48450	50000
49908	50000
26762	50000
48257	50000
25367	50000
49824	50000
50638	50000
49285	50000
49964	50000
49854	50000
2374	50000
0	50000
0	50000
41237	50000
34087	50000
49865	50000
50243	50000
47935	50000
50201	50000
6815	50000
0	50000
0	50000
0	50000
0	50000
0	50000
0	50000
0	50000
0	50000
0	50000
0	50000
0	50000
0	50000
0	50000
0	50000
0	50000
0	50000
0	50000
0	50000
0	50000
0	50000
0	50000
0	50000
0	50000
0	50000
0	50000
0	50000
0	50000
0	50000
0	50000
0	50000
0	50000
0	50000
0	50000
0	50000
0	50000
0	50000
37948	50000
43773	50000
45412	50000
49817	50000
50247	50000
49713	50000
50218	50000
50188	50000
49270	50000
49545	50000
49843	50000
22271	50000
0	50000
34558	50000
39581	50000
29670	50000
49839	50000
49839	50000
49808	50000
49795	50000
50104	50000
49359	50000
49843	50000
26971	50000
0	50000
0	50000
0	50000
0	50000
0	50000
0	50000
0	50000
0	50000
0	50000
0	50000
0	50000
0	50000
0	50000
0	50000
0	50000
0	50000
0	50000
0	50000
0	50000
0	50000
0	50000
0	50000
0	50000
0	50000
0	50000
0	50000
0	50000
0	50000
0	50000
0	50000
0	50000
0	50000
0	50000
0	50000
0	50000
0	50000
35531	50000
49898	50000
13008	50000
50320	50000
49899	50000
49478	50000
49119	50000
49910	50000
49931	50000
14934	50000
0	50000
0	50000
33248	50000
49844	50000
31798	50000
49810	50000
49845	50000
50053	50000
49733	50000
49684	50000
48928	50000
48843	50000
1694	50000
0	50000
0	50000
0	50000
0	50000
0	50000
0	50000
0	50000
0	50000
0	50000
0	50000
0	50000
0	50000
0	50000
0	50000
0	50000
0	50000
0	50000
0	50000
0	50000
0	50000
0	50000
0	50000
0	50000
0	50000
0	50000
0	50000
0	50000
0	50000
0	50000
0	50000
0	50000
0	50000
0	50000
0	50000
0	50000
0	50000
0	50000
19153	50000
48551	50000
43132	50000
49437	50000
50225	50000
49820	50000
49794	50000
49303	50000
27162	50000
0	50000
0	50000
38829	50000
49844	50000
38730	50000
49854	50000
49836	50000
49804	50000
50190	50000
49807	50000
49758	50000
47673	50000
49880	50000
14430	50000
0	50000
0	50000
0	50000
0	50000
0	50000
0	50000
0	50000
0	50000
0	50000
0	50000
0	50000
0	50000
0	50000
0	50000
0	50000
0	50000
0	50000
0	50000
0	50000
0	50000
0	50000
0	50000
0	50000
0	50000
0	50000
0	50000
0	50000
0	50000
0	50000
0	50000
0	50000
0	50000
0	50000
0	50000
0	50000
0	50000
0	50000
35096	50000
34127	50000
43212	50000
50144	50000
49784	50000
49767	50000
49313	50000
49800	50000
48680	50000
41623	50000
46975	50000
49878	50000
49929	50000
49876	50000
9661	50000
0	50000
0	50000
0	50000
0	50000
0	50000
0	50000
0	50000
0	50000
0	50000
0	50000
0	50000
0	50000
0	50000
0	50000
0	50000
0	50000
0	50000
0	50000
0	50000
0	50000
0	50000
0	50000
0	50000
0	50000
0	50000
0	50000
0	50000
0	50000
0	50000
0	50000
0	50000
0	50000
0	50000
0	50000
0	50000
0	50000
0	50000
0	50000
0	50000
0	50000
0	50000
0	50000
