38375424	268435456
136605696	268435456
42655744	268435456
38313984	268435456
36802560	268435456
36933632	268435456
36917248	268435456
37048320	268435456
37048320	268435456
37048320	268435456
36941824	268435456
36896768	268435456
36855808	268435456
36855808	268435456
36855808	268435456
36855808	268435456
36855808	268435456
36855808	268435456
36855808	268435456
108769280	268435456
40034304	268435456
39862272	268435456
39870464	268435456
39870464	268435456
39809024	268435456
39690240	268435456
39821312	268435456
39723008	268435456
39964672	268435456
39727104	268435456
39727104	268435456
39727104	268435456
39727104	268435456
39727104	268435456
41037824	268435456
39878656	268435456
39878656	268435456
39878656	268435456
39878656	268435456
39747584	268435456
39747584	268435456
39747584	268435456
39747584	268435456
39747584	268435456
39747584	268435456
39747584	268435456
39747584	268435456
39747584	268435456
39747584	268435456
39747584	268435456
39747584	268435456
39817216	268435456
39768064	268435456
39768064	268435456
39768064	268435456
39768064	268435456
39899136	268435456
39772160	268435456
39772160	268435456
39772160	268435456
39772160	268435456
39755776	268435456
39755776	268435456
39755776	268435456
39755776	268435456
39755776	268435456
39755776	268435456
39755776	268435456
39755776	268435456
39755776	268435456
39755776	268435456
39755776	268435456
