25210880	268435456
41164800	268435456
139796480	268435456
42057728	268435456
148086784	268435456
39907328	268435456
40042496	268435456
40042496	268435456
40079360	268435456
40263680	268435456
38113280	268435456
37871616	268435456
37871616	268435456
37904384	268435456
141697024	268435456
41345024	268435456
41201664	268435456
38891520	268435456
38846464	268435456
38993920	268435456
39026688	268435456
39026688	268435456
38973440	268435456
38973440	268435456
38973440	268435456
40947712	268435456
150319104	268435456
42106880	268435456
44457984	268435456
41877504	268435456
42156032	268435456
42037248	268435456
42037248	268435456
39800832	268435456
39624704	268435456
39624704	268435456
39739392	268435456
39694336	268435456
140222464	268435456
45232128	268435456
40370176	268435456
40337408	268435456
40337408	268435456
40321024	268435456
40353792	268435456
68472832	268435456
43302912	268435456
43302912	268435456
43302912	268435456
43302912	268435456
43286528	268435456
43286528	268435456
43307008	268435456
43307008	268435456
43307008	268435456
43339776	268435456
43323392	268435456
43323392	268435456
43323392	268435456
43323392	268435456
43491328	268435456
43458560	268435456
43393024	268435456
48635904	268435456
43470848	268435456
43470848	268435456
43470848	268435456
43458560	268435456
41099264	268435456
41078784	268435456
41078784	268435456
41078784	268435456
144662528	268435456
44646400	268435456
41734144	268435456
41611264	268435456
41574400	268435456
41558016	268435456
41558016	268435456
41525248	268435456
41525248	268435456
41525248	268435456
41525248	268435456
152477696	268435456
44081152	268435456
44081152	268435456
44081152	268435456
44081152	268435456
44064768	268435456
44064768	268435456
44064768	268435456
44064768	268435456
44064768	268435456
44064768	268435456
44064768	268435456
44064768	268435456
44457984	268435456
44109824	268435456
44109824	268435456
44109824	268435456
44109824	268435456
44109824	268435456
44109824	268435456
44109824	268435456
44109824	268435456
44109824	268435456
41807872	268435456
41807872	268435456
41738240	268435456
41738240	268435456
41738240	268435456
41738240	268435456
142508032	268435456
142413824	268435456
42934272	268435456
42848256	268435456
42815488	268435456
42635264	268435456
42635264	268435456
42635264	268435456
121618432	268435456
45629440	268435456
45568000	268435456
45568000	268435456
45568000	268435456
45551616	268435456
45551616	268435456
45551616	268435456
45568000	268435456
45568000	268435456
45568000	268435456
45568000	268435456
45568000	268435456
45551616	268435456
45551616	268435456
45551616	268435456
45551616	268435456
45551616	268435456
45551616	268435456
45580288	268435456
45580288	268435456
45580288	268435456
45580288	268435456
45580288	268435456
45563904	268435456
45563904	268435456
45563904	268435456
45563904	268435456
45563904	268435456
45563904	268435456
45563904	268435456
45592576	268435456
46100480	268435456
132427776	268435456
143441920	268435456
43556864	268435456
43491328	268435456
43491328	268435456
43491328	268435456
43491328	268435456
43491328	268435456
43491328	268435456
43491328	268435456
73961472	268435456
49184768	268435456
46288896	268435456
46108672	268435456
46014464	268435456
45998080	268435456
48750592	268435456
46026752	268435456
46026752	268435456
43876352	268435456
43663360	268435456
43646976	268435456
44224512	268435456
147271680	268435456
46505984	268435456
43855872	268435456
43855872	268435456
43855872	268435456
43839488	268435456
49332224	268435456
46821376	268435456
46632960	268435456
46632960	268435456
46632960	268435456
46829568	268435456
46632960	268435456
46632960	268435456
46632960	268435456
46632960	268435456
46747648	268435456
147550208	268435456
47472640	268435456
44412928	268435456
44404736	268435456
44388352	268435456
44388352	268435456
44388352	268435456
44388352	268435456
44388352	268435456
44388352	268435456
44388352	268435456
46141440	268435456
42487808	268435456
39604224	268435456
39489536	268435456
42242048	268435456
39501824	268435456
39501824	268435456
39501824	268435456
40140800	268435456
37273600	268435456
37150720	268435456
37134336	268435456
37134336	268435456
140947456	268435456
40341504	268435456
148541440	268435456
40259584	268435456
40034304	268435456
39964672	268435456
141271040	268435456
41426944	268435456
38543360	268435456
38326272	268435456
38182912	268435456
38182912	268435456
40329216	268435456
43515904	268435456
40775680	268435456
40775680	268435456
40726528	268435456
133439488	268435456
138678272	268435456
41185280	268435456
41459712	268435456
41406464	268435456
41414656	268435456
39034880	268435456
41148416	268435456
41410560	268435456
142434304	268435456
42078208	268435456
39149568	268435456
39149568	268435456
39149568	268435456
40853504	268435456
42074112	268435456
42074112	268435456
42053632	268435456
44552192	268435456
42012672	268435456
41889792	268435456
41889792	268435456
42119168	268435456
41914368	268435456
41914368	268435456
41914368	268435456
41914368	268435456
41930752	268435456
41930752	268435456
41930752	268435456
41930752	268435456
41930752	268435456
41914368	268435456
41914368	268435456
41914368	268435456
42463232	268435456
39804928	268435456
39804928	268435456
39677952	268435456
39677952	268435456
39661568	268435456
39661568	268435456
39661568	268435456
143335424	268435456
43393024	268435456
42557440	268435456
42491904	268435456
42491904	268435456
42475520	268435456
42475520	268435456
42606592	268435456
42901504	268435456
42532864	268435456
42565632	268435456
42565632	268435456
42565632	268435456
42565632	268435456
40210432	268435456
40198144	268435456
40198144	268435456
40198144	268435456
40181760	268435456
40181760	268435456
40738816	268435456
42438656	268435456
143720448	268435456
42917888	268435456
40534016	268435456
40407040	268435456
40407040	268435456
40390656	268435456
44273664	268435456
45723648	268435456
42954752	268435456
42954752	268435456
42954752	268435456
42938368	268435456
42938368	268435456
42958848	268435456
42958848	268435456
42958848	268435456
42958848	268435456
144019456	268435456
45518848	268435456
40624128	268435456
40542208	268435456
40542208	268435456
40542208	268435456
40787968	268435456
45703168	268435456
43077632	268435456
43008000	268435456
43008000	268435456
43008000	268435456
42991616	268435456
42991616	268435456
45875200	268435456
43012096	268435456
43012096	268435456
42971136	268435456
40611840	268435456
40595456	268435456
40857600	268435456
144097280	268435456
43360256	268435456
41013248	268435456
40886272	268435456
40886272	268435456
40869888	268435456
40783872	268435456
41046016	268435456
151805952	268435456
43462656	268435456
43331584	268435456
43331584	268435456
43331584	268435456
43315200	268435456
43315200	268435456
43315200	268435456
43315200	268435456
43315200	268435456
43315200	268435456
43315200	268435456
43315200	268435456
43315200	268435456
43315200	268435456
43315200	268435456
43442176	268435456
43442176	268435456
41394176	268435456
141242368	268435456
44068864	268435456
42512384	268435456
46563328	268435456
43642880	268435456
43474944	268435456
43470848	268435456
43442176	268435456
43384832	268435456
43384832	268435456
43384832	268435456
43384832	268435456
43384832	268435456
43384832	268435456
43384832	268435456
43544576	268435456
41357312	268435456
41553920	268435456
42340352	268435456
42840064	268435456
144490496	268435456
43614208	268435456
41201664	268435456
41062400	268435456
41062400	268435456
137146368	268435456
43716608	268435456
43716608	268435456
43716608	268435456
43716608	268435456
43700224	268435456
43724800	268435456
43716608	268435456
43716608	268435456
43716608	268435456
43716608	268435456
43700224	268435456
43700224	268435456
43700224	268435456
43700224	268435456
43700224	268435456
43700224	268435456
46321664	268435456
43716608	268435456
43716608	268435456
43716608	268435456
41365504	268435456
41488384	268435456
144998400	268435456
42053632	268435456
152559616	268435456
44003328	268435456
44003328	268435456
43986944	268435456
43986944	268435456
43986944	268435456
43986944	268435456
43986944	268435456
43986944	268435456
43986944	268435456
43986944	268435456
43986944	268435456
44118016	268435456
44118016	268435456
44122112	268435456
44122112	268435456
44007424	268435456
43991040	268435456
43991040	268435456
43991040	268435456
43991040	268435456
43991040	268435456
43991040	268435456
43991040	268435456
43991040	268435456
43991040	268435456
43991040	268435456
44011520	268435456
145051648	268435456
46907392	268435456
41844736	268435456
41783296	268435456
41766912	268435456
41766912	268435456
41766912	268435456
41766912	268435456
41766912	268435456
41766912	268435456
41766912	268435456
41766912	268435456
41766912	268435456
44388352	268435456
43687936	268435456
152768512	268435456
44339200	268435456
44339200	268435456
44339200	268435456
44339200	268435456
44322816	268435456
44322816	268435456
44322816	268435456
44322816	268435456
44322816	268435456
44322816	268435456
44322816	268435456
44322816	268435456
44400640	268435456
44347392	268435456
44347392	268435456
44347392	268435456
44347392	268435456
44331008	268435456
44462080	268435456
44347392	268435456
44437504	268435456
44351488	268435456
44384256	268435456
44384256	268435456
44384256	268435456
44355584	268435456
44355584	268435456
44355584	268435456
44339200	268435456
42684416	268435456
145518592	268435456
47108096	268435456
42311680	268435456
42311680	268435456
42135552	268435456
42135552	268435456
42135552	268435456
42135552	268435456
42110976	268435456
42110976	268435456
153395200	268435456
44888064	268435456
44666880	268435456
44666880	268435456
44507136	268435456
44605440	268435456
44605440	268435456
44490752	268435456
44490752	268435456
44490752	268435456
44486656	268435456
44486656	268435456
44486656	268435456
44486656	268435456
44486656	268435456
44486656	268435456
44486656	268435456
44486656	268435456
44486656	268435456
44486656	268435456
44752896	268435456
44752896	268435456
44568576	268435456
44945408	268435456
42307584	268435456
42422272	268435456
42188800	268435456
42188800	268435456
42188800	268435456
42188800	268435456
42188800	268435456
42975232	268435456
145825792	268435456
45338624	268435456
43208704	268435456
153804800	268435456
45404160	268435456
45289472	268435456
45289472	268435456
45166592	268435456
45121536	268435456
45121536	268435456
45121536	268435456
45121536	268435456
45121536	268435456
45121536	268435456
45121536	268435456
47742976	268435456
45375488	268435456
45260800	268435456
45137920	268435456
45137920	268435456
45121536	268435456
45142016	268435456
45142016	268435456
45142016	268435456
45142016	268435456
45142016	268435456
45142016	268435456
45142016	268435456
45142016	268435456
45252608	268435456
45654016	268435456
42885120	268435456
42762240	268435456
42762240	268435456
42762240	268435456
42762240	268435456
42762240	268435456
42762240	268435456
44367872	268435456
146157568	268435456
43143168	268435456
43008000	268435456
42909696	268435456
42909696	268435456
42893312	268435456
42893312	268435456
42893312	268435456
43098112	268435456
153747456	268435456
45502464	268435456
45330432	268435456
45330432	268435456
45330432	268435456
45314048	268435456
45314048	268435456
45314048	268435456
45314048	268435456
45314048	268435456
45314048	268435456
45314048	268435456
45314048	268435456
45314048	268435456
43171840	268435456
43085824	268435456
42971136	268435456
42971136	268435456
42971136	268435456
42954752	268435456
42954752	268435456
42954752	268435456
42954752	268435456
146472960	268435456
45887488	268435456
45740032	268435456
43212800	268435456
43171840	268435456
121696256	268435456
45961216	268435456
45899776	268435456
45539328	268435456
45518848	268435456
45502464	268435456
45502464	268435456
45502464	268435456
45502464	268435456
45502464	268435456
45502464	268435456
45502464	268435456
45502464	268435456
45502464	268435456
45502464	268435456
45502464	268435456
45502464	268435456
45518848	268435456
45518848	268435456
45518848	268435456
45518848	268435456
45518848	268435456
45502464	268435456
45633536	268435456
43053056	268435456
43053056	268435456
43053056	268435456
43053056	268435456
43036672	268435456
43036672	268435456
43036672	268435456
43036672	268435456
43036672	268435456
43036672	268435456
43036672	268435456
43036672	268435456
45027328	268435456
146407424	268435456
45461504	268435456
154091520	268435456
45592576	268435456
45563904	268435456
45547520	268435456
45547520	268435456
45547520	268435456
45494272	268435456
45494272	268435456
45494272	268435456
45494272	268435456
45494272	268435456
45514752	268435456
45514752	268435456
43266048	268435456
43167744	268435456
43167744	268435456
43151360	268435456
43151360	268435456
43151360	268435456
43151360	268435456
43151360	268435456
43151360	268435456
43151360	268435456
43151360	268435456
43151360	268435456
43151360	268435456
43151360	268435456
146718720	268435456
43433984	268435456
154476544	268435456
46202880	268435456
45912064	268435456
45830144	268435456
45772800	268435456
45772800	268435456
45772800	268435456
45772800	268435456
45772800	268435456
45772800	268435456
45772800	268435456
45789184	268435456
45789184	268435456
45789184	268435456
45789184	268435456
45789184	268435456
45772800	268435456
45772800	268435456
45772800	268435456
45772800	268435456
45772800	268435456
45772800	268435456
45772800	268435456
45772800	268435456
45772800	268435456
45772800	268435456
45772800	268435456
45772800	268435456
45772800	268435456
46006272	268435456
45793280	268435456
45793280	268435456
45793280	268435456
45793280	268435456
45776896	268435456
45797376	268435456
45907968	268435456
45907968	268435456
45801472	268435456
45801472	268435456
45801472	268435456
45801472	268435456
45801472	268435456
45801472	268435456
