104697.0	102520.0
60325.0	58331.0
38039.0	133331.0
42968.0	83010.0
2777.0	42500.0
587.0	30000.0
399.0	30000.0
2118.0	30000.0
1579.0	30000.0
753.0	30000.0
62567.0	107520.0
100037.0	102520.0
112063.0	222520.0
99430.0	110719.0
55979.0	84575.0
2628.0	51200.0
26092.0	100960.0
60760.0	115080.0
1588.0	47136.0
1020.0	30000.0
855.0	30000.0
8.0	30000.0
1821.0	30000.0
936.0	30000.0
1150.0	30000.0
1060.0	30000.0
343.0	30000.0
349.0	30000.0
79045.0	98304.0
113021.0	281314.0
35534.0	58995.0
17059.0	97756.0
82823.0	91014.0
10266.0	30000.0
1568.0	30000.0
143.0	30000.0
2342.0	30000.0
978.0	30000.0
513.0	30000.0
62325.0	107520.0
100227.0	102520.0
99751.0	102520.0
107191.0	115719.0
61897.0	70860.0
7521.0	51200.0
67009.0	232960.0
14650.0	76336.0
1072.0	31266.0
2116.0	30000.0
59.0	30000.0
1597.0	30000.0
238.0	30000.0
202.0	30000.0
492.0	30000.0
611.0	30000.0
31209.0	120000.0
99767.0	110000.0
101150.0	204799.0
57503.0	83884.0
62304.0	233685.0
34753.0	96233.0
3344.0	39416.0
120.0	30000.0
302.0	30000.0
1425.0	30000.0
941.0	30000.0
6762.0	30000.0
96480.0	107520.0
100161.0	102520.0
107986.0	180812.0
62609.0	88575.0
1581.0	100000.0
733.0	51200.0
55295.0	176768.0
20381.0	46337.0
1863.0	30000.0
9.0	30000.0
272.0	30000.0
13.0	30000.0
1056.0	30000.0
1287.0	30000.0
790.0	30000.0
1558.0	30000.0
51.0	30000.0
52505.0	120000.0
99820.0	110000.0
100228.0	276000.0
50122.0	57880.0
31080.0	108973.0
43301.0	69210.0
1482.0	35435.0
469.0	30000.0
177.0	30000.0
1355.0	30000.0
558.0	30000.0
685.0	30000.0
447.0	30000.0
64608.0	107520.0
100196.0	102520.0
99752.0	102520.0
100784.0	162520.0
99797.0	108929.0
5361.0	87143.0
2131.0	80000.0
33415.0	124000.0
44893.0	99942.0
1220.0	40935.0
650.0	30000.0
1003.0	30000.0
185.0	30000.0
38.0	30000.0
1221.0	30000.0
1602.0	30000.0
1528.0	30000.0
32679.0	210000.0
99764.0	107520.0
100221.0	102520.0
84440.0	129289.0
111145.0	163431.0
89647.0	88873.0
10141.0	36401.0
72776.0	164556.0
3372.0	84252.0
886.0	43136.0
395.0	30000.0
193.0	30000.0
1751.0	30000.0
1055.0	30000.0
46763.0	120000.0
102224.0	110000.0
92909.0	95027.0
62548.0	224000.0
16096.0	73400.0
1063.0	30064.0
1392.0	30000.0
232.0	30000.0
760.0	30000.0
3052.0	30000.0
1194.0	30000.0
74491.0	107520.0
100164.0	102520.0
99550.0	104012.0
108985.0	145413.0
17821.0	74451.0
