28404.0	210000.0
108185.0	107520.0
76689.0	117767.0
79162.0	104598.0
191.0	34273.0
25.0	30000.0
3612.0	30000.0
328.0	30000.0
89320.0	107520.0
113136.0	184012.0
13260.0	117767.0
67745.0	280000.0
22208.0	73400.0
339.0	30000.0
2252.0	30000.0
4993.0	46080.0
7283.0	90000.0
99352.0	107520.0
99826.0	102520.0
114235.0	144649.0
90065.0	88575.0
1972.0	130860.0
20466.0	64000.0
67538.0	51169.0
1929.0	30000.0
1552.0	30000.0
6939.0	30000.0
92593.0	107520.0
99758.0	102520.0
117567.0	144649.0
97726.0	110719.0
61318.0	106790.0
8224.0	80000.0
94616.0	99942.0
1808.0	30000.0
768.0	30000.0
328.0	30000.0
533.0	30000.0
11.0	30000.0
187.0	30000.0
1005.0	30000.0
1760.0	30000.0
1799.0	30000.0
365.0	30000.0
31.0	30000.0
6941.0	90000.0
98529.0	124494.0
98960.0	112432.0
79408.0	98280.0
99420.0	113983.0
51403.0	87186.0
56841.0	249748.0
39595.0	33519.0
50801.0	134400.0
99809.0	102520.0
109086.0	115719.0
17670.0	40960.0
58529.0	72403.0
1701.0	30000.0
1257.0	30000.0
392.0	30000.0
23.0	30000.0
1842.0	30000.0
971.0	30000.0
869.0	30000.0
56570.0	134400.0
99767.0	102520.0
106448.0	102520.0
91854.0	74060.0
2224.0	47398.0
29251.0	124481.0
86384.0	79816.0
708.0	30000.0
4957.0	30000.0
72850.0	107520.0
100249.0	102520.0
109716.0	173929.0
104911.0	115392.0
6884.0	115392.0
73193.0	260000.0
28225.0	54524.0
1454.0	30000.0
742.0	30000.0
1492.0	30000.0
116.0	30000.0
287.0	30000.0
1351.0	30000.0
1276.0	30000.0
1323.0	30000.0
695.0	30000.0
36747.0	168000.0
79401.0	107520.0
99735.0	102520.0
109009.0	144649.0
75103.0	70860.0
66219.0	151480.0
27563.0	30000.0
1289.0	30000.0
60257.0	107520.0
100155.0	102520.0
113434.0	282520.0
54845.0	115719.0
