63686.0	86348.0
25879.0	42330.0
778.0	30000.0
2813.0	30000.0
3142.0	30000.0
404.0	30000.0
9368.0	30000.0
80490.0	114000.0
103354.0	116000.0
185.0	92800.0
52150.0	107392.0
26126.0	76410.0
223.0	39121.0
3338.0	33600.0
71706.0	117600.0
113008.0	118880.0
87229.0	104883.0
6824.0	53699.0
4375.0	42000.0
4374.0	30000.0
79590.0	114000.0
100019.0	104000.0
104387.0	104000.0
97868.0	107000.0
94240.0	81600.0
1738.0	65280.0
27835.0	76224.0
53175.0	71823.0
2074.0	30000.0
1517.0	30000.0
419.0	30000.0
168.0	30000.0
191.0	30000.0
2036.0	30000.0
6579.0	30000.0
79585.0	103200.0
95351.0	116160.0
108606.0	117728.0
32968.0	81745.0
69397.0	112316.0
34119.0	46003.0
738.0	30000.0
1085.0	30000.0
2025.0	30000.0
58584.0	114000.0
109587.0	133000.0
86620.0	83040.0
32526.0	95232.0
14666.0	60758.0
64276.0	77284.0
820.0	30000.0
444.0	30000.0
617.0	30000.0
181.0	30000.0
200.0	30000.0
4022.0	30000.0
1167.0	30000.0
60718.0	107557.0
99775.0	102557.0
104143.0	120445.0
53416.0	92356.0
11524.0	30262.0
62781.0	91409.0
2283.0	30000.0
1247.0	30000.0
197.0	30000.0
1380.0	30000.0
1842.0	30000.0
46124.0	75545.0
79503.0	72413.0
81792.0	98481.0
104321.0	117592.0
100245.0	107592.0
46884.0	82073.0
15137.0	30000.0
48489.0	91200.0
2524.0	30000.0
817.0	30000.0
378.0	30000.0
1324.0	30000.0
12161.0	42000.0
86865.0	99501.0
99530.0	99501.0
97257.0	99500.0
6555.0	79600.0
