5115904.0	35651584.0
5218304.0	35651584.0
5431296.0	35651584.0
6074368.0	35651584.0
6045696.0	35651584.0
6094848.0	35651584.0
5943296.0	35651584.0
5890048.0	35651584.0
5746688.0	35651584.0
5898240.0	35651584.0
5779456.0	35651584.0
5816320.0	35651584.0
5910528.0	35651584.0
5861376.0	35651584.0
5832704.0	35651584.0
6000640.0	35651584.0
5963776.0	35651584.0
5963776.0	35651584.0
5963776.0	35651584.0
5902336.0	35651584.0
5906432.0	35651584.0
5869568.0	35651584.0
5869568.0	35651584.0
5869568.0	35651584.0
5853184.0	35651584.0
5967872.0	35651584.0
5935104.0	35651584.0
6066176.0	35651584.0
6103040.0	35651584.0
5988352.0	35651584.0
6025216.0	35651584.0
5971968.0	35651584.0
5955584.0	35651584.0
5939200.0	35651584.0
6164480.0	35651584.0
6086656.0	35651584.0
5971968.0	35651584.0
5955584.0	35651584.0
5955584.0	35651584.0
5992448.0	35651584.0
6041600.0	35651584.0
6004736.0	35651584.0
6041600.0	35651584.0
6004736.0	35651584.0
6041600.0	35651584.0
6004736.0	35651584.0
6004736.0	35651584.0
6004736.0	35651584.0
6025216.0	35651584.0
5971968.0	35651584.0
5988352.0	35651584.0
6025216.0	35651584.0
5988352.0	35651584.0
6025216.0	35651584.0
6103040.0	35651584.0
6025216.0	35651584.0
6062080.0	35651584.0
5971968.0	35651584.0
5971968.0	35651584.0
6139904.0	35651584.0
6029312.0	35651584.0
6029312.0	35651584.0
6029312.0	35651584.0
5992448.0	35651584.0
6029312.0	35651584.0
6197248.0	35651584.0
6008832.0	35651584.0
6008832.0	35651584.0
6029312.0	35651584.0
6082560.0	35651584.0
5992448.0	35651584.0
5992448.0	35651584.0
6029312.0	35651584.0
5992448.0	35651584.0
6123520.0	35651584.0
6176768.0	35651584.0
6062080.0	35651584.0
6025216.0	35651584.0
6057984.0	35651584.0
6197248.0	35651584.0
6029312.0	35651584.0
6066176.0	35651584.0
6160384.0	35651584.0
6189056.0	35651584.0
6213632.0	35651584.0
6197248.0	35651584.0
6144000.0	35651584.0
6144000.0	35651584.0
6180864.0	35651584.0
6180864.0	35651584.0
6193152.0	35651584.0
6230016.0	35651584.0
6193152.0	35651584.0
6193152.0	35651584.0
6176768.0	35651584.0
6176768.0	35651584.0
6176768.0	35651584.0
6344704.0	35651584.0
6230016.0	35651584.0
6230016.0	35651584.0
6230016.0	35651584.0
6344704.0	35651584.0
6545408.0	35651584.0
6414336.0	35651584.0
6656000.0	35651584.0
6545408.0	35651584.0
6414336.0	35651584.0
6397952.0	35651584.0
6381568.0	35651584.0
6365184.0	35651584.0
6348800.0	35651584.0
6201344.0	35651584.0
6316032.0	35651584.0
6447104.0	35651584.0
6787072.0	35651584.0
6553600.0	35651584.0
6553600.0	35651584.0
6553600.0	35651584.0
6684672.0	35651584.0
6569984.0	35651584.0
6639616.0	35651584.0
6639616.0	35651584.0
6688768.0	35651584.0
6688768.0	35651584.0
6688768.0	35651584.0
6688768.0	35651584.0
6856704.0	35651584.0
6635520.0	35651584.0
6672384.0	35651584.0
6619136.0	35651584.0
6656000.0	35651584.0
6619136.0	35651584.0
6619136.0	35651584.0
6586368.0	35651584.0
6602752.0	35651584.0
6639616.0	35651584.0
6619136.0	35651584.0
6656000.0	35651584.0
6692864.0	35651584.0
6586368.0	35651584.0
