0	100000
404	100000
386	100000
289	100000
18553	100000
100921	100000
36240	100000
4285	100000
51794	100000
26466	100000
278	100000
300	100000
379	100000
416	100000
60	100000
28	100000
42	100000
43	100000
22	100000
57	100000
43	100000
42	100000
42	100000
43	100000
42	100000
50	100000
26	100000
25	100000
52	100000
51	100000
39	100000
2896	100000
41	100000
42	100000
40	100000
43	100000
103	100000
826	100000
40	100000
34	100000
27	100000
30	100000
68	100000
54	100000
56	100000
62	100000
52	100000
81	100000
25	100000
62	100000
38	100000
52	100000
47	100000
23	100000
57	100000
66	100000
27	100000
52	100000
47	100000
57	100000
49	100000
53	100000
29	100000
560	100000
44	100000
9	100000
8	100000
11	100000
15	100000
62	100000
8	100000
11	100000
7	100000
11	100000
7	100000
6	100000
9	100000
4	100000
4	100000
20	100000
10	100000
9	100000
9	100000
7	100000
8	100000
8	100000
4	100000
10	100000
10	100000
16	100000
400	100000
6	100000
12	100000
9	100000
1502	100000
60	100000
50	100000
30	100000
56	100000
34	100000
30	100000
51	100000
56	100000
37	100000
52	100000
52	100000
46	100000
25	100000
19	100000
5	100000
9	100000
9	100000
10	100000
5	100000
11	100000
9	100000
6	100000
9	100000
25	100000
13	100000
9	100000
9	100000
5	100000
8	100000
9	100000
6	100000
10	100000
6	100000
20	100000
6	100000
10	100000
13	100000
5	100000
9	100000
7	100000
9	100000
13	100000
5	100000
16	100000
8	100000
288	100000
5	100000
349	100000
27	100000
51	100000
22	100000
49	100000
51	100000
39	100000
49	100000
63	100000
23	100000
42	100000
31	100000
48	100000
52	100000
351	100000
11	100000
17	100000
16	100000
10	100000
6	100000
5	100000
13	100000
6	100000
11	100000
10	100000
14	100000
19	100000
10	100000
10	100000
13	100000
10	100000
10	100000
9	100000
10	100000
9	100000
10	100000
20	100000
13	100000
241	100000
248	100000
52	100000
57	100000
38	100000
53	100000
54	100000
56	100000
37	100000
32	100000
60	100000
56	100000
52	100000
29	100000
6	100000
10	100000
10	100000
12	100000
20	100000
11	100000
6	100000
10	100000
10	100000
9	100000
10	100000
9	100000
7	100000
15	100000
19	100000
7	100000
10	100000
9	100000
5	100000
13	100000
13	100000
11	100000
10	100000
-1	-1
0	100000
0	100000
0	100000
0	100000
0	100000
0	100000
0	100000
0	100000
0	100000
0	100000
0	100000
0	100000
0	100000
0	100000
0	100000
0	100000
0	100000
0	100000
0	100000
0	100000
0	100000
0	100000
0	100000
0	100000
0	100000
0	100000
0	100000
0	100000
0	100000
0	100000
0	100000
0	100000
0	100000
0	100000
0	100000
0	100000
0	100000
0	100000
0	100000
0	100000
0	100000
0	100000
0	100000
0	100000
0	100000
0	100000
0	100000
0	100000
0	100000
0	100000
0	100000
0	100000
0	100000
0	100000
0	100000
0	100000
0	100000
0	100000
0	100000
0	100000
0	100000
0	100000
0	100000
0	100000
0	100000
0	100000
0	100000
0	100000
0	100000
0	100000
0	100000
0	100000
0	100000
0	100000
0	100000
0	100000
0	100000
0	100000
0	100000
0	100000
0	100000
0	100000
0	100000
0	100000
0	100000
0	100000
0	100000
0	100000
0	100000
0	100000
0	100000
0	100000
0	100000
0	100000
0	100000
0	100000
0	100000
0	100000
0	100000
0	100000
0	100000
0	100000
0	100000
0	100000
0	100000
0	100000
0	100000
0	100000
0	100000
0	100000
0	100000
0	100000
0	100000
0	100000
0	100000
0	100000
0	100000
0	100000
0	100000
0	100000
0	100000
0	100000
0	100000
0	100000
0	100000
0	100000
0	100000
0	100000
0	100000
0	100000
0	100000
0	100000
0	100000
0	100000
0	100000
0	100000
0	100000
0	100000
0	100000
0	100000
0	100000
0	100000
