0	100000
3338	100000
106235	100000
48931	100000
59864	100000
887	100000
416	100000
449	100000
198	100000
137	100000
1050	100000
37	100000
46	100000
27	100000
48	100000
46	100000
40	100000
36	100000
45	100000
3549	100000
48	100000
49	100000
527	100000
61	100000
69	100000
36	100000
46	100000
48	100000
51	100000
106	100000
52	100000
58	100000
50	100000
59	100000
48	100000
33	100000
52	100000
37	100000
40	100000
41	100000
69	100000
53	100000
46	100000
54	100000
59	100000
58	100000
31	100000
38	100000
579	100000
46	100000
56	100000
51	100000
50	100000
60	100000
48	100000
40	100000
57	100000
60	100000
58	100000
47	100000
11	100000
9	100000
6	100000
11	100000
45	100000
6	100000
11	100000
6	100000
8	100000
23	100000
12	100000
9	100000
12	100000
12	100000
13	100000
237	100000
19	100000
11	100000
770	100000
70	100000
44	100000
50	100000
53	100000
29	100000
53	100000
56	100000
29	100000
35	100000
52	100000
55	100000
55	100000
49	100000
7	100000
11	100000
12	100000
9	100000
3689	100000
40	100000
80769	100000
50554	100000
57991	100000
316	100000
305	100000
2580	100000
429	100000
394	100000
406	100000
709	100000
314	100000
58	100000
60	100000
53	100000
58	100000
100	100000
65	100000
3902	100000
1507	100000
67121	100000
68695	100000
44	100000
2496	100000
55	100000
49	100000
50	100000
48	100000
67	100000
65	100000
32	100000
41	100000
53	100000
22	100000
41	100000
23	100000
831	100000
1761	100000
77416	100000
27018	100000
19	100000
40	100000
350	100000
86	100000
42	100000
48	100000
44	100000
41	100000
27	100000
66	100000
26	100000
49	100000
44	100000
45	100000
23	100000
1526	100000
41	100000
56	100000
41	100000
42	100000
71	100000
29	100000
6	100000
0	100000
0	100000
0	100000
0	100000
0	100000
0	100000
0	100000
0	100000
0	100000
6734	100000
43	100000
42	100000
34	100000
39	100000
37	100000
43	100000
16	100000
41	100000
32	100000
473	100000
75055	100000
51918	100000
1847	100000
0	100000
0	100000
43	100000
0	100000
0	100000
0	100000
9	100000
0	100000
0	100000
0	100000
0	100000
0	100000
0	100000
112	100000
8047	100000
76673	100000
36	100000
27	100000
43	100000
83	100000
43	100000
44	100000
42	100000
42	100000
26	100000
22	100000
46	100000
53	100000
0	100000
0	100000
0	100000
0	100000
0	100000
0	100000
0	100000
0	100000
8	100000
2916	100000
51	100000
42	100000
41	100000
44	100000
78	100000
201	100000
33	100000
43	100000
33	100000
43	100000
67	100000
51	100000
55	100000
9	100000
9	100000
58	100000
6	100000
229	100000
25	100000
388	100000
35	100000
25	100000
42	100000
50	100000
260	100000
61	100000
56	100000
41	100000
239	100000
61	100000
33	100000
39	100000
31	100000
288	100000
14	100000
8	100000
7	100000
33	100000
15	100000
10	100000
8	100000
8	100000
6	100000
11	100000
8	100000
6	100000
4	100000
9	100000
14	100000
12	100000
8	100000
8	100000
8	100000
9	100000
5	100000
3380	100000
46	100000
27	100000
61	100000
24	100000
74	100000
23	100000
19	100000
42	100000
41	100000
43	100000
45	100000
73492	100000
60891	100000
3971	100000
411	100000
316	100000
448	100000
384	100000
59	100000
27	100000
10610	100000
55040	100000
86	100000
35	100000
22	100000
68	100000
20	100000
27	100000
42	100000
25	100000
64	100000
26	100000
52	100000
49	100000
575	100000
38	100000
3924	100000
420	100000
70	100000
60	100000
37	100000
56	100000
255	100000
45	100000
86	100000
50	100000
38	100000
38	100000
50	100000
32	100000
44	100000
64	100000
412	100000
47	100000
44	100000
47	100000
52	100000
37	100000
56	100000
44	100000
56	100000
40	100000
65	100000
43	100000
37	100000
40	100000
39	100000
43	100000
52	100000
8	100000
11	100000
13	100000
8	100000
6	100000
8	100000
8	100000
5	100000
5	100000
13	100000
8	100000
8	100000
49	100000
11	100000
7	100000
8	100000
8	100000
9	100000
8	100000
8	100000
8	100000
264	100000
21	100000
8	100000
7	100000
7	100000
4	100000
5	100000
8	100000
9	100000
8	100000
6	100000
9	100000
13	100000
8	100000
8	100000
4	100000
6	100000
9	100000
7	100000
6	100000
9	100000
14	100000
1542	100000
468	100000
41	100000
48	100000
52	100000
52	100000
54	100000
52	100000
53	100000
38	100000
51	100000
52	100000
23	100000
70	100000
9	100000
5	100000
9	100000
6	100000
8	100000
17	100000
2890	100000
31	100000
59	100000
43	100000
45	100000
49	100000
3828	100000
105006	100000
25314	100000
120	100000
45	100000
96	100000
1195	100000
62550	100000
8282	100000
39	100000
26	100000
2059	100000
90	100000
40	100000
703	100000
48	100000
29	100000
45	100000
40	100000
104	100000
33	100000
4	100000
9	100000
17	100000
8	100000
7	100000
6	100000
6	100000
7	100000
11	100000
5	100000
8	100000
5	100000
9	100000
8	100000
7	100000
8	100000
7	100000
10	100000
7	100000
9	100000
7	100000
8	100000
13	100000
7	100000
4	100000
7	100000
8	100000
5	100000
8	100000
9	100000
6	100000
2673	100000
50	100000
44	100000
59	100000
17849	100000
104943	100000
16159	100000
10082	100000
72512	100000
58	100000
67	100000
97	100000
29	100000
38	100000
1059	100000
65	100000
54	100000
33	100000
48	100000
51	100000
25	100000
48	100000
1018	100000
48	100000
33	100000
40	100000
59	100000
62	100000
7	100000
8	100000
6	100000
20	100000
45	100000
5	100000
8	100000
15	100000
7	100000
8	100000
5	100000
2825	100000
50	100000
48	100000
28	100000
56	100000
91	100000
1164	100000
95406	100000
45364	100000
12342	100000
54753	100000
50	100000
99	100000
44	100000
0	100000
0	100000
0	100000
2669	100000
44	100000
43	100000
39	100000
39	100000
256	100000
38	100000
30	100000
37	100000
57	100000
39	100000
51	100000
50	100000
53	100000
8	100000
57	100000
8	100000
6	100000
7	100000
10	100000
7	100000
8	100000
7	100000
12	100000
8	100000
13	100000
