0	100000
392	100000
352	100000
40081	100000
95738	100000
2524	100000
350	100000
33756	100000
34634	100000
431	100000
332	100000
290	100000
327	100000
1319	100000
4627	100000
58159	100000
87837	100000
2796	100000
447	100000
413	100000
409	100000
380	100000
27	100000
28499	100000
35022	100000
45	100000
33	100000
1175	100000
3070	100000
50	100000
43	100000
48	100000
3204	100000
106579	100000
30043	100000
990	100000
673	100000
65964	100000
241	100000
422	100000
334	100000
6012	100000
375	100000
346	100000
411	100000
404	100000
364	100000
51	100000
44	100000
57	100000
50	100000
117	100000
31	100000
55	100000
51	100000
49	100000
52	100000
513	100000
41	100000
60	100000
66	100000
45	100000
78	100000
49	100000
57	100000
32	100000
51	100000
33	100000
53	100000
2929	100000
55	100000
41	100000
120	100000
18151	100000
102778	100000
9388	100000
2449	100000
43	100000
61632	100000
7271	100000
39	100000
2794	100000
484	100000
48	100000
53	100000
53	100000
62	100000
40	100000
28	100000
1068	100000
41	100000
103	100000
60	100000
57	100000
49	100000
55	100000
47	100000
9	100000
6	100000
1225	100000
58	100000
60	100000
52	100000
54	100000
36	100000
56	100000
51	100000
40	100000
46	100000
64	100000
54	100000
52	100000
50	100000
12	100000
6	100000
11	100000
13	100000
8	100000
12	100000
21	100000
11	100000
15	100000
12	100000
10	100000
7	100000
536	100000
51	100000
49	100000
42	100000
64	100000
51	100000
46	100000
53	100000
41	100000
48	100000
50	100000
43	100000
54	100000
93	100000
25	100000
11	100000
11	100000
13193	100000
107354	100000
23845	100000
3802	100000
2936	100000
64962	100000
46	100000
51	100000
47	100000
1135	100000
2060	100000
48	100000
41	100000
28	100000
784	100000
28	100000
198	100000
63	100000
41	100000
63	100000
30	100000
40	100000
72026	100000
67419	100000
67	100000
47	100000
42	100000
35	100000
0	100000
0	100000
74364	100000
42	100000
24	100000
42	100000
41	100000
63	100000
40	100000
38	100000
240	100000
25	100000
31	100000
42	100000
27	100000
70	100000
0	100000
0	100000
0	100000
2093	100000
57	100000
24	100000
302	100000
46	100000
72	100000
61	100000
33	100000
48	100000
363	100000
90	100000
209	100000
630	100000
45	100000
7	100000
9	100000
8	100000
8	100000
8	100000
6	100000
18	100000
7	100000
8	100000
7	100000
8	100000
9	100000
2572	100000
26	100000
34	100000
27567	100000
99538	100000
24751	100000
4188	100000
61471	100000
42	100000
46	100000
30	100000
35	100000
75	100000
4189	100000
916	100000
23958	100000
97232	100000
3227	100000
297	100000
509	100000
594	100000
444	100000
613	100000
39234	100000
32605	100000
40	100000
34	100000
0	100000
32	100000
0	100000
0	100000
214	100000
44	100000
35	100000
2357	100000
57	100000
286	100000
51	100000
34	100000
75	100000
36	100000
68	100000
34	100000
80	100000
81	100000
9	100000
8	100000
5	100000
7	100000
9	100000
9	100000
9	100000
6	100000
8	100000
15	100000
8	100000
4	100000
7	100000
4	100000
9	100000
8	100000
11	100000
4	100000
6	100000
14	100000
12	100000
7	100000
9	100000
8	100000
11	100000
7	100000
5	100000
4	100000
7	100000
8	100000
9	100000
4	100000
7	100000
8	100000
10	100000
5	100000
2956	100000
41	100000
38	100000
103	100000
53	100000
88	100000
42	100000
1108	100000
13308	100000
105099	100000
5088	100000
42	100000
47	100000
93	100000
0	100000
0	100000
0	100000
0	100000
0	100000
0	100000
0	100000
0	100000
0	100000
4	100000
0	100000
0	100000
38282	100000
31726	100000
42	100000
41	100000
42	100000
64	100000
32	100000
53	100000
46	100000
41	100000
35	100000
320	100000
38	100000
45	100000
0	100000
0	100000
28	100000
5	100000
809	100000
35	100000
22	100000
46	100000
200	100000
68	100000
32	100000
51	100000
59	100000
67	100000
60	100000
46	100000
33	100000
40	100000
5	100000
8	100000
6	100000
5	100000
9	100000
19	100000
10	100000
6	100000
9	100000
4	100000
5	100000
8	100000
7	100000
7	100000
5	100000
10	100000
8	100000
4	100000
1384	100000
470	100000
48	100000
1373	100000
811	100000
40650	100000
92812	100000
1337	100000
84	100000
42	100000
1117	100000
77179	100000
54	100000
2326	100000
553	100000
8	100000
22	100000
16	100000
8	100000
4	100000
6	100000
60	100000
7	100000
6	100000
2578	100000
41208	100000
87128	100000
63425	100000
56	100000
84	100000
41	100000
42	100000
42	100000
40	100000
42	100000
27	100000
1565	100000
50	100000
0	100000
0	100000
0	100000
182	100000
679	100000
64	100000
46	100000
49	100000
49	100000
47	100000
47	100000
48	100000
23	100000
30	100000
112	100000
26	100000
49	100000
48	100000
6	100000
15	100000
8	100000
11	100000
6	100000
5	100000
8	100000
6	100000
6	100000
4	100000
8	100000
14	100000
4	100000
7	100000
7	100000
7	100000
7	100000
40991	100000
89286	100000
1098	100000
68919	100000
64	100000
81	100000
26	100000
43	100000
20	100000
38	100000
36	100000
25	100000
27	100000
42	100000
9	100000
0	100000
0	100000
1248	100000
23	100000
49	100000
46	100000
48	100000
32	100000
23	100000
38	100000
59	100000
40	100000
31619	100000
101526	100000
4216	100000
39	100000
0	100000
37	100000
0	100000
9	100000
0	100000
0	100000
0	100000
0	100000
0	100000
305	100000
26582	100000
33355	100000
42	100000
37	100000
272	100000
1453	100000
310	100000
47	100000
54	100000
50	100000
53	100000
54	100000
49	100000
76	100000
7	100000
8	100000
37	100000
7	100000
4	100000
7	100000
12	100000
5	100000
20	100000
6	100000
10	100000
4	100000
6	100000
5	100000
5	100000
7	100000
7	100000
7	100000
15	100000
7	100000
7	100000
7	100000
3	100000
6	100000
4	100000
7	100000
4	100000
8	100000
13	100000
4	100000
11	100000
9	100000
7	100000
7	100000
12	100000
4	100000
7	100000
7	100000
20	100000
7	100000
4	100000
7	100000
6	100000
7	100000
8	100000
7	100000
7	100000
38	100000
11	100000
11	100000
39	100000
7	100000
3	100000
4	100000
13	100000
6	100000
8	100000
10	100000
11	100000
6	100000
7	100000
6	100000
7	100000
10	100000
2584	100000
37	100000
39	100000
41	100000
53	100000
49	100000
1202	100000
57596	100000
72494	100000
1199	100000
41	100000
26	100000
75	100000
58	100000
11	100000
0	100000
0	100000
67024	100000
48	100000
637	100000
25	100000
48	100000
57	100000
1443	100000
95	100000
43	100000
43	100000
957	100000
45	100000
24	100000
28	100000
6	100000
7	100000
54	100000
13	100000
7	100000
4	100000
9	100000
8	100000
7	100000
6	100000
12	100000
8	100000
4	100000
12	100000
10	100000
6	100000
4	100000
7	100000
10	100000
3	100000
7	100000
8	100000
7	100000
14	100000
7	100000
10	100000
6	100000
6	100000
7	100000
9	100000
6	100000
6	100000
6	100000
16	100000
3	100000
6	100000
9	100000
7	100000
6	100000
11	100000
7	100000
8	100000
7	100000
19	100000
9	100000
6	100000
23	100000
4	100000
8	100000
8	100000
9	100000
5	100000
6	100000
14	100000
9	100000
7	100000
8	100000
7	100000
8	100000
7	100000
8	100000
6	100000
7	100000
13	100000
3	100000
7	100000
3	100000
5	100000
177	100000
7	100000
3	100000
11	100000
5	100000
13	100000
4	100000
6	100000
7	100000
7	100000
7	100000
9	100000
5	100000
4	100000
7	100000
539	100000
263	100000
53	100000
61	100000
52	100000
28	100000
50	100000
53	100000
43	100000
56	100000
48	100000
51	100000
58	100000
51	100000
7	100000
8	100000
7	100000
7	100000
6	100000
6	100000
8	100000
4	100000
7	100000
8	100000
6	100000
8	100000
7	100000
5	100000
6	100000
6	100000
14	100000
7	100000
11	100000
8	100000
6	100000
5	100000
7	100000
6	100000
6	100000
7	100000
13	100000
5	100000
