0	100000
72235	100000
96543	100000
58171	100000
18200	100000
5088	100000
48526	100000
92866	100000
2674	100000
68166	100000
213	100000
246	100000
2885	100000
3109	100000
204	100000
652	100000
79550	100000
63270	100000
57413	100000
10862	100000
617	100000
200	100000
220	100000
202	100000
6226	100000
28838	100000
105472	100000
7827	100000
194	100000
234	100000
196	100000
326	100000
68949	100000
1176	100000
25	100000
25	100000
5504	100000
1366	100000
60896	100000
82629	100000
2431	100000
19	100000
20	100000
36322	100000
43052	100000
200	100000
188	100000
1677	100000
207	100000
197	100000
1002	100000
242	100000
58	100000
27	100000
1821	100000
65	100000
26	100000
35	100000
27	100000
436	100000
1093	100000
28634	100000
100641	100000
9709	100000
1562	100000
42806	100000
23327	100000
23	100000
28	100000
32	100000
23	100000
20	100000
20	100000
1369	100000
1302	100000
41	100000
683	100000
92437	100000
42084	100000
32	100000
20	100000
1790	100000
75071	100000
48	100000
20	100000
20	100000
20	100000
502	100000
2079	100000
27	100000
269	100000
33	100000
45	100000
16105	100000
111005	100000
16026	100000
23	100000
180	100000
14721	100000
60761	100000
21	100000
28	100000
1810	100000
32974	100000
103265	100000
58174	100000
10742	100000
147	100000
37	100000
1717	100000
25	100000
1784	100000
98175	100000
38427	100000
59	100000
24	100000
27	100000
50450	100000
25083	100000
31	100000
20	100000
2246	100000
60	100000
1392	100000
41	100000
197	100000
87294	100000
50420	100000
23	100000
69525	100000
290	100000
0	100000
28	100000
0	100000
0	100000
34402	100000
102637	100000
3601	100000
28	100000
18	100000
1350	100000
71163	100000
41	100000
25	100000
29	100000
26	100000
39	100000
18	100000
27	100000
679	100000
29	100000
311	100000
28	100000
26	100000
32	100000
1933	100000
20	100000
39088	100000
98205	100000
3412	100000
26	100000
20	100000
20	100000
0	100000
163	100000
72677	100000
24	100000
20	100000
28	100000
20	100000
41	100000
290	100000
20	100000
22	100000
20	100000
22	100000
36	100000
1961	100000
89976	100000
46270	100000
866	100000
73241	100000
3300	100000
20	100000
20	100000
18	100000
21	100000
20	100000
33	100000
552	100000
39	100000
20	100000
20	100000
0	100000
30	100000
0	100000
0	100000
1080	100000
35	100000
21	100000
484	100000
33256	100000
103865	100000
1577	100000
26	100000
23	100000
337	100000
70164	100000
2221	100000
714	100000
403	100000
5	100000
1912	100000
33	100000
23	100000
34	100000
26190	100000
106744	100000
5316	100000
21	100000
419	100000
67828	100000
14041	100000
161	100000
29	100000
26	100000
720	100000
20	100000
41	100000
31	100000
28	100000
20	100000
20	100000
149	100000
1333	100000
1026	100000
70149	100000
66613	100000
296	100000
2962	100000
27278	100000
41236	100000
27	100000
25	100000
46	100000
23	100000
22	100000
34	100000
34	100000
27	100000
24	100000
22	100000
20	100000
0	100000
0	100000
377	100000
33	100000
20	100000
25	100000
21	100000
59	100000
501	100000
843	100000
1532	100000
69136	100000
68755	100000
6383	100000
60094	100000
159	100000
0	100000
0	100000
24	100000
0	100000
0	100000
0	100000
0	100000
0	100000
826	100000
45	100000
815	100000
27	100000
20	100000
8779	100000
103581	100000
24568	100000
16665	100000
53281	100000
42	100000
34	100000
21	100000
23	100000
0	100000
0	100000
0	100000
0	100000
0	100000
0	100000
0	100000
6	100000
428	100000
24	100000
20	100000
20	100000
30	100000
36	100000
22	100000
27	100000
20	100000
28	100000
29	100000
20	100000
211	100000
29	100000
10	100000
4	100000
384	100000
1673	100000
73903	100000
63701	100000
486	100000
20	100000
20	100000
45	100000
884	100000
76911	100000
22	100000
25	100000
22	100000
31	100000
52	100000
20	100000
0	100000
0	100000
0	100000
0	100000
0	100000
1648	100000
20	100000
26	100000
25	100000
26	100000
57	100000
27	100000
24	100000
23	100000
27	100000
25	100000
26	100000
30	100000
25	100000
470	100000
27	100000
46	100000
25	100000
24	100000
1579	100000
20	100000
20	100000
27	100000
19	100000
37	100000
20	100000
19	100000
21	100000
0	100000
0	100000
0	100000
0	100000
37201	100000
99200	100000
1380	100000
44827	100000
27825	100000
55	100000
24	100000
34	100000
29	100000
27	100000
26	100000
26	100000
20	100000
26	100000
0	100000
0	100000
0	100000
0	100000
0	100000
0	100000
5	100000
0	100000
0	100000
0	100000
0	100000
0	100000
0	100000
0	100000
0	100000
0	100000
956	100000
834	100000
25	100000
21	100000
21	100000
329	100000
21	100000
750	100000
78523	100000
61236	100000
64557	100000
22982	100000
29	100000
49	100000
0	100000
0	100000
0	100000
0	100000
679	100000
26	100000
25	100000
20	100000
26	100000
52	100000
20	100000
126	100000
1890	100000
20	100000
20	100000
20	100000
43	100000
21	100000
255	100000
31658	100000
100555	100000
14134	100000
28	100000
20	100000
187	100000
20	100000
26	100000
20	100000
37	100000
20	100000
1264	100000
85205	100000
27716	100000
0	100000
0	100000
0	100000
22	100000
0	100000
0	100000
386	100000
20	100000
20	100000
20	100000
20	100000
36	100000
31	100000
330	100000
37	100000
34	100000
25	100000
32	100000
2102	100000
22607	100000
110008	100000
6259	100000
20	100000
26	100000
40	100000
39	100000
29	100000
20	100000
20	100000
598	100000
74525	100000
47	100000
30	100000
4	100000
0	100000
32	100000
0	100000
0	100000
0	100000
0	100000
0	100000
171	100000
25	100000
25	100000
20	100000
381	100000
48	100000
20	100000
25	100000
20	100000
21	100000
150	100000
394	100000
56572	100000
88733	100000
567	100000
57960	100000
13017	100000
26	100000
20	100000
23	100000
38	100000
20	100000
38	100000
25	100000
21	100000
29	100000
21	100000
0	100000
0	100000
0	100000
0	100000
0	100000
4	100000
0	100000
2173	100000
29	100000
139	100000
5503	100000
43	100000
1473	100000
45448	100000
92341	100000
397	100000
35044	100000
39595	100000
39	100000
20	100000
20	100000
0	100000
0	100000
1272	100000
37	100000
28	100000
21	100000
21	100000
36	100000
22	100000
25	100000
152	100000
29	100000
24	100000
391	100000
26	100000
106	100000
52201	100000
86456	100000
583	100000
25	100000
21	100000
41	100000
20	100000
25	100000
30	100000
23	100000
25	100000
24	100000
51980	100000
26798	100000
0	100000
0	100000
0	100000
29	100000
5	100000
433	100000
25	100000
26	100000
20	100000
22	100000
39	100000
20	100000
20	100000
28	100000
28	100000
1352	100000
49	100000
26	100000
383	100000
26488	100000
101073	100000
30538	100000
53900	100000
24	100000
27	100000
44	100000
29	100000
223	100000
31	100000
28	100000
25	100000
23	100000
47	100000
0	100000
5	100000
397	100000
317	100000
164	100000
42	100000
33	100000
43	100000
27	100000
3003	100000
20	100000
39481	100000
97933	100000
2445	100000
52795	100000
32156	100000
0	100000
123	100000
0	100000
1078	100000
32	100000
27	100000
20	100000
26	100000
55	100000
652	100000
21	100000
1440	100000
616	100000
96089	100000
39818	100000
101	100000
18	100000
0	100000
0	100000
21	100000
0	100000
0	100000
3111	100000
71259	100000
27	100000
26	100000
20	100000
39	100000
20	100000
23	100000
20	100000
20	100000
19	100000
19	100000
20	100000
24	100000
195	100000
22	100000
24	100000
25	100000
23	100000
77	100000
22	100000
26	100000
918	100000
800	100000
20	100000
20	100000
20	100000
43	100000
0	100000
0	100000
0	100000
0	100000
0	100000
1517	100000
29	100000
25	100000
24	100000
24	100000
38	100000
24	100000
24	100000
448	100000
24	100000
64	100000
22	100000
24	100000
71583	100000
65332	100000
417	100000
61614	100000
4850	100000
32	100000
20	100000
26	100000
28	100000
145	100000
670	100000
30	100000
214	100000
24	100000
1158	100000
32	100000
29	100000
28	100000
20	100000
20	100000
20	100000
1788	100000
26	100000
24	100000
26	100000
22	100000
33	100000
36	100000
4	100000
5	100000
4	100000
53	100000
4	100000
4	100000
6	100000
4	100000
4	100000
10	100000
4	100000
4	100000
4	100000
3	100000
4	100000
3	100000
4	100000
4	100000
5	100000
