0	100000
402	100000
357	100000
332	100000
239	100000
1519	100000
408	100000
269	100000
1957	100000
1589	100000
1143	100000
1079	100000
11606	100000
102369	100000
37074	100000
33482	100000
54774	100000
1476	100000
375	100000
452	100000
413	100000
199	100000
495	100000
52	100000
28	100000
28	100000
44	100000
3726	100000
80	100000
47	100000
57	100000
48	100000
58	100000
5916	100000
80607	100000
107649	100000
35362	100000
83	100000
43	100000
43	100000
43	100000
38	100000
44	100000
39	100000
42	100000
59	100000
25	100000
18287	100000
92738	100000
54	100000
70	100000
44	100000
77	100000
42	100000
51	100000
43	100000
24	100000
24	100000
57	100000
4149	100000
48	100000
33	100000
44	100000
341	100000
66	100000
27	100000
3130	100000
43	100000
59	100000
75	100000
81155	100000
68333	100000
1639	100000
66252	100000
9230	100000
422	100000
374	100000
398	100000
439	100000
61	100000
22	100000
43	100000
43	100000
35	100000
25	100000
33	100000
4928	100000
39	100000
36	100000
27	100000
24	100000
77	100000
39	100000
22	100000
35	100000
24	100000
54	100000
28	100000
33	100000
23	100000
633	100000
41	100000
36	100000
34	100000
2816	100000
81	100000
50	100000
29	100000
36	100000
42	100000
23	100000
43	100000
43	100000
43	100000
41	100000
55	100000
42	100000
43	100000
30132	100000
108633	100000
20403	100000
651	100000
42421	100000
51042	100000
918	100000
39	100000
40	100000
57	100000
50	100000
79	100000
0	100000
0	100000
0	100000
0	100000
0	100000
0	100000
0	100000
9	100000
0	100000
0	100000
0	100000
0	100000
0	100000
0	100000
0	100000
0	100000
2611	100000
53	100000
44	100000
56	100000
43	100000
79	100000
370	100000
36	100000
36	100000
34	100000
36	100000
318	100000
60	100000
59	100000
10	100000
6	100000
41	100000
9	100000
8	100000
3212	100000
43	100000
59	100000
24039	100000
113520	100000
32542	100000
4489	100000
57	100000
38	100000
40	100000
108	100000
43	100000
70	100000
8969	100000
79647	100000
3358	100000
52	100000
52	100000
63	100000
53	100000
38	100000
49	100000
255	100000
104	100000
47	100000
398	100000
1862	100000
0	100000
0	100000
0	100000
0	100000
41	100000
9	100000
13447	100000
101346	100000
49830	100000
61433	100000
21571	100000
80	100000
29	100000
52	100000
52	100000
72	100000
38	100000
387	100000
41	100000
43	100000
0	100000
0	100000
24	100000
0	100000
0	100000
1236	100000
41	100000
40	100000
43	100000
46	100000
502	100000
48402	100000
104114	100000
5890	100000
6672	100000
82385	100000
2529	100000
2902	100000
64779	100000
101892	100000
5594	100000
73	100000
33	100000
36	100000
38	100000
64	100000
33	100000
44	100000
44	100000
291	100000
35380	100000
45474	100000
63	100000
42	100000
272	100000
1671	100000
1033	100000
38	100000
54	100000
3030	100000
36654	100000
107053	100000
21395	100000
27	100000
44	100000
33	100000
82	100000
28	100000
2763	100000
24	100000
48	100000
72879	100000
4482	100000
407	100000
43	100000
45	100000
25	100000
204	100000
55	100000
39	100000
1556	100000
65	100000
10	100000
6	100000
13	100000
28	100000
9	100000
10	100000
10	100000
10	100000
43	100000
23	100000
1845	100000
6973	100000
99508	100000
44659	100000
2422	100000
60	100000
35	100000
38	100000
54	100000
41	100000
42	100000
3188	100000
82804	100000
79	100000
0	100000
0	100000
0	100000
35	100000
0	100000
0	100000
2852	100000
34	100000
44	100000
50	100000
370	100000
80	100000
57	100000
58	100000
2543	100000
57	100000
86	100000
47	100000
45	100000
58	100000
29	100000
48	100000
24	100000
43	100000
25	100000
439	100000
44681	100000
102324	100000
3758	100000
44	100000
27	100000
76	100000
65185	100000
26436	100000
31	100000
35	100000
42	100000
61	100000
43	100000
39	100000
1213	100000
144	100000
46	100000
1673	100000
37	100000
449	100000
44	100000
43	100000
43	100000
2073	100000
72683	100000
81780	100000
769	100000
50411	100000
23871	100000
1308	100000
30	100000
1927	100000
36	100000
42	100000
50	100000
32	100000
56	100000
42	100000
49	100000
33	100000
50	100000
54	100000
9	100000
21	100000
5	100000
11	100000
167	100000
5	100000
391	100000
42	100000
25	100000
49	100000
50	100000
2557	100000
41	100000
39	100000
34	100000
31	100000
70	100000
33	100000
41	100000
22	100000
82548	100000
64464	100000
3697	100000
43	100000
41	100000
68	100000
43	100000
42	100000
40	100000
39	100000
1227	100000
51592	100000
31884	100000
43	100000
0	100000
0	100000
34	100000
0	100000
0	100000
0	100000
0	100000
13	100000
0	100000
0	100000
0	100000
0	100000
0	100000
0	100000
657	100000
1744	100000
36	100000
47	100000
50	100000
125	100000
27	100000
69	100000
221	100000
57	100000
84	100000
47	100000
53	100000
63	100000
5	100000
2944	100000
66339	100000
82353	100000
813	100000
43	100000
84	100000
43	100000
23	100000
646	100000
12837	100000
74373	100000
58	100000
42	100000
68	100000
1227	100000
59	100000
46	100000
43	100000
59	100000
42	100000
1711	100000
56	100000
37	100000
49	100000
36	100000
36	100000
210	100000
50	100000
17	100000
8	100000
73	100000
6	100000
9	100000
8	100000
13	100000
8	100000
453	100000
50	100000
59	100000
49	100000
49	100000
51	100000
53	100000
64	100000
51	100000
43	100000
