0	100000
70048	100000
364	100000
427	100000
433	100000
367	100000
916	100000
43	100000
55	100000
22427	100000
101048	100000
25628	100000
420	100000
397	100000
639	100000
396	100000
321	100000
22	100000
43	100000
5726	100000
49277	100000
36513	100000
41	100000
43	100000
41	100000
80	100000
24	100000
30	100000
62	100000
3724	100000
43	100000
40	100000
43	100000
52	100000
2342	100000
54	100000
49	100000
49	100000
44	100000
81	100000
33	100000
33	100000
48	100000
40	100000
52	100000
49	100000
42	100000
47	100000
58	100000
51	100000
65	100000
49	100000
50	100000
51	100000
53	100000
52	100000
53	100000
42	100000
633	100000
49	100000
