0	100000
347	100000
198	100000
284	100000
243	100000
442	100000
20	100000
29	100000
17	100000
333	100000
83752	100000
66868	100000
3174	100000
56184	100000
18440	100000
241	100000
179	100000
190	100000
189	100000
20	100000
20	100000
17	100000
20	100000
1196	100000
20	100000
24	100000
32	100000
264	100000
58	100000
21	100000
21	100000
21	100000
24	100000
23	100000
28	100000
22	100000
20	100000
41	100000
20	100000
24	100000
20	100000
3026	100000
26	100000
21	100000
20	100000
21	100000
41	100000
27	100000
19	100000
20	100000
366	100000
27	100000
2664	100000
20	100000
27	100000
41	100000
20	100000
25	100000
19	100000
31	100000
23	100000
21	100000
22	100000
62	100000
30	100000
23	100000
22	100000
25	100000
1476	100000
77932	100000
64305	100000
201	100000
2369	100000
67100	100000
9432	100000
202	100000
193	100000
193	100000
188	100000
100	100000
21	100000
21	100000
21	100000
25	100000
23	100000
21	100000
21	100000
27	100000
21	100000
21	100000
21	100000
25	100000
21	100000
2252	100000
44	100000
28	100000
38	100000
32	100000
43	100000
27	100000
27	100000
3244	100000
26	100000
54	100000
21	100000
21	100000
20	100000
20111	100000
102608	100000
17986	100000
1859	100000
21	100000
45	100000
21	100000
20	100000
21	100000
28	100000
36	100000
16849	100000
68687	100000
5096	100000
222	100000
210	100000
206	100000
190	100000
21	100000
25	100000
33	100000
2239	100000
93102	100000
45539	100000
1202	100000
23936	100000
47023	100000
42	100000
20	100000
20	100000
26	100000
20	100000
30	100000
22	100000
24	100000
24	100000
20	100000
2253	100000
2753	100000
24	100000
29	100000
23	100000
39	100000
21	100000
21	100000
21	100000
25	100000
23	100000
19	100000
19	100000
34513	100000
101859	100000
5908	100000
21	100000
3442	100000
311	100000
56289	100000
26298	100000
28	100000
20	100000
41	100000
37	100000
28	100000
21	100000
21	100000
19	100000
18	100000
21	100000
21	100000
0	100000
298	100000
2335	100000
932	100000
28	100000
31	100000
38	100000
245	100000
32	100000
44	100000
37	100000
62	100000
28	100000
1803	100000
34	100000
0	100000
0	100000
0	100000
74424	100000
66093	100000
303	100000
320	100000
1108	100000
205	100000
42	100000
18812	100000
46942	100000
36	100000
31	100000
24	100000
50	100000
32	100000
0	100000
0	100000
0	100000
0	100000
0	100000
0	100000
0	100000
0	100000
0	100000
5	100000
0	100000
0	100000
565	100000
1184	100000
38	100000
985	100000
23	100000
52	100000
55	100000
26	100000
21	100000
21	100000
17808	100000
103491	100000
20460	100000
41	100000
0	100000
1762	100000
78162	100000
54	100000
27	100000
25	100000
37	100000
55	100000
24	100000
23	100000
904	100000
25	100000
24	100000
32	100000
165	100000
44	100000
5	100000
781	100000
1818	100000
24	100000
5318	100000
100012	100000
35399	100000
40	100000
28	100000
53	100000
21	100000
20	100000
22	100000
370	100000
72518	100000
557	100000
20	100000
36	100000
21	100000
220	100000
31	100000
22	100000
31	100000
21	100000
44	100000
20	100000
20	100000
41	100000
2211	100000
11566	100000
100668	100000
27037	100000
23	100000
44	100000
21	100000
21	100000
23	100000
1978	100000
75281	100000
164	100000
25	100000
31	100000
473	100000
163	100000
0	100000
177	100000
30	100000
747	100000
31	100000
29	100000
39	100000
36	100000
32	100000
25	100000
32	100000
52	100000
29	100000
40	100000
47809	100000
93875	100000
2297	100000
46022	100000
40717	100000
425	100000
37	100000
20	100000
18	100000
26	100000
43	100000
1171	100000
45	100000
26	100000
5	100000
2069	100000
37	100000
24	100000
20	100000
27	100000
21	100000
18	100000
20	100000
20	100000
20	100000
19	100000
20	100000
20	100000
864	100000
47198	100000
97700	100000
2532	100000
1019	100000
75541	100000
13639	100000
30	100000
26	100000
34	100000
25	100000
26	100000
24	100000
25	100000
25	100000
0	100000
171	100000
31	100000
22	100000
26	100000
26	100000
50	100000
23	100000
951	100000
690	100000
32	100000
39	100000
31	100000
47	100000
38	100000
961	100000
30	100000
22	100000
51	100000
21	100000
26	100000
25	100000
21	100000
1212	100000
24539	100000
108068	100000
6514	100000
31175	100000
47330	100000
189	100000
21	100000
21	100000
1833	100000
28	100000
21	100000
20	100000
28	100000
42	100000
362	100000
25	100000
26	100000
26	100000
4	100000
13	100000
5	100000
6	100000
15	100000
5	100000
66	100000
5	100000
5	100000
5	100000
7	100000
5	100000
5	100000
5	100000
12	100000
146	100000
4	100000
194	100000
24	100000
28	100000
25	100000
25	100000
