0	100000
180	100000
190	100000
217	100000
299	100000
676	100000
24188	100000
104354	100000
25898	100000
40796	100000
37488	100000
218	100000
203	100000
201	100000
195	100000
175	100000
28	100000
2672	100000
35	100000
19	100000
20	100000
369	100000
45	100000
33	100000
55	100000
30	100000
27	100000
69	100000
37	100000
27	100000
38	100000
37	100000
41	100000
36	100000
28	100000
2555	100000
21	100000
9585	100000
111524	100000
20152	100000
56	100000
2642	100000
2218	100000
120	100000
796	100000
66920	100000
43	100000
29	100000
33	100000
21	100000
31	100000
21	100000
27	100000
25	100000
22	100000
22	100000
2890	100000
32	100000
61	100000
26	100000
165	100000
41	100000
41	100000
29	100000
23	100000
25	100000
26	100000
5	100000
5258	100000
61991	100000
77558	100000
48105	100000
38388	100000
211	100000
194	100000
189	100000
28	100000
20	100000
219	100000
23	100000
851	100000
24	100000
26	100000
28	100000
20	100000
42	100000
26	100000
21	100000
32	100000
21	100000
22	100000
21	100000
29	100000
27	100000
26	100000
20	100000
27	100000
25	100000
4496	100000
39	100000
25	100000
20	100000
20	100000
43	100000
27	100000
30	100000
20	100000
182	100000
31	100000
24	100000
34	100000
33	100000
1641	100000
20	100000
20	100000
8815	100000
99616	100000
38890	100000
103	100000
12658	100000
80620	100000
864	100000
47	100000
20	100000
26	100000
20	100000
51	100000
0	100000
6	100000
0	100000
0	100000
0	100000
0	100000
0	100000
0	100000
0	100000
0	100000
0	100000
5	100000
0	100000
0	100000
0	100000
0	100000
2590	100000
28	100000
20	100000
20	100000
20	100000
47	100000
20	100000
190	100000
29	100000
29	100000
26	100000
29	100000
235	100000
26	100000
4	100000
9	100000
4	100000
31	100000
5	100000
4	100000
6	100000
5	100000
5	100000
5	100000
6	100000
9	100000
4	100000
2515	100000
20	100000
20	100000
21	100000
24	100000
2040	100000
87620	100000
57944	100000
225	100000
196	100000
182	100000
206	100000
183	100000
189	100000
185	100000
205	100000
18	100000
46082	100000
56182	100000
24	100000
29	100000
25	100000
44	100000
23	100000
20	100000
21	100000
1882	100000
22	100000
27	100000
22	100000
22	100000
41	100000
22	100000
1543	100000
27	100000
26	100000
28	100000
26	100000
36	100000
26	100000
34	100000
26	100000
1636	100000
44	100000
21	100000
32	100000
33	100000
22	100000
27	100000
25	100000
2174	100000
95597	100000
45433	100000
3201	100000
83049	100000
568	100000
51	100000
21	100000
29	100000
21	100000
20	100000
30	100000
22	100000
18	100000
20	100000
31	100000
22	100000
1684	100000
35	100000
26	100000
35	100000
38	100000
32	100000
36	100000
51	100000
34	100000
37	100000
51	100000
37	100000
32	100000
37	100000
5	100000
1004	100000
2003	100000
99634	100000
38142	100000
64932	100000
45	100000
25	100000
530	100000
32	100000
42	100000
25	100000
29	100000
48	100000
21	100000
0	100000
0	100000
9	100000
0	100000
0	100000
0	100000
0	100000
0	100000
0	100000
0	100000
771	100000
29	100000
29	100000
26	100000
30	100000
47	100000
22	100000
22	100000
29	100000
21	100000
22	100000
21	100000
45	100000
23	100000
136	100000
26	100000
26	100000
26	100000
26	100000
51	100000
27	100000
35	100000
2883	100000
24	100000
41	100000
57285	100000
83671	100000
1309	100000
22	100000
27	100000
49	100000
32	100000
31	100000
51221	100000
20217	100000
354	100000
29	100000
22	100000
46	100000
21	100000
25	100000
0	100000
4	100000
0	100000
0	100000
0	100000
0	100000
0	100000
2146	100000
34	100000
26	100000
24	100000
49	100000
183	100000
30	100000
1969	100000
21	100000
21	100000
36	100000
30	100000
23	100000
1891	100000
97999	100000
43276	100000
27	100000
26	100000
21	100000
38	100000
507	100000
47545	100000
27454	100000
21	100000
36	100000
49	100000
800	100000
20	100000
157	100000
29	100000
26	100000
30	100000
26	100000
61	100000
32	100000
42	100000
24	100000
29	100000
26	100000
26	100000
226	100000
2043	100000
34	100000
32	100000
37	100000
32	100000
40	100000
39	100000
25	100000
24	100000
24	100000
44	100000
27	100000
35	100000
25	100000
5	100000
6	100000
6	100000
4	100000
74	100000
7	100000
859	100000
21	100000
24	100000
21	100000
21	100000
41	100000
18	100000
76181	100000
64468	100000
8430	100000
84446	100000
43	100000
56	100000
21	100000
0	100000
0	100000
0	100000
0	100000
0	100000
0	100000
0	100000
0	100000
5	100000
0	100000
606	100000
1623	100000
32	100000
257	100000
33	100000
40	100000
26	100000
26	100000
34	100000
30	100000
61	100000
26	100000
28	100000
38	100000
4	100000
4	100000
4	100000
4	100000
9	100000
4	100000
5	100000
4	100000
4	100000
4	100000
6	100000
4	100000
4	100000
4	100000
9	100000
4	100000
4	100000
4	100000
4	100000
3	100000
4	100000
4	100000
6	100000
4	100000
9	100000
3	100000
6	100000
4	100000
4	100000
4	100000
5	100000
5	100000
28	100000
4	100000
9	100000
5	100000
4	100000
4	100000
8	100000
4	100000
4	100000
4	100000
4	100000
6	100000
9	100000
3	100000
3	100000
5	100000
4	100000
4	100000
