369618944	438549000
369618944	438549000
369618944	438549000
369618944	438549000
369618944	438549000
369618944	438549000
369618944	438549000
369623040	438549000
369623040	438549000
369623040	438549000
369623040	438549000
369623040	438549000
369623040	438549000
369623040	438549000
369623040	438549000
369623040	438549000
369623040	438549000
369623040	438549000
369623040	438549000
369623040	438549000
369623040	438549000
369623040	438549000
369623040	438549000
369623040	438549000
369623040	438549000
369623040	438549000
369623040	438549000
369623040	438549000
369623040	438549000
369623040	438549000
369623040	438549000
369623040	438549000
369623040	438549000
369623040	438549000
369623040	438549000
369623040	438549000
369623040	438549000
369623040	438549000
369623040	438549000
369623040	438549000
369623040	438549000
369623040	438549000
369623040	438549000
369623040	438549000
369623040	438549000
369623040	438549000
369623040	438549000
369623040	438549000
369623040	438549000
369623040	438549000
369623040	438549000
369623040	438549000
369623040	438549000
369623040	438549000
369623040	438549000
369623040	438549000
369623040	438549000
369623040	438549000
369623040	438549000
369623040	438549000
369623040	438549000
369623040	438549000
369623040	438549000
369623040	438549000
369623040	438549000
369623040	438549000
369623040	438549000
369754112	438549000
369627136	438549000
369627136	438549000
369627136	438549000
369627136	438549000
369627136	438549000
369627136	438549000
369627136	438549000
369627136	438549000
369627136	438549000
369627136	438549000
369627136	438549000
369627136	438549000
369627136	438549000
369627136	438549000
369627136	438549000
369627136	438549000
369627136	438549000
369627136	438549000
369627136	438549000
369627136	438549000
369627136	438549000
369627136	438549000
369627136	438549000
369627136	438549000
369627136	438549000
369627136	438549000
369627136	438549000
369627136	438549000
369627136	438549000
369627136	438549000
369627136	438549000
369627136	438549000
369627136	438549000
369627136	438549000
369627136	438549000
369627136	438549000
369627136	438549000
369627136	438549000
369627136	438549000
369627136	438549000
369627136	438549000
369627136	438549000
369627136	438549000
369627136	438549000
369627136	438549000
369627136	438549000
369627136	438549000
369627136	438549000
369627136	438549000
369627136	438549000
369627136	438549000
369627136	438549000
369627136	438549000
369627136	438549000
369627136	438549000
369627136	438549000
369627136	438549000
369627136	438549000
369627136	438549000
369627136	438549000
369627136	438549000
369627136	438549000
369627136	438549000
369627136	438549000
369627136	438549000
369627136	438549000
369627136	438549000
369627136	438549000
369627136	438549000
369627136	438549000
369627136	438549000
369627136	438549000
369627136	438549000
369627136	438549000
369627136	438549000
369627136	438549000
369627136	438549000
369627136	438549000
369627136	438549000
369627136	438549000
369627136	438549000
369627136	438549000
369627136	438549000
369627136	438549000
369627136	438549000
369627136	438549000
369627136	438549000
369627136	438549000
369627136	438549000
369627136	438549000
369627136	438549000
369627136	438549000
369627136	438549000
369627136	438549000
369627136	438549000
369627136	438549000
369627136	438549000
369627136	438549000
369627136	438549000
369627136	438549000
369627136	438549000
369627136	438549000
369627136	438549000
369627136	438549000
369627136	438549000
369627136	438549000
369627136	438549000
369627136	438549000
369627136	438549000
369627136	438549000
369627136	438549000
369627136	438549000
