0.0	417000.0
117.0	417000.0
1389.0	417000.0
156.0	417000.0
134.0	417000.0
111.0	417000.0
193.0	417000.0
165.0	417000.0
311.0	417000.0
118.0	417000.0
109.0	417000.0
117.0	417000.0
2749.0	417000.0
120.0	417000.0
123.0	417000.0
123.0	417000.0
144.0	417000.0
147.0	417000.0
119.0	417000.0
109.0	417000.0
117.0	417000.0
105.0	417000.0
966.0	417000.0
117.0	417000.0
97.0	417000.0
117.0	417000.0
131.0	417000.0
183.0	417000.0
115.0	417000.0
113.0	417000.0
122.0	417000.0
122.0	417000.0
1084.0	417000.0
115.0	417000.0
117.0	417000.0
115.0	417000.0
245.0	417000.0
117.0	417000.0
119.0	417000.0
122.0	417000.0
105.0	417000.0
167.0	417000.0
895.0	417000.0
114.0	417000.0
130.0	417000.0
128.0	417000.0
377.0	417000.0
131.0	417000.0
125.0	417000.0
121.0	417000.0
152.0	417000.0
187.0	417000.0
256.0	417000.0
112.0	417000.0
107.0	417000.0
146.0	417000.0
292.0	417000.0
158.0	417000.0
121.0	417000.0
128.0	417000.0
114.0	417000.0
178.0	417000.0
225.0	417000.0
123.0	417000.0
128.0	417000.0
119.0	417000.0
223.0	417000.0
127.0	417000.0
122.0	417000.0
120.0	417000.0
107.0	417000.0
198.0	417000.0
290.0	417000.0
125.0	417000.0
126.0	417000.0
124.0	417000.0
189.0	417000.0
124.0	417000.0
126.0	417000.0
117.0	417000.0
129.0	417000.0
294.0	417000.0
127.0	417000.0
116.0	417000.0
122.0	417000.0
121.0	417000.0
251.0	417000.0
181.0	417000.0
108.0	417000.0
115.0	417000.0
124.0	417000.0
287.0	417000.0
128.0	417000.0
126.0	417000.0
122.0	417000.0
136.0	417000.0
188.0	417000.0
117.0	417000.0
125.0	417000.0
131.0	417000.0
122.0	417000.0
285.0	417000.0
155.0	417000.0
126.0	417000.0
121.0	417000.0
120.0	417000.0
197.0	417000.0
128.0	417000.0
120.0	417000.0
114.0	417000.0
124.0	417000.0
269.0	417000.0
124.0	417000.0
122.0	417000.0
133.0	417000.0
125.0	417000.0
185.0	417000.0
149.0	417000.0
121.0	417000.0
116.0	417000.0
