0	30000
0	30000
0	30000
0	30000
0	30000
0	30000
0	30000
0	30000
0	30000
0	30000
0	30000
0	30000
0	30000
0	30000
0	30000
0	30000
0	30000
0	30000
0	30000
0	30000
0	30000
0	30000
0	30000
0	30000
0	30000
0	30000
0	30000
0	30000
0	30000
0	30000
5	30000
0	30000
0	30000
0	30000
0	30000
0	30000
0	30000
0	30000
0	30000
0	30000
0	30000
0	30000
0	30000
0	30000
0	30000
0	30000
0	30000
0	30000
0	30000
0	30000
0	30000
0	30000
0	30000
0	30000
0	30000
0	30000
0	30000
0	30000
0	30000
0	30000
0	30000
0	30000
0	30000
0	30000
0	30000
0	30000
0	30000
0	30000
0	30000
0	30000
0	30000
0	30000
0	30000
0	30000
0	30000
0	30000
0	30000
0	30000
0	30000
0	30000
0	30000
0	30000
0	30000
0	30000
0	30000
0	30000
0	30000
0	30000
0	30000
0	30000
4	30000
0	30000
0	30000
0	30000
0	30000
0	30000
0	30000
0	30000
0	30000
0	30000
0	30000
0	30000
0	30000
0	30000
0	30000
0	30000
0	30000
0	30000
0	30000
0	30000
0	30000
0	30000
0	30000
0	30000
0	30000
0	30000
0	30000
0	30000
0	30000
0	30000
