0.0	30400.0
1888.0	30400.0
3098.0	30400.0
3743.0	30400.0
3159.0	30400.0
764.0	30400.0
1794.0	30400.0
2431.0	30400.0
246.0	30400.0
2829.0	30400.0
1222.0	30400.0
2434.0	30400.0
4365.0	30400.0
8193.0	30400.0
9016.0	30400.0
8086.0	30400.0
9400.0	30400.0
12462.0	30400.0
12175.0	30400.0
13334.0	30400.0
16686.0	30400.0
11803.0	30400.0
15774.0	30400.0
18189.0	30400.0
17138.0	30400.0
14556.0	30400.0
14748.0	30400.0
14768.0	30400.0
16835.0	30400.0
18965.0	30400.0
14845.0	30400.0
16622.0	30400.0
13638.0	30400.0
15333.0	30400.0
17817.0	30400.0
17989.0	30400.0
17814.0	30400.0
20930.0	30400.0
18686.0	30400.0
18590.0	30400.0
22759.0	30400.0
19859.0	30400.0
21033.0	30400.0
16097.0	30400.0
17875.0	30400.0
17786.0	30400.0
16954.0	30400.0
16347.0	30400.0
14149.0	30400.0
20074.0	30400.0
22595.0	30400.0
21685.0	30400.0
20389.0	30400.0
16781.0	30400.0
10493.0	30400.0
18712.0	30400.0
13812.0	30400.0
24649.0	30400.0
15154.0	30400.0
16333.0	30400.0
17279.0	30400.0
21356.0	30400.0
16478.0	30400.0
16252.0	30400.0
16141.0	30400.0
17757.0	30400.0
20704.0	30400.0
17786.0	30400.0
14591.0	30400.0
16385.0	30400.0
17948.0	30400.0
18179.0	30400.0
21032.0	30400.0
20238.0	30400.0
20818.0	30400.0
17435.0	30400.0
15006.0	30400.0
16487.0	30400.0
13395.0	30400.0
20887.0	30400.0
17470.0	30400.0
17129.0	30400.0
15104.0	30400.0
17777.0	30400.0
16471.0	30400.0
20059.0	30400.0
11481.0	30400.0
11180.0	30400.0
18069.0	30400.0
17476.0	30400.0
23228.0	30400.0
18059.0	30400.0
15146.0	30400.0
12845.0	30400.0
13301.0	30400.0
16993.0	30400.0
17949.0	30400.0
20797.0	30400.0
19353.0	30400.0
18200.0	30400.0
20981.0	30400.0
18393.0	30400.0
11778.0	30400.0
20895.0	30400.0
11852.0	30400.0
9434.0	30400.0
9533.0	30400.0
9217.0	30400.0
8438.0	30400.0
8504.0	30400.0
7440.0	30400.0
14600.0	30400.0
17428.0	30400.0
16151.0	30400.0
18363.0	30400.0
17308.0	30400.0
17462.0	30400.0
13758.0	30400.0
9053.0	30400.0
11826.0	30400.0
10348.0	30400.0
11747.0	30400.0
10666.0	30400.0
12304.0	30400.0
9934.0	30400.0
10758.0	30400.0
14100.0	30400.0
8153.0	30400.0
14790.0	30400.0
10968.0	30400.0
13642.0	30400.0
16867.0	30400.0
10301.0	30400.0
12138.0	30400.0
17380.0	30400.0
12372.0	30400.0
19732.0	30400.0
22670.0	30400.0
19185.0	30400.0
15441.0	30400.0
22676.0	30400.0
17573.0	30400.0
12060.0	30400.0
16056.0	30400.0
14419.0	30400.0
20386.0	30400.0
17933.0	30400.0
19623.0	30400.0
11022.0	30400.0
14608.0	30400.0
19980.0	30400.0
21433.0	30400.0
15110.0	30400.0
15478.0	30400.0
10493.0	30400.0
17801.0	30400.0
8470.0	30400.0
16315.0	30400.0
20310.0	30400.0
16806.0	30400.0
14807.0	30400.0
18498.0	30400.0
16157.0	30400.0
16209.0	30400.0
12281.0	30400.0
19791.0	30400.0
7059.0	30400.0
19672.0	30400.0
12691.0	30400.0
25274.0	30400.0
10380.0	30400.0
7928.0	30400.0
13613.0	30400.0
9884.0	30400.0
8128.0	30400.0
10659.0	30400.0
8013.0	30400.0
9555.0	30400.0
13777.0	30400.0
6721.0	30400.0
