30000000,1037555,1642188725006506
30000000,1041211,1642188725102113
30000000,3142665,1642188725205587
30000000,1036339,1642188725305703
30000000,4218040,1642188725405418
30000000,1035396,1642188725505489
30000000,1031367,1642188725606264
30000000,1031822,1642188725705935
30000000,1031795,1642188725805768
30000000,1036740,1642188725905776
30000000,1036622,1642188726006296
30000000,1042269,1642188726106214
30000000,3152634,1642188726202165
30000000,1036400,1642188726309570
30000000,5235041,1642188726405988
30000000,1037791,1642188726506129
30000000,1035238,1642188726605991
30000000,1040090,1642188726705921
30000000,1029964,1642188726806100
30000000,1033633,1642188726905887
30000000,1031229,1642188727005470
30000000,1045252,1642188727105969
30000000,3144580,1642188727206096
30000000,1033710,1642188727301466
30000000,6328611,1642188727406009
30000000,1038095,1642188727506112
30000000,1037889,1642188727609292
30000000,1036207,1642188727705848
30000000,1049190,1642188727807940
30000000,1045616,1642188727906143
30000000,1039023,1642188728006280
30000000,1046753,1642188728105299
30000000,3145948,1642188728205782
30000000,1038548,1642188728305916
30000000,4225965,1642188728405850
30000000,1036907,1642188728506056
30000000,1037422,1642188728605797
30000000,1033426,1642188728705990
30000000,1029233,1642188728802025
30000000,1050844,1642188728905843
30000000,2042184,1642188729005800
30000000,12503581,1642188729106184
30000000,4222947,1642188729209641
30000000,1035817,1642188729305618
30000000,4239677,1642188729405901
30000000,1034767,1642188729505879
30000000,1033379,1642188729606016
30000000,1038162,1642188729705886
30000000,1035765,1642188729805876
30000000,1033410,1642188729905852
30000000,1039401,1642188730009574
30000000,1038367,1642188730105245
30000000,3147128,1642188730206052
30000000,1041041,1642188730305978
30000000,6236022,1642188730405924
30000000,1038512,1642188730505576
30000000,1030032,1642188730605239
30000000,1035774,1642188730705664
30000000,2079519,1642188730805434
30000000,4077597,1642188730905495
30000000,1037334,1642188731005543
30000000,1086635,1642188731105577
30000000,3209800,1642188731205870
30000000,1044979,1642188731305753
30000000,5281594,1642188731405602
30000000,1038376,1642188731502084
30000000,1038610,1642188731605876
30000000,1077874,1642188731705878
30000000,1025519,1642188731805543
30000000,1030608,1642188731906047
30000000,2119192,1642188732005455
30000000,1042315,1642188732105732
30000000,3137036,1642188732205396
30000000,1036854,1642188732306292
30000000,4216624,1642188732405995
30000000,1036736,1642188732505986
30000000,2063103,1642188732605750
30000000,1037721,1642188732709064
30000000,1040167,1642188732805430
30000000,1034040,1642188732905726
30000000,1034451,1642188733009087
30000000,1043087,1642188733105735
30000000,3143604,1642188733205708
30000000,1045607,1642188733305695
30000000,4243918,1642188733405885
30000000,1126176,1642188733505793
30000000,1039513,1642188733609299
30000000,1031730,1642188733705782
30000000,1031815,1642188733809350
30000000,1085707,1642188733905569
30000000,1043640,1642188734005637
30000000,15930418,1642188734105889
30000000,3135785,1642188734205889
30000000,3075585,1642188734305448
30000000,4259346,1642188734405255
30000000,1026957,1642188734506007
30000000,2073594,1642188734606020
30000000,1034036,1642188734705793
30000000,1040952,1642188734805777
30000000,1037786,1642188734905856
30000000,1039283,1642188735006297
30000000,1093670,1642188735106375
30000000,5140857,1642188735206107
30000000,1039543,1642188735309039
30000000,4255938,1642188735405942
30000000,2070877,1642188735505957
30000000,1085427,1642188735605817
30000000,1034480,1642188735705308
30000000,1035942,1642188735805788
30000000,1042216,1642188735909507
30000000,1042720,1642188736005822
30000000,1042795,1642188736105699
30000000,3132470,1642188736209391
30000000,1034971,1642188736305736
30000000,4290244,1642188736405939
30000000,1041328,1642188736505748
30000000,1031865,1642188736605831
30000000,1083589,1642188736705667
30000000,2039399,1642188736805883
30000000,1034795,1642188736905335
30000000,1034547,1642188737005988
30000000,1035774,1642188737104964
30000000,3142586,1642188737205835
30000000,1041315,1642188737305339
30000000,4244666,1642188737405691
30000000,1039465,1642188737506178
30000000,1038103,1642188737605975
30000000,1028409,1642188737705929
30000000,1037946,1642188737805956
30000000,1036816,1642188737906003
30000000,1038060,1642188738005604
30000000,1034660,1642188738105596
30000000,3148415,1642188738201443
30000000,1042218,1642188738305755
30000000,5289195,1642188738405753
30000000,1035063,1642188738505346
30000000,1031064,1642188738605537
30000000,1040682,1642188738705759
30000000,1038721,1642188738805730
30000000,1043626,1642188738905854
30000000,1038107,1642188739005784
30000000,12494308,1642188739105791
30000000,3133654,1642188739205463
30000000,1033909,1642188739305900
30000000,4245271,1642188739405976
30000000,1037008,1642188739505681
30000000,1038456,1642188739605742
30000000,1037662,1642188739705776
30000000,1046814,1642188739805763
30000000,1047186,1642188739901689
30000000,1037061,1642188740001535
30000000,1096208,1642188740105152
30000000,3140800,1642188740208964
30000000,1038971,1642188740305742
30000000,4236815,1642188740405808
30000000,1041567,1642188740505707
30000000,1035399,1642188740605895
30000000,1039471,1642188740705790
30000000,1037233,1642188740805325
30000000,1038323,1642188740905737
30000000,1037015,1642188741005774
30000000,2081410,1642188741102216
30000000,3168361,1642188741209230
30000000,1043382,1642188741305730
30000000,4234929,1642188741405721
30000000,1041141,1642188741505872
30000000,1035778,1642188741605827
30000000,1045330,1642188741706228
30000000,2091566,1642188741805906
30000000,2044598,1642188741905351
30000000,1033314,1642188742005310
30000000,1040347,1642188742106001
30000000,3108545,1642188742205620
30000000,2064018,1642188742305941
30000000,4257840,1642188742404921
30000000,1040197,1642188742504842
30000000,1039455,1642188742606533
30000000,1042637,1642188742706190
30000000,1044401,1642188742805067
30000000,1041999,1642188742906025
30000000,1046028,1642188743005340
30000000,1042589,1642188743106229
30000000,3135552,1642188743206042
30000000,1036656,1642188743305189
30000000,6228670,1642188743405015
30000000,1026997,1642188743506177
30000000,1038858,1642188743605860
30000000,1043580,1642188743705958
30000000,1032757,1642188743806060
30000000,1035232,1642188743905754
30000000,1032503,1642188744006039
30000000,19155695,1642188744105064
30000000,4163036,1642188744206075
30000000,1030885,1642188744306121
30000000,3213107,1642188744405966
30000000,1037310,1642188744506449
30000000,1033859,1642188744606027
30000000,1040049,1642188744705940
30000000,1029434,1642188744806278
30000000,1035243,1642188744905708
30000000,1037353,1642188745005839
30000000,1037798,1642188745106050
30000000,3124318,1642188745205498
30000000,2064327,1642188745305057
30000000,3149035,1642188745405168
30000000,1035864,1642188745505730
30000000,1030497,1642188745605524
30000000,1029735,1642188745706093
30000000,2197388,1642188745806339
30000000,1035780,1642188745906121
30000000,1030668,1642188746005281
30000000,2074023,1642188746105894
30000000,3121739,1642188746204863
30000000,1026949,1642188746305262
30000000,4286403,1642188746405630
30000000,1032215,1642188746505983
30000000,1048067,1642188746605856
30000000,1024819,1642188746705847
30000000,1034256,1642188746805274
30000000,1037147,1642188746908889
30000000,1034064,1642188747005956
30000000,1020952,1642188747105792
30000000,3098254,1642188747205641
30000000,1030440,1642188747305433
30000000,4263377,1642188747405535
30000000,1040153,1642188747505602
30000000,1034441,1642188747605249
30000000,1030032,1642188747704964
30000000,1043091,1642188747804825
30000000,2021860,1642188747906387
30000000,1036732,1642188748005986
30000000,1021294,1642188748106015
30000000,3124302,1642188748206486
30000000,2085825,1642188748305898
30000000,3141243,1642188748406165
30000000,1032252,1642188748505914
30000000,1023700,1642188748606175
30000000,2112700,1642188748705986
30000000,2059654,1642188748805975
30000000,2060113,1642188748906095
30000000,1042776,1642188749005726
30000000,13559214,1642188749106010
30000000,3880233,1642188749204768
30000000,1042689,1642188749305729
30000000,3177473,1642188749405937
30000000,1040695,1642188749505766
30000000,1086807,1642188749606153
30000000,1035979,1642188749706014
30000000,1034929,1642188749805182
30000000,1037629,1642188749906091
30000000,1041104,1642188750005389
30000000,1037551,1642188750106088
30000000,3126295,1642188750206111
30000000,1035992,1642188750305751
30000000,6180279,1642188750405671
30000000,1037139,1642188750506155
30000000,1039109,1642188750605070
30000000,2097608,1642188750706010
30000000,1045447,1642188750805839
30000000,1043878,1642188750906014
30000000,1022132,1642188751006019
30000000,1021657,1642188751105895
30000000,4176877,1642188751205919
30000000,1039208,1642188751304924
30000000,5320784,1642188751405145
30000000,1036341,1642188751506301
30000000,1042955,1642188751606225
30000000,2031269,1642188751706009
30000000,2079159,1642188751806015
30000000,2066962,1642188751905730
30000000,1038721,1642188752005803
30000000,1044794,1642188752105709
30000000,3111999,1642188752205063
30000000,1037621,1642188752305853
30000000,4260176,1642188752405739
30000000,1041635,1642188752505646
30000000,1037422,1642188752605619
30000000,1037749,1642188752704915
30000000,2058081,1642188752805150
30000000,1034485,1642188752905984
30000000,2036025,1642188753005794
30000000,1046330,1642188753104921
30000000,3115814,1642188753206141
30000000,1033834,1642188753305159
30000000,4303877,1642188753405903
30000000,1036108,1642188753506268
30000000,1039247,1642188753604961
30000000,1090210,1642188753705990
30000000,1058049,1642188753805925
30000000,1032309,1642188753904905
30000000,1041963,1642188754004988
30000000,15894227,1642188754105618
30000000,3349361,1642188754205754
30000000,1034971,1642188754305722
30000000,4217180,1642188754405942
30000000,1046162,1642188754505631
30000000,2067642,1642188754605944
30000000,1046302,1642188754705691
30000000,1045240,1642188754805805
30000000,1021532,1642188754905809
30000000,1022493,1642188755005735
30000000,1036853,1642188755105782
30000000,3125141,1642188755205985
30000000,1034608,1642188755306141
30000000,5271628,1642188755405278
30000000,2061306,1642188755505653
30000000,1038473,1642188755605893
30000000,2098994,1642188755705219
30000000,1036093,1642188755805479
30000000,2067362,1642188755906138
30000000,1042209,1642188756005774
30000000,1038593,1642188756105807
30000000,3153162,1642188756205916
30000000,1085423,1642188756305937
30000000,4194654,1642188756405759
30000000,1042805,1642188756505731
30000000,1042596,1642188756607424
30000000,1043763,1642188756706160
30000000,1122911,1642188756805496
30000000,2073230,1642188756905731
30000000,1032146,1642188757005375
30000000,1032849,1642188757106530
30000000,3117032,1642188757205972
30000000,1045140,1642188757305480
30000000,4168086,1642188757405716
30000000,1034185,1642188757505755
30000000,2056027,1642188757605533
30000000,1044068,1642188757705793
30000000,1039149,1642188757806451
30000000,1043812,1642188757905596
30000000,1039698,1642188758006034
30000000,1034393,1642188758106153
30000000,3105418,1642188758205843
30000000,1041508,1642188758305297
30000000,4200908,1642188758406427
30000000,1030712,1642188758505272
30000000,1049721,1642188758605351
30000000,1033197,1642188758705367
30000000,3038760,1642188758805863
30000000,1045149,1642188758905557
30000000,2065383,1642188759005516
30000000,13479323,1642188759105858
30000000,3117980,1642188759205559
30000000,1020252,1642188759305306
30000000,4277550,1642188759405767
30000000,2097561,1642188759505368
30000000,1034200,1642188759605657
30000000,6125709,1642188759705637
30000000,1040514,1642188759805854
30000000,1041560,1642188759905900
30000000,1086376,1642188760005466
30000000,1039372,1642188760105645
30000000,3134821,1642188760205724
30000000,1047241,1642188760305664
30000000,4263761,1642188760405764
30000000,1043752,1642188760505200
30000000,1038911,1642188760606103
30000000,1038334,1642188760705660
30000000,1039140,1642188760805040
30000000,1038917,1642188760905259
30000000,2078051,1642188761005575
30000000,1082300,1642188761105858
30000000,4162091,1642188761205667
30000000,1029733,1642188761305273
30000000,4220205,1642188761405492
30000000,1038174,1642188761505653
30000000,1043290,1642188761608669
30000000,1046182,1642188761705500
30000000,1025528,1642188761804925
30000000,1086783,1642188761904675
30000000,1036983,1642188762004656
30000000,1042764,1642188762105306
30000000,3105274,1642188762205202
30000000,1044582,1642188762305550
30000000,4214258,1642188762405823
30000000,1108919,1642188762505555
30000000,2108759,1642188762605487
30000000,1034496,1642188762705817
30000000,1036406,1642188762805920
30000000,1038350,1642188762905569
30000000,1035879,1642188763008592
30000000,1034969,1642188763105778
30000000,4192917,1642188763205437
30000000,1048998,1642188763308516
30000000,8220172,1642188763405475
30000000,2077838,1642188763505818
30000000,2059100,1642188763605494
30000000,1037223,1642188763705917
30000000,1036091,1642188763808604
30000000,1040850,1642188763905780
30000000,1037071,1642188764008725
30000000,14647491,1642188764104913
30000000,3127772,1642188764208631
30000000,1045050,1642188764305666
30000000,4260513,1642188764405816
30000000,1034321,1642188764509619
30000000,1041406,1642188764604847
30000000,2121522,1642188764704894
30000000,1045083,1642188764805044
30000000,1038376,1642188764905347
30000000,1038654,1642188765004977
30000000,1045844,1642188765105227
30000000,3135741,1642188765205662
30000000,1037363,1642188765305735
30000000,4193121,1642188765404854
30000000,1041002,1642188765505244
30000000,1038119,1642188765605756
30000000,1081659,1642188765705659
30000000,1041024,1642188765805986
30000000,1047511,1642188765905728
30000000,1042740,1642188766005849
30000000,1043342,1642188766105065
30000000,3106590,1642188766205832
30000000,1036818,1642188766305701
30000000,4230789,1642188766405916
30000000,1036432,1642188766505374
30000000,1036454,1642188766605685
30000000,1030469,1642188766705801
30000000,1034324,1642188766805708
30000000,1033030,1642188766904545
30000000,1036773,1642188767005669
30000000,1041825,1642188767105138
30000000,4160463,1642188767204873
30000000,2079021,1642188767304995
30000000,3140398,1642188767405697
30000000,1038165,1642188767505045
30000000,2086290,1642188767604831
30000000,1046421,1642188767705638
30000000,1035367,1642188767805498
30000000,1031318,1642188767905744
30000000,2055233,1642188768005928
30000000,2075710,1642188768104958
30000000,3165833,1642188768205746
30000000,1043814,1642188768305483
30000000,4268442,1642188768405587
30000000,1035705,1642188768505689
30000000,1039800,1642188768605188
30000000,2117995,1642188768705390
30000000,1034605,1642188768805608
30000000,1040318,1642188768905321
30000000,2073402,1642188769005597
30000000,13452233,1642188769105746
30000000,3115636,1642188769205182
30000000,1041070,1642188769305275
30000000,7251526,1642188769405598
30000000,1042547,1642188769504649
30000000,1032585,1642188769605606
30000000,1050600,1642188769704824
30000000,2067543,1642188769805198
30000000,1054406,1642188769905492
30000000,1038265,1642188770005255
30000000,1088522,1642188770105536
30000000,3157435,1642188770205494
30000000,1024678,1642188770304797
30000000,4148653,1642188770405610
30000000,1035304,1642188770505480
30000000,1038159,1642188770605641
30000000,1043833,1642188770705692
30000000,1028681,1642188770805040
30000000,1034317,1642188770905349
30000000,1036003,1642188771005561
30000000,1034094,1642188771105547
30000000,3132989,1642188771205232
30000000,1033257,1642188771305406
30000000,3187911,1642188771405555
30000000,1041488,1642188771505522
30000000,1038180,1642188771604549
30000000,1035230,1642188771704931
30000000,1042480,1642188771804484
30000000,1026166,1642188771905001
30000000,1044072,1642188772005459
30000000,1082610,1642188772104954
30000000,4162738,1642188772205461
30000000,1034386,1642188772305721
30000000,3177291,1642188772405616
30000000,1035909,1642188772505522
30000000,2080514,1642188772605664
30000000,1032176,1642188772704726
30000000,1040269,1642188772805261
30000000,1037688,1642188772905537
30000000,1071209,1642188773005635
30000000,3069780,1642188773105757
30000000,3244355,1642188773205470
30000000,1038754,1642188773304546
30000000,4249349,1642188773405498
30000000,1044534,1642188773504961
30000000,1034705,1642188773605023
30000000,1047316,1642188773704676
30000000,1045754,1642188773805418
30000000,1035954,1642188773904920
30000000,2140770,1642188774005726
30000000,11703046,1642188774104935
30000000,3132032,1642188774205400
30000000,1038732,1642188774305304
30000000,4266398,1642188774401462
30000000,1038651,1642188774501960
30000000,1034623,1642188774605387
30000000,2132985,1642188774705163
30000000,1045791,1642188774805479
30000000,1042855,1642188774905416
30000000,1044912,1642188775005000
30000000,2082839,1642188775105364
30000000,3133118,1642188775208462
30000000,1045236,1642188775304643
30000000,5219803,1642188775405260
30000000,1043779,1642188775504687
30000000,1034161,1642188775608552
30000000,1033562,1642188775705465
30000000,1035528,1642188775805501
30000000,2047329,1642188775905294
30000000,1045873,1642188776005375
30000000,1029104,1642188776105573
30000000,3129420,1642188776204851
30000000,1031679,1642188776305471
30000000,4309002,1642188776404508
30000000,1039684,1642188776505412
30000000,1041025,1642188776605447
30000000,1044959,1642188776705273
30000000,2083439,1642188776805411
30000000,1046487,1642188776905451
30000000,1035408,1642188777004684
30000000,1047832,1642188777105442
30000000,3118562,1642188777205502
30000000,1039219,1642188777305358
30000000,5237170,1642188777405324
30000000,1071542,1642188777505511
30000000,1045261,1642188777605412
30000000,2041252,1642188777705571
30000000,1040199,1642188777805237
30000000,1043422,1642188777905328
30000000,1040594,1642188778005104
30000000,2133280,1642188778105224
30000000,3135392,1642188778204604
30000000,1042075,1642188778305255
30000000,4260255,1642188778405558
30000000,1040870,1642188778505188
30000000,1042656,1642188778605356
30000000,1036986,1642188778705398
30000000,1041689,1642188778805476
30000000,1046886,1642188778904692
30000000,1035173,1642188779004816
30000000,13436399,1642188779105753
30000000,3109152,1642188779205237
30000000,1032829,1642188779305376
30000000,5262491,1642188779404273
30000000,1069842,1642188779505538
30000000,1045621,1642188779605248
30000000,2090334,1642188779705536
30000000,2071539,1642188779804824
30000000,2079929,1642188779904596
30000000,2023167,1642188780005152
30000000,1024733,1642188780105393
30000000,3108120,1642188780204962
30000000,1021847,1642188780305240
30000000,4284398,1642188780405435
30000000,2066744,1642188780505603
30000000,1049936,1642188780604910
30000000,1020450,1642188780705381
30000000,2077452,1642188780804152
30000000,1058270,1642188780905117
30000000,1045422,1642188781004835
30000000,1035897,1642188781105373
30000000,4205953,1642188781204440
30000000,1033447,1642188781305108
30000000,4126249,1642188781404536
30000000,1118048,1642188781505499
30000000,1036859,1642188781605474
30000000,1040849,1642188781705348
30000000,1037716,1642188781805518
30000000,1043275,1642188781904322
30000000,1045019,1642188782005538
30000000,1038417,1642188782104826
30000000,3138912,1642188782205284
30000000,1046900,1642188782304307
30000000,3155385,1642188782404353
30000000,1068076,1642188782504824
30000000,1040367,1642188782605243
30000000,1038394,1642188782704638
30000000,1040904,1642188782804884
30000000,2090000,1642188782905934
30000000,1035088,1642188783005179
30000000,2109494,1642188783105450
30000000,3140781,1642188783205594
30000000,2190460,1642188783305767
30000000,4212066,1642188783405377
30000000,2098289,1642188783505471
30000000,1044715,1642188783604193
30000000,1030295,1642188783701776
30000000,1038768,1642188783805222
30000000,1024778,1642188783905494
30000000,1026446,1642188784004913
30000000,15101174,1642188784104987
30000000,3185788,1642188784205620
30000000,1043130,1642188784304794
30000000,4284620,1642188784405420
30000000,1073828,1642188784501749
30000000,1041741,1642188784608211
30000000,1022934,1642188784705747
30000000,1037861,1642188784808350
30000000,1035536,1642188784906094
30000000,1040044,1642188785005328
30000000,1040467,1642188785104771
30000000,3146165,1642188785205384
30000000,2085879,1642188785304788
30000000,3126932,1642188785405681
30000000,3176358,1642188785505620
30000000,1044348,1642188785605456
30000000,1047632,1642188785705303
30000000,1044487,1642188785805175
30000000,1049068,1642188785905032
30000000,1046185,1642188786005437
30000000,1045230,1642188786104152
30000000,3143350,1642188786204836
30000000,1047247,1642188786305120
30000000,3132395,1642188786405259
30000000,2117183,1642188786505406
30000000,1034683,1642188786605771
30000000,1041559,1642188786705037
30000000,1040863,1642188786804396
30000000,1046102,1642188786905463
30000000,1024792,1642188787005399
30000000,1041135,1642188787104829
30000000,4170223,1642188787205218
30000000,1045072,1642188787304474
30000000,2111594,1642188787404594
30000000,3177321,1642188787504256
30000000,1037970,1642188787604572
30000000,1045135,1642188787704434
30000000,1040763,1642188787805411
30000000,1043561,1642188787904587
30000000,1035061,1642188788004580
30000000,1142387,1642188788105516
30000000,3147638,1642188788205570
30000000,1040583,1642188788305227
30000000,2106351,1642188788404621
30000000,3218733,1642188788505414
30000000,1036570,1642188788605113
30000000,1042475,1642188788704382
30000000,1040704,1642188788805041
30000000,1043818,1642188788904406
30000000,1037047,1642188789004683
30000000,16399149,1642188789104952
30000000,3125808,1642188789204607
30000000,1044275,1642188789305022
30000000,5046748,1642188789404364
30000000,3179223,1642188789504661
30000000,1046655,1642188789604908
30000000,1049315,1642188789705136
30000000,2085363,1642188789805241
30000000,1042544,1642188789905298
30000000,1037982,1642188790005281
30000000,1037367,1642188790105254
30000000,4178929,1642188790205055
30000000,1041818,1642188790305221
30000000,2109725,1642188790405366
30000000,3154585,1642188790505181
30000000,1037523,1642188790605321
30000000,1090079,1642188790704609
30000000,1043573,1642188790804611
30000000,1045957,1642188790905221
30000000,1046251,1642188791004524
30000000,1036545,1642188791104179
30000000,3187692,1642188791204773
30000000,1045944,1642188791305411
30000000,2146141,1642188791405329
30000000,3167722,1642188791508515
30000000,2024609,1642188791605266
30000000,1039633,1642188791704368
30000000,1040649,1642188791805452
30000000,2083191,1642188791904964
30000000,1049143,1642188792005450
30000000,1040441,1642188792105295
30000000,3198041,1642188792205469
30000000,1035920,1642188792305142
30000000,2108993,1642188792404952
30000000,3201848,1642188792504224
30000000,1043126,1642188792605311
30000000,1035829,1642188792704958
30000000,1029005,1642188792805006
30000000,1043772,1642188792905321
30000000,1035733,1642188793004830
30000000,1034666,1642188793105127
30000000,18360336,1642188793204645
30000000,1041804,1642188793304260
30000000,1087556,1642188793405068
30000000,18813184,1642188793504548
30000000,1037054,1642188793605386
30000000,1020677,1642188793705495
30000000,1020491,1642188793805501
30000000,1047168,1642188793905623
30000000,1024374,1642188794005135
30000000,3321997,1642188794105193
30000000,4233024,1642188794208235
30000000,1087791,1642188794304398
30000000,2086712,1642188794405228
30000000,4284825,1642188794506136
30000000,1040399,1642188794605252
30000000,1044802,1642188794705116
30000000,1036000,1642188794805526
30000000,2124547,1642188794904741
30000000,1046222,1642188795005586
30000000,1048416,1642188795104759
30000000,3129421,1642188795205375
30000000,2140883,1642188795304155
30000000,2137388,1642188795404776
30000000,4274007,1642188795505124
30000000,1033002,1642188795604566
30000000,1039719,1642188795708384
30000000,1022501,1642188795804378
30000000,1035323,1642188795905186
30000000,1036735,1642188796004413
30000000,1039281,1642188796105523
30000000,3121703,1642188796205534
30000000,2078731,1642188796305162
30000000,1020795,1642188796405129
30000000,6219807,1642188796505017
30000000,1044732,1642188796605093
30000000,1041513,1642188796705237
30000000,1042886,1642188796804377
30000000,1045213,1642188796904584
30000000,1042927,1642188797004181
30000000,1044419,1642188797104780
30000000,4219512,1642188797204605
30000000,3044499,1642188797301485
30000000,1039796,1642188797404606
30000000,4235575,1642188797505209
30000000,1033603,1642188797605049
30000000,1041256,1642188797705085
30000000,1043713,1642188797805093
30000000,1040362,1642188797905123
30000000,2075364,1642188798005041
30000000,1028838,1642188798104740
30000000,3130293,1642188798204894
30000000,1036533,1642188798304796
30000000,1043648,1642188798405346
30000000,13531265,1642188798505101
30000000,1030031,1642188798604640
30000000,2075037,1642188798704666
30000000,1091767,1642188798805194
30000000,1046210,1642188798905233
30000000,1034989,1642188799004872
30000000,1035974,1642188799104739
30000000,3156964,1642188799208007
30000000,1034277,1642188799304963
30000000,1036850,1642188799404960
30000000,4236359,1642188799504902
30000000,1039269,1642188799603953
30000000,1045582,1642188799705260
30000000,2097791,1642188799804985
30000000,1039685,1642188799904613
30000000,1046598,1642188800005007
30000000,1044672,1642188800104367
30000000,3150863,1642188800204782
30000000,1050161,1642188800305111
30000000,1086894,1642188800404273
30000000,5185190,1642188800505001
30000000,1030787,1642188800604844
30000000,1021883,1642188800704973
30000000,1035208,1642188800804702
30000000,1034060,1642188800904797
30000000,1033272,1642188801005342
30000000,1033460,1642188801104462
30000000,4311485,1642188801204329
30000000,1086871,1642188801304985
30000000,1035440,1642188801401122
30000000,4290082,1642188801505098
30000000,2091103,1642188801605198
30000000,2075889,1642188801704245
30000000,1034218,1642188801805135
30000000,1041017,1642188801908804
30000000,1038734,1642188802005078
30000000,1038924,1642188802105059
30000000,3137680,1642188802204157
30000000,1052126,1642188802304699
30000000,1034977,1642188802403974
30000000,4205508,1642188802504953
30000000,1035587,1642188802605068
30000000,1063424,1642188802705004
30000000,2074781,1642188802804756
30000000,1033251,1642188802904952
30000000,1033713,1642188803008638
30000000,1037861,1642188803104344
30000000,3124314,1642188803204706
30000000,1039322,1642188803304770
30000000,1042529,1642188803405529
30000000,14551781,1642188803505264
30000000,2081213,1642188803605084
30000000,2075467,1642188803705180
30000000,1097472,1642188803805100
30000000,1040023,1642188803905168
30000000,1044618,1642188804004765
30000000,15790049,1642188804105146
30000000,4199901,1642188804205330
30000000,1039355,1642188804304926
30000000,1036214,1642188804405195
30000000,5264095,1642188804505148
30000000,1029950,1642188804605547
30000000,3074257,1642188804705263
30000000,1028828,1642188804804234
30000000,1021964,1642188804904923
30000000,1024756,1642188805004840
30000000,1024560,1642188805104656
30000000,3122642,1642188805204738
30000000,2077745,1642188805304549
30000000,1036988,1642188805404572
30000000,5253200,1642188805504602
30000000,1038155,1642188805604742
30000000,1044554,1642188805704645
30000000,1033863,1642188805804638
30000000,1027313,1642188805904585
30000000,1026888,1642188806004546
30000000,1030825,1642188806104922
30000000,3134272,1642188806204680
30000000,1034084,1642188806304294
30000000,1041646,1642188806404514
30000000,5256142,1642188806504330
30000000,1037366,1642188806604744
30000000,1035069,1642188806704959
30000000,1039112,1642188806804796
30000000,2091237,1642188806904344
30000000,1035744,1642188807004621
30000000,1050515,1642188807104851
30000000,3133355,1642188807207891
30000000,1037231,1642188807304777
30000000,1034808,1642188807404818
30000000,6324502,1642188807504357
30000000,1046509,1642188807604952
30000000,1040334,1642188807704619
30000000,1038376,1642188807805478
30000000,2080339,1642188807908066
30000000,1036868,1642188808004800
30000000,1042724,1642188808104853
30000000,4182463,1642188808204871
30000000,1085783,1642188808304592
30000000,1045793,1642188808408120
30000000,4274669,1642188808507996
30000000,1035958,1642188808604269
30000000,1035481,1642188808704851
30000000,1040404,1642188808804609
30000000,1036479,1642188808904841
30000000,1045547,1642188809004616
30000000,13528606,1642188809104383
30000000,3114068,1642188809204733
30000000,1074952,1642188809304326
30000000,2078914,1642188809404857
30000000,5317218,1642188809505089
30000000,1044526,1642188809604678
30000000,1041155,1642188809704088
30000000,1043428,1642188809804834
30000000,1037236,1642188809904466
30000000,2078027,1642188810004720
30000000,1031199,1642188810104654
30000000,6130138,1642188810204773
30000000,2061991,1642188810304674
30000000,1029896,1642188810403836
30000000,5296411,1642188810504079
30000000,2068047,1642188810604778
30000000,1044240,1642188810704933
30000000,1028700,1642188810804333
30000000,1025783,1642188810904961
30000000,2071337,1642188811004568
30000000,1044140,1642188811105055
30000000,3122639,1642188811204782
30000000,1061766,1642188811304336
30000000,1044321,1642188811404915
30000000,4238774,1642188811504779
30000000,2085064,1642188811603747
30000000,1046209,1642188811704165
30000000,2078047,1642188811804495
30000000,1028201,1642188811904043
30000000,1046354,1642188812004485
30000000,2132785,1642188812105020
30000000,3127591,1642188812204231
30000000,1047331,1642188812303930
30000000,1040222,1642188812404661
30000000,8281039,1642188812504129
30000000,1092045,1642188812604973
30000000,1039424,1642188812707843
30000000,1043234,1642188812804515
30000000,1050405,1642188812904060
30000000,1047496,1642188813004699
30000000,1075008,1642188813105258
30000000,3325423,1642188813204078
30000000,1036521,1642188813305060
30000000,1039825,1642188813404576
30000000,4216290,1642188813504876
30000000,1040432,1642188813603847
30000000,1075547,1642188813700715
30000000,1038173,1642188813804444
30000000,1036930,1642188813904462
30000000,1038667,1642188814004793
30000000,13807258,1642188814104773
30000000,3134026,1642188814204909
30000000,2061319,1642188814305029
30000000,1033097,1642188814404180
30000000,4214021,1642188814505030
30000000,1096057,1642188814604043
30000000,1037392,1642188814704644
30000000,1041762,1642188814804376
30000000,1031850,1642188814904838
30000000,1039648,1642188815004356
30000000,2075949,1642188815104204
30000000,5195112,1642188815201047
30000000,1091992,1642188815304102
30000000,1039837,1642188815404855
30000000,4165011,1642188815504786
30000000,1036535,1642188815604731
30000000,1030652,1642188815704832
30000000,1029272,1642188815804951
30000000,1029375,1642188815904564
30000000,1045602,1642188816004770
30000000,1044855,1642188816104810
30000000,3116074,1642188816204184
30000000,1046343,1642188816304498
30000000,1045687,1642188816404741
30000000,5189666,1642188816507629
30000000,1035079,1642188816604608
30000000,1049334,1642188816704890
30000000,1044998,1642188816804607
30000000,1032709,1642188816904604
30000000,1045889,1642188817004793
30000000,1039997,1642188817104487
30000000,3135609,1642188817204207
30000000,1037989,1642188817304591
30000000,1037087,1642188817404684
30000000,4220420,1642188817504848
30000000,1047623,1642188817604754
30000000,1047380,1642188817703817
30000000,1042534,1642188817804671
30000000,1037793,1642188817904615
30000000,4083790,1642188818004307
30000000,1053831,1642188818104213
30000000,3133104,1642188818204725
30000000,1037358,1642188818304055
30000000,1040426,1642188818404852
30000000,4271177,1642188818504954
30000000,1045450,1642188818604126
30000000,2082135,1642188818704884
30000000,1081316,1642188818804436
30000000,1043667,1642188818904022
30000000,2137616,1642188819004725
30000000,11433730,1642188819104797
30000000,3134611,1642188819204187
30000000,1040034,1642188819304673
30000000,1048237,1642188819404505
30000000,5228107,1642188819504798
30000000,2083248,1642188819604109
30000000,1089129,1642188819704870
30000000,1042918,1642188819804549
30000000,1043129,1642188819904095
30000000,1039491,1642188820004104
30000000,1039915,1642188820104617
30000000,4268598,1642188820205071
30000000,2177888,1642188820304815
30000000,1045614,1642188820404966
30000000,6325858,1642188820504764
30000000,1037602,1642188820604182
30000000,2127098,1642188820704889
30000000,1030532,1642188820804684
30000000,1039716,1642188820904300
30000000,1038871,1642188821004540
30000000,1041784,1642188821104908
30000000,3136465,1642188821204369
30000000,1048541,1642188821304671
30000000,1043061,1642188821404352
30000000,3228763,1642188821504531
30000000,2073067,1642188821605144
30000000,1046735,1642188821704936
30000000,1083677,1642188821804741
30000000,1037709,1642188821904630
30000000,1047351,1642188822005027
30000000,1087739,1642188822104655
30000000,3132195,1642188822203909
30000000,1044342,1642188822304762
30000000,1104659,1642188822404873
30000000,4226045,1642188822504456
30000000,1042549,1642188822604723
30000000,1041242,1642188822704882
30000000,1035792,1642188822804668
30000000,1086866,1642188822904305
30000000,1031174,1642188823007483
30000000,1031044,1642188823103867
30000000,4191847,1642188823203833
30000000,1049435,1642188823304477
30000000,1039314,1642188823404565
30000000,3188435,1642188823504775
30000000,1045346,1642188823604267
30000000,1090938,1642188823704154
30000000,1039364,1642188823803676
30000000,1040455,1642188823903819
30000000,1036050,1642188824003699
30000000,15827083,1642188824104834
30000000,3109915,1642188824204312
30000000,1041542,1642188824304331
30000000,1040518,1642188824407502
30000000,4242393,1642188824504535
30000000,1047628,1642188824604514
30000000,1045841,1642188824705073
30000000,1041142,1642188824804824
30000000,1038516,1642188824907466
30000000,1043458,1642188825004896
30000000,1032127,1642188825104699
30000000,4164298,1642188825207842
30000000,2118320,1642188825304316
30000000,2102421,1642188825403870
30000000,4252557,1642188825504666
30000000,1034257,1642188825604294
30000000,1041135,1642188825704220
30000000,1039692,1642188825804168
30000000,1034962,1642188825904188
30000000,3111992,1642188826004492
30000000,1046128,1642188826104555
30000000,3129385,1642188826204082
30000000,1051621,1642188826304148
30000000,1024504,1642188826404820
30000000,4229211,1642188826504431
30000000,1043158,1642188826603620
30000000,1041217,1642188826704417
30000000,3090252,1642188826807645
30000000,1048273,1642188826904082
30000000,1045547,1642188827004740
30000000,2077130,1642188827104771
30000000,4180121,1642188827203709
30000000,1035764,1642188827304747
30000000,1037117,1642188827404815
30000000,5241204,1642188827504000
30000000,1046797,1642188827603613
30000000,1039175,1642188827703779
30000000,2077638,1642188827804368
30000000,1037222,1642188827905109
30000000,1045562,1642188828003744
30000000,1036717,1642188828104857
30000000,3130456,1642188828204448
30000000,1038430,1642188828304028
30000000,1040211,1642188828408342
30000000,4269345,1642188828505004
30000000,1047197,1642188828604898
30000000,1034013,1642188828704903
30000000,1035465,1642188828804785
30000000,2081940,1642188828904699
30000000,1036311,1642188829003826
30000000,14555169,1642188829104061
30000000,3123453,1642188829204514
30000000,1034313,1642188829304718
30000000,1033629,1642188829403917
30000000,4223937,1642188829504281
30000000,1043503,1642188829604475
30000000,1034032,1642188829704203
30000000,3041060,1642188829804596
30000000,1035956,1642188829904278
30000000,1037113,1642188830003752
30000000,1073529,1642188830104142
30000000,3129570,1642188830204779
30000000,1045249,1642188830303395
30000000,1077106,1642188830404551
30000000,5420566,1642188830504444
30000000,1044749,1642188830604469
30000000,1035955,1642188830704607
30000000,1035197,1642188830804618
30000000,1046098,1642188830904450
30000000,2091671,1642188831004353
30000000,1040044,1642188831104643
30000000,4216886,1642188831203846
30000000,1046459,1642188831304905
30000000,1029665,1642188831403636
30000000,5285811,1642188831504050
30000000,1037468,1642188831604965
30000000,1040018,1642188831704517
30000000,1035924,1642188831808237
30000000,1024745,1642188831904595
30000000,1046679,1642188832003999
30000000,2085311,1642188832104545
30000000,3124919,1642188832204368
30000000,2131072,1642188832304578
30000000,1039226,1642188832404703
30000000,5310149,1642188832503494
30000000,2084024,1642188832604573
30000000,1042466,1642188832704629
30000000,1041661,1642188832803883
30000000,1044023,1642188832904125
30000000,1045056,1642188833003951
30000000,2103503,1642188833104668
30000000,3143293,1642188833204132
30000000,1027808,1642188833304655
30000000,1102509,1642188833404694
30000000,3189835,1642188833504367
30000000,1034866,1642188833604330
30000000,2093715,1642188833704474
30000000,2133386,1642188833807666
30000000,1040504,1642188833904652
30000000,1081305,1642188834004082
30000000,18803885,1642188834104545
30000000,3083772,1642188834203798
30000000,1041697,1642188834304435
30000000,1047449,1642188834404650
30000000,4222071,1642188834503643
30000000,1046051,1642188834604544
30000000,1044869,1642188834704621
30000000,1043768,1642188834804657
30000000,1041120,1642188834904306
30000000,1044305,1642188835004154
30000000,2121125,1642188835104327
30000000,4126397,1642188835204306
30000000,1040174,1642188835304530
30000000,1044304,1642188835400641
30000000,4226184,1642188835504427
30000000,1041493,1642188835604601
30000000,1046169,1642188835704262
30000000,1042720,1642188835804538
30000000,1039156,1642188835907524
30000000,1087850,1642188836003834
30000000,1045098,1642188836107291
30000000,3122718,1642188836204477
30000000,1041679,1642188836304170
30000000,1042901,1642188836404525
30000000,4370475,1642188836504435
30000000,1046190,1642188836604436
30000000,1044892,1642188836703670
30000000,1045620,1642188836804181
30000000,1041839,1642188836904476
30000000,1044508,1642188837004443
30000000,1049298,1642188837103735
30000000,7081474,1642188837203735
30000000,2041036,1642188837304438
30000000,1045627,1642188837406119
30000000,4263911,1642188837504322
30000000,4028036,1642188837604274
30000000,1043541,1642188837704440
30000000,2116807,1642188837804286
30000000,2125883,1642188837904645
30000000,1038645,1642188838003392
30000000,1046870,1642188838103795
30000000,2076325,1642188838204100
30000000,3150630,1642188838303932
30000000,1047263,1642188838404348
30000000,4224000,1642188838503823
30000000,1046612,1642188838603467
30000000,1046810,1642188838704682
30000000,2122067,1642188838804512
30000000,2122908,1642188838903771
30000000,1048848,1642188839000159
30000000,13542145,1642188839104122
30000000,3101476,1642188839204078
30000000,2277351,1642188839304244
30000000,1021928,1642188839407868
30000000,5346104,1642188839503816
30000000,1034624,1642188839603834
30000000,1037034,1642188839703632
30000000,1031534,1642188839804407
30000000,2128732,1642188839903956
30000000,1033033,1642188840004583
30000000,1037839,1642188840103376
30000000,2064115,1642188840204390
30000000,2101298,1642188840303928
30000000,1081696,1642188840407786
30000000,5313864,1642188840504445
30000000,1033876,1642188840603839
30000000,2088811,1642188840703826
30000000,1045057,1642188840803628
30000000,1044860,1642188840904631
30000000,1040836,1642188841004532
30000000,1039539,1642188841107917
30000000,2161316,1642188841203935
30000000,2098122,1642188841304462
30000000,1035684,1642188841403617
30000000,4332424,1642188841504746
30000000,1035584,1642188841603592
30000000,1041478,1642188841704472
30000000,1044575,1642188841804337
30000000,1045565,1642188841904207
30000000,1033293,1642188842004696
30000000,4080412,1642188842104284
30000000,2076120,1642188842204309
30000000,2081745,1642188842304230
30000000,1034517,1642188842404430
30000000,4222993,1642188842503960
30000000,1039298,1642188842604238
30000000,1038054,1642188842705052
30000000,1048408,1642188842803468
30000000,1052824,1642188842903816
30000000,1044408,1642188843003179
30000000,1043203,1642188843104450
30000000,2079129,1642188843204278
30000000,2091527,1642188843304077
30000000,1044132,1642188843403551
30000000,4226937,1642188843504381
30000000,1047457,1642188843603432
30000000,1045460,1642188843703667
30000000,2132316,1642188843804449
30000000,1043956,1642188843904648
30000000,2076262,1642188844007560
30000000,15739918,1642188844103656
30000000,2072051,1642188844203935
30000000,3146986,1642188844304527
30000000,1041350,1642188844404236
30000000,5238706,1642188844504219
30000000,1043392,1642188844603797
30000000,1046738,1642188844704639
30000000,1036586,1642188844804205
30000000,6078789,1642188844903648
30000000,1042333,1642188845004293
30000000,1042945,1642188845104313
30000000,2114381,1642188845204319
30000000,4124330,1642188845304062
30000000,1038504,1642188845404280
30000000,4192629,1642188845504555
30000000,1042757,1642188845604270
30000000,1036778,1642188845704564
30000000,1098555,1642188845805426
30000000,1044414,1642188845903602
30000000,2080126,1642188846003549
30000000,1035290,1642188846104342
30000000,2089486,1642188846207221
30000000,2086725,1642188846303623
30000000,1046244,1642188846403858
30000000,4228913,1642188846504095
30000000,1044485,1642188846603977
30000000,1039989,1642188846703967
30000000,1050539,1642188846803862
30000000,1039385,1642188846904173
30000000,1048838,1642188847003908
30000000,2092890,1642188847103744
30000000,2079059,1642188847203878
30000000,3244351,1642188847304374
30000000,1040608,1642188847404384
30000000,4304949,1642188847503634
30000000,1035224,1642188847604191
30000000,2043510,1642188847703096
30000000,1028366,1642188847804198
30000000,1045727,1642188847903528
30000000,1019835,1642188848003730
30000000,1039311,1642188848103946
30000000,2086013,1642188848207216
30000000,2098418,1642188848304034
30000000,1039167,1642188848407576
30000000,7242169,1642188848503399
30000000,1036762,1642188848603837
30000000,1030095,1642188848703408
30000000,1034590,1642188848803372
30000000,1032610,1642188848903571
30000000,1034434,1642188849004095
30000000,14485161,1642188849103885
30000000,2067965,1642188849204164
30000000,2096405,1642188849307114
30000000,1039284,1642188849406956
30000000,5242971,1642188849504445
30000000,1042485,1642188849603483
30000000,2120216,1642188849704594
30000000,1040749,1642188849804233
30000000,1036576,1642188849903225
30000000,1032119,1642188850004428
30000000,1031928,1642188850103691
30000000,2059350,1642188850204014
30000000,2085527,1642188850304357
30000000,1038095,1642188850404380
30000000,4214996,1642188850504178
30000000,3073254,1642188850603965
30000000,1042914,1642188850703590
30000000,1042151,1642188850804497
30000000,1038790,1642188850904426
30000000,1044262,1642188851004274
30000000,1039573,1642188851100425
30000000,2071508,1642188851204229
30000000,2141234,1642188851304219
30000000,1045573,1642188851403812
30000000,6239143,1642188851507285
30000000,2116335,1642188851604128
30000000,1042289,1642188851704313
30000000,1041277,1642188851807381
30000000,1034528,1642188851904184
30000000,1038883,1642188852004595
30000000,2125401,1642188852104269
30000000,2126143,1642188852204191
30000000,3147135,1642188852304017
30000000,1044659,1642188852404819
30000000,5341249,1642188852504299
30000000,2088559,1642188852604125
30000000,1084786,1642188852704130
30000000,1047636,1642188852804271
30000000,1041623,1642188852904447
30000000,1047916,1642188853004260
30000000,1046068,1642188853104119
30000000,2078938,1642188853204268
30000000,3185168,1642188853303831
30000000,2079419,1642188853404218
30000000,6229315,1642188853504311
30000000,1037790,1642188853604183
30000000,1039677,1642188853704581
30000000,1044614,1642188853804374
30000000,1036359,1642188853904094
30000000,1039180,1642188854004448
30000000,17672716,1642188854103166
30000000,7243173,1642188854203363
30000000,2096786,1642188854304042
30000000,1043550,1642188854403599
30000000,4301108,1642188854503649
30000000,1036732,1642188854604195
30000000,1043675,1642188854703683
30000000,1029333,1642188854803824
30000000,1041018,1642188854903851
30000000,1044523,1642188855004613
30000000,1073178,1642188855104271
30000000,2070684,1642188855203573
30000000,2107317,1642188855303764
30000000,1037395,1642188855404739
