0	30000
0	30000
0	30000
0	30000
0	30000
0	30000
0	30000
0	30000
0	30000
0	30000
0	30000
0	30000
0	30000
0	30000
0	30000
0	30000
0	30000
0	30000
0	30000
0	30000
0	30000
0	30000
0	30000
0	30000
0	30000
0	30000
0	30000
94348	139264
1709	30000
1496	30000
202	30000
2259	30000
831	30000
1439	30000
1034	30000
74	30000
87015	107520
100696	102520
99569	104012
111104	145413
33346	93064
0	93064
0	30000
0	30000
0	30000
0	30000
0	30000
0	30000
0	30000
0	30000
0	30000
0	30000
0	30000
0	30000
0	30000
0	30000
0	30000
0	30000
0	30000
0	30000
0	30000
0	30000
0	30000
0	30000
0	30000
0	30000
0	30000
0	30000
0	30000
0	30000
0	30000
0	30000
0	30000
0	30000
0	30000
0	30000
0	30000
0	30000
0	30000
0	30000
0	30000
0	30000
0	30000
0	30000
0	30000
0	30000
1967	80000
12700	30000
79198	70778
253	30000
2403	30000
507	30000
677	30000
325	30000
1610	30000
1433	30000
1912	30000
22015	76800
96313	100761
100906	102886
115301	162886
97731	110868
99838	105868
6865	84694
0	84694
0	84694
0	30000
0	30000
0	30000
0	30000
0	30000
0	30000
0	30000
0	30000
0	30000
0	30000
0	30000
0	30000
0	30000
0	30000
0	30000
0	30000
0	30000
0	30000
0	30000
0	30000
0	30000
0	30000
0	30000
0	30000
0	30000
0	30000
0	30000
0	30000
0	30000
0	30000
0	30000
0	30000
0	30000
0	30000
0	30000
0	30000
0	30000
0	30000
0	30000
0	30000
1300	100000
50334	176768
23193	37069
365	30000
1153	30000
817	30000
584	30000
898	30000
197	30000
1719	30000
1324	30000
1332	30000
708	30000
79551	115000
99971	105000
101793	116736
19526	47814
60972	59719
1855	30000
1896	30000
317	30000
3019	30000
52365	134400
100112	102520
99767	102520
103105	113929
55563	87143
0	87143
0	87143
0	87143
0	30000
0	30000
0	30000
0	30000
0	30000
0	30000
0	30000
0	30000
0	30000
0	30000
0	30000
0	30000
0	30000
0	30000
0	30000
0	30000
0	30000
0	30000
0	30000
0	30000
0	30000
0	30000
0	30000
0	30000
0	30000
0	30000
0	30000
0	30000
0	30000
0	30000
84470	179200
13793	46976
1901	30000
821	30000
394	30000
181	30000
207	30000
1553	30000
602	30000
1262	30000
24648	150000
98733	110592
92947	133422
92942	117446
4034	38483
83111	138641
1542	36342
516	30000
1479	30000
200	30000
2388	30000
870	30000
63007	107520
99815	102520
100156	102520
110108	144649
59748	110719
0	110719
0	110719
0	110719
0	30000
0	30000
0	30000
0	30000
0	30000
0	30000
0	30000
0	30000
0	30000
0	30000
0	30000
0	30000
0	30000
0	30000
0	30000
0	30000
0	30000
0	30000
0	30000
0	30000
0	30000
0	30000
0	30000
0	30000
0	30000
0	30000
0	30000
0	30000
0	30000
0	30000
0	30000
0	30000
0	30000
0	30000
0	30000
0	30000
0	30000
0	30000
0	30000
0	30000
0	30000
0	30000
0	30000
0	30000
0	30000
0	30000
0	30000
0	30000
0	30000
0	30000
0	30000
0	30000
0	30000
0	30000
0	30000
0	30000
0	30000
0	30000
0	30000
0	30000
0	30000
0	30000
0	30000
0	30000
