5636096.0	57335808.0
5730304.0	57335808.0
5861376.0	57335808.0
5959680.0	57335808.0
5877760.0	57335808.0
6582272.0	57335808.0
6426624.0	57335808.0
6266880.0	57335808.0
6660096.0	57335808.0
6496256.0	57335808.0
6414336.0	57335808.0
6414336.0	57335808.0
6463488.0	57335808.0
6594560.0	57335808.0
6512640.0	57335808.0
6512640.0	57335808.0
6512640.0	57335808.0
6512640.0	57335808.0
6643712.0	57335808.0
6553600.0	57335808.0
6602752.0	57335808.0
6602752.0	57335808.0
6602752.0	57335808.0
6602752.0	57335808.0
6602752.0	57335808.0
6602752.0	57335808.0
6733824.0	57335808.0
6733824.0	57335808.0
6848512.0	57335808.0
6766592.0	57335808.0
6684672.0	57335808.0
6684672.0	57335808.0
6684672.0	57335808.0
6684672.0	57335808.0
6684672.0	57335808.0
6684672.0	57335808.0
6684672.0	57335808.0
6684672.0	57335808.0
6684672.0	57335808.0
6684672.0	57335808.0
6684672.0	57335808.0
6684672.0	57335808.0
6684672.0	57335808.0
6684672.0	57335808.0
6684672.0	57335808.0
6684672.0	57335808.0
6684672.0	57335808.0
6684672.0	57335808.0
6742016.0	57335808.0
6742016.0	57335808.0
6742016.0	57335808.0
6742016.0	57335808.0
6742016.0	57335808.0
6742016.0	57335808.0
6742016.0	57335808.0
6742016.0	57335808.0
6742016.0	57335808.0
6742016.0	57335808.0
6742016.0	57335808.0
6742016.0	57335808.0
6742016.0	57335808.0
6742016.0	57335808.0
6742016.0	57335808.0
6742016.0	57335808.0
6742016.0	57335808.0
6742016.0	57335808.0
6742016.0	57335808.0
6742016.0	57335808.0
6742016.0	57335808.0
6742016.0	57335808.0
6873088.0	57335808.0
6787072.0	57335808.0
6787072.0	57335808.0
6787072.0	57335808.0
6787072.0	57335808.0
6787072.0	57335808.0
6787072.0	57335808.0
6787072.0	57335808.0
6787072.0	57335808.0
6787072.0	57335808.0
6787072.0	57335808.0
6787072.0	57335808.0
6787072.0	57335808.0
6787072.0	57335808.0
6787072.0	57335808.0
6787072.0	57335808.0
6787072.0	57335808.0
6787072.0	57335808.0
6787072.0	57335808.0
6787072.0	57335808.0
6787072.0	57335808.0
6787072.0	57335808.0
6787072.0	57335808.0
6787072.0	57335808.0
6787072.0	57335808.0
6787072.0	57335808.0
6787072.0	57335808.0
6787072.0	57335808.0
6787072.0	57335808.0
6787072.0	57335808.0
6787072.0	57335808.0
6787072.0	57335808.0
6787072.0	57335808.0
6787072.0	57335808.0
6791168.0	57335808.0
6791168.0	57335808.0
6791168.0	57335808.0
6791168.0	57335808.0
6791168.0	57335808.0
6791168.0	57335808.0
6791168.0	57335808.0
6791168.0	57335808.0
6791168.0	57335808.0
6787072.0	57335808.0
6787072.0	57335808.0
6787072.0	57335808.0
6787072.0	57335808.0
6787072.0	57335808.0
6787072.0	57335808.0
6787072.0	57335808.0
6787072.0	57335808.0
6787072.0	57335808.0
6787072.0	57335808.0
6787072.0	57335808.0
6787072.0	57335808.0
6787072.0	57335808.0
6787072.0	57335808.0
6787072.0	57335808.0
6787072.0	57335808.0
6787072.0	57335808.0
6787072.0	57335808.0
6787072.0	57335808.0
6787072.0	57335808.0
6787072.0	57335808.0
6787072.0	57335808.0
6787072.0	57335808.0
6787072.0	57335808.0
6787072.0	57335808.0
6787072.0	57335808.0
6787072.0	57335808.0
