0	100000
100216	100000
99683	100000
100228	100000
98721	100000
88954	100000
0	100000
0	100000
0	100000
0	100000
0	100000
0	100000
0	100000
0	100000
0	100000
0	100000
0	100000
0	100000
0	100000
0	100000
0	100000
0	100000
0	100000
0	100000
0	100000
0	100000
0	100000
0	100000
0	100000
0	100000
0	100000
0	100000
0	100000
0	100000
0	100000
0	100000
0	100000
0	100000
0	100000
0	100000
0	100000
0	100000
0	100000
0	100000
0	100000
0	100000
0	100000
0	100000
0	100000
0	100000
0	100000
0	100000
0	100000
0	100000
0	100000
0	100000
0	100000
0	100000
0	100000
0	100000
0	100000
0	100000
0	100000
0	100000
0	100000
0	100000
0	100000
0	100000
0	100000
0	100000
0	100000
0	100000
0	100000
0	100000
0	100000
0	100000
0	100000
0	100000
0	100000
0	100000
0	100000
0	100000
0	100000
0	100000
0	100000
0	100000
0	100000
0	100000
0	100000
0	100000
0	100000
0	100000
0	100000
0	100000
0	100000
0	100000
0	100000
0	100000
0	100000
0	100000
0	100000
0	100000
0	100000
0	100000
0	100000
0	100000
0	100000
0	100000
0	100000
0	100000
0	100000
0	100000
0	100000
0	100000
0	100000
0	100000
0	100000
0	100000
0	100000
0	100000
0	100000
22023	100000
74428	100000
92390	100000
100995	100000
93195	100000
0	100000
0	100000
0	100000
0	100000
0	100000
0	100000
0	100000
0	100000
0	100000
0	100000
0	100000
0	100000
0	100000
0	100000
0	100000
0	100000
0	100000
0	100000
0	100000
0	100000
0	100000
0	100000
0	100000
0	100000
0	100000
0	100000
0	100000
0	100000
0	100000
0	100000
0	100000
0	100000
0	100000
0	100000
0	100000
0	100000
0	100000
0	100000
0	100000
0	100000
0	100000
0	100000
0	100000
0	100000
0	100000
0	100000
0	100000
0	100000
0	100000
0	100000
0	100000
0	100000
0	100000
0	100000
49741	100000
69288	100000
99767	100000
97725	100000
41150	100000
0	100000
0	100000
0	100000
0	100000
0	100000
0	100000
0	100000
0	100000
0	100000
0	100000
0	100000
0	100000
0	100000
0	100000
0	100000
0	100000
0	100000
0	100000
0	100000
0	100000
0	100000
0	100000
0	100000
0	100000
0	100000
0	100000
0	100000
0	100000
0	100000
0	100000
0	100000
0	100000
0	100000
0	100000
0	100000
0	100000
0	100000
0	100000
0	100000
0	100000
0	100000
0	100000
0	100000
0	100000
0	100000
0	100000
0	100000
0	100000
0	100000
0	100000
0	100000
0	100000
0	100000
0	100000
0	100000
0	100000
0	100000
0	100000
0	100000
0	100000
0	100000
0	100000
0	100000
0	100000
0	100000
0	100000
0	100000
0	100000
0	100000
0	100000
0	100000
0	100000
0	100000
0	100000
0	100000
0	100000
0	100000
0	100000
0	100000
0	100000
0	100000
0	100000
0	100000
0	100000
0	100000
0	100000
0	100000
0	100000
0	100000
0	100000
0	100000
0	100000
0	100000
0	100000
0	100000
0	100000
0	100000
0	100000
0	100000
0	100000
0	100000
0	100000
0	100000
0	100000
0	100000
0	100000
0	100000
0	100000
0	100000
0	100000
0	100000
0	100000
0	100000
0	100000
0	100000
