345509888	567279616
345509888	567279616
345509888	567279616
345509888	567279616
345509888	567279616
345509888	567279616
345509888	567279616
345509888	567279616
345509888	567279616
345509888	567279616
345509888	567279616
345509888	567279616
345509888	567279616
345509888	567279616
345509888	567279616
345509888	567279616
345509888	567279616
345509888	567279616
345509888	567279616
345509888	567279616
345509888	567279616
345509888	567279616
345509888	567279616
345509888	567279616
345509888	567279616
345509888	567279616
345509888	567279616
345509888	567279616
345509888	567279616
345509888	567279616
345509888	567279616
345509888	567279616
345509888	567279616
345509888	567279616
345509888	567279616
345509888	567279616
345518080	567279616
345518080	567279616
345518080	567279616
345518080	567279616
345518080	567279616
345518080	567279616
345518080	567279616
345518080	567279616
345518080	567279616
345518080	567279616
345518080	567279616
345518080	567279616
345518080	567279616
345518080	567279616
345518080	567279616
345518080	567279616
345518080	567279616
345518080	567279616
345518080	567279616
345518080	567279616
345518080	567279616
345518080	567279616
345518080	567279616
345518080	567279616
345518080	567279616
345518080	567279616
345518080	567279616
345518080	567279616
345518080	567279616
345518080	567279616
345518080	567279616
345518080	567279616
345518080	567279616
345518080	567279616
345518080	567279616
345518080	567279616
345518080	567279616
345518080	567279616
345518080	567279616
345518080	567279616
345518080	567279616
345518080	567279616
345518080	567279616
345534464	567279616
345534464	567279616
345534464	567279616
345534464	567279616
345534464	567279616
345534464	567279616
345534464	567279616
345534464	567279616
345534464	567279616
345534464	567279616
345534464	567279616
345534464	567279616
345534464	567279616
345534464	567279616
345534464	567279616
345534464	567279616
345534464	567279616
345534464	567279616
345534464	567279616
345534464	567279616
345534464	567279616
345534464	567279616
345534464	567279616
345534464	567279616
345534464	567279616
345534464	567279616
345534464	567279616
345534464	567279616
345534464	567279616
345534464	567279616
345534464	567279616
345534464	567279616
345534464	567279616
345534464	567279616
345534464	567279616
345534464	567279616
345534464	567279616
345534464	567279616
345534464	567279616
345534464	567279616
345534464	567279616
345534464	567279616
345534464	567279616
345534464	567279616
345534464	567279616
345534464	567279616
345534464	567279616
345534464	567279616
345534464	567279616
345534464	567279616
345534464	567279616
345534464	567279616
345534464	567279616
345534464	567279616
345534464	567279616
345534464	567279616
345534464	567279616
345534464	567279616
345534464	567279616
345534464	567279616
345534464	567279616
345534464	567279616
345534464	567279616
345534464	567279616
345534464	567279616
345534464	567279616
345534464	567279616
345534464	567279616
345534464	567279616
345534464	567279616
345534464	567279616
345534464	567279616
345534464	567279616
345534464	567279616
345534464	567279616
345534464	567279616
345534464	567279616
345534464	567279616
345534464	567279616
345534464	567279616
345534464	567279616
345554944	567279616
345554944	567279616
345554944	567279616
345554944	567279616
345554944	567279616
345554944	567279616
345554944	567279616
345554944	567279616
345554944	567279616
345554944	567279616
345554944	567279616
345554944	567279616
345554944	567279616
345554944	567279616
345554944	567279616
345554944	567279616
345554944	567279616
345554944	567279616
345554944	567279616
345554944	567279616
