23199744	268435456
36544512	268435456
35475456	268435456
35594240	268435456
35680256	268435456
35684352	268435456
35729408	268435456
35913728	88158208
35893248	88158208
40898560	88158208
137039872	149598208
41168896	149598208
36597760	149598208
36716544	149598208
39018496	149598208
36925440	149598208
36978688	89145344
36978688	89145344
39530496	89145344
146759680	150585344
38727680	150585344
38813696	150585344
38813696	150585344
38797312	150585344
38797312	91226112
38797312	91226112
38797312	91226112
38850560	91226112
38850560	91226112
38850560	91226112
38850560	91226112
38850560	91226112
38834176	91226112
38834176	91226112
38965248	91226112
38965248	91226112
40570880	91226112
140439552	152666112
42618880	152666112
40013824	152666112
40013824	152666112
40013824	152666112
40038400	152666112
44118016	94851072
149078016	156291072
40873984	156291072
40857600	156291072
40841216	156291072
40841216	156291072
40873984	156291072
40873984	156291072
43294720	156291072
40898560	156291072
40898560	156291072
40898560	156291072
40898560	93327360
40882176	93327360
40882176	93327360
40882176	93327360
43581440	93327360
41476096	93327360
41586688	93327360
139534336	154767360
139681792	154767360
42188800	154767360
44531712	154767360
153202688	154767360
47153152	96722944
44965888	96722944
44965888	96722944
44949504	96722944
44949504	96722944
44949504	96722944
44982272	96722944
44982272	96722944
44982272	96722944
45019136	96722944
45019136	96722944
45019136	96722944
45019136	96722944
45019136	96722944
45047808	96722944
42758144	96722944
42758144	96722944
42758144	96722944
44302336	96722944
67252224	96722944
144060416	158162944
43376640	158162944
45768704	158162944
43290624	158162944
43274240	158162944
43274240	158162944
43274240	158162944
43274240	158162944
43855872	95703040
130502656	136663040
46551040	157143040
44163072	157143040
44163072	157143040
44163072	157143040
44146688	157143040
44146688	157143040
44146688	157143040
44146688	157143040
44146688	157143040
44146688	157143040
44146688	157143040
44146688	157143040
44146688	157143040
44146688	96575488
44146688	96575488
44146688	96575488
44146688	96575488
44146688	96575488
44146688	96575488
46616576	96575488
44179456	96575488
44179456	96575488
44179456	96575488
44179456	96575488
44163072	96575488
44163072	96575488
44163072	96575488
44163072	96575488
46632960	96575488
46133248	96575488
117350400	137535488
145498112	158015488
47411200	158015488
45801472	158015488
115638272	158015488
50339840	158015488
47861760	158015488
47861760	158015488
47861760	158015488
47845376	158015488
47845376	158015488
47845376	158015488
47845376	158015488
47845376	100274176
47845376	100274176
47845376	100274176
47845376	100274176
47845376	100274176
50548736	100274176
45473792	100274176
46440448	100274176
47742976	100274176
124325888	141234176
146886656	161714176
48287744	161714176
46338048	161714176
46731264	161714176
46927872	161714176
155467776	160256000
47087616	160256000
47087616	160256000
47087616	160256000
47087616	160256000
47071232	160256000
47071232	160256000
47071232	160256000
47071232	160256000
47071232	160256000
47071232	160256000
47071232	160256000
47071232	160256000
47071232	160256000
49463296	99500032
47194112	99500032
47194112	99500032
47194112	99500032
67547136	99500032
148885504	160940032
50925568	160940032
159039488	160940032
50823168	160940032
50724864	160940032
50741248	160940032
50761728	160940032
50761728	160940032
50761728	160940032
50761728	160940032
50761728	103190528
50745344	103190528
50745344	103190528
50745344	103190528
50745344	103190528
50745344	103190528
50745344	103190528
50745344	103190528
53088256	103190528
49954816	103190528
50237440	103190528
50388992	103190528
133267456	144150528
146653184	164630528
49233920	164630528
50307072	164630528
50970624	164630528
160133120	164630528
51810304	164630528
54333440	164630528
49479680	164630528
49479680	164630528
49479680	164630528
104370176	164630528
152997888	164630528
49750016	164630528
49696768	164630528
49696768	164630528
49696768	164630528
49680384	102125568
49680384	102125568
49680384	102125568
49680384	102125568
49680384	102125568
49680384	102125568
49680384	102125568
49680384	102125568
49680384	102125568
49680384	102125568
51310592	102125568
158543872	163565568
50302976	163565568
50257920	163565568
50257920	163565568
50257920	102686720
50241536	102686720
50241536	102686720
50241536	102686720
50241536	102686720
52510720	102686720
148398080	164126720
148553728	164126720
51015680	164126720
72904704	164126720
55943168	164126720
53538816	164126720
53538816	164126720
53538816	164126720
53538816	164126720
53522432	105951232
53538816	105951232
53538816	105951232
53538816	105951232
53538816	105951232
53538816	105951232
53522432	105951232
53522432	105951232
53522432	105951232
53522432	105951232
51781632	105951232
152707072	167391232
54276096	167391232
162639872	167391232
54349824	105160704
54333440	105160704
54333440	105160704
54333440	105160704
54333440	105160704
54333440	105160704
54464512	105160704
54349824	105160704
54349824	105160704
46964736	105160704
46968832	105160704
44584960	105160704
44584960	105160704
44584960	105160704
44584960	105160704
44584960	97013760
44584960	97013760
44584960	97013760
44584960	97013760
44584960	97013760
44584960	97013760
44584960	97013760
44584960	97013760
44584960	97013760
44584960	97013760
44584960	97013760
44584960	97013760
46149632	97013760
142639104	158453760
103067648	158453760
45129728	158453760
45129728	158453760
45129728	158453760
45113344	158453760
45113344	158453760
156037120	158453760
47763456	158453760
47763456	158453760
47763456	158453760
47763456	158453760
47747072	158453760
45412352	158453760
45416448	158453760
45416448	97972224
94810112	97972224
146763776	159412224
48336896	159412224
126251008	159412224
48361472	159412224
48361472	159412224
48361472	159412224
48345088	159412224
48361472	159412224
48361472	159412224
48361472	159412224
48361472	159412224
48361472	159412224
48345088	159412224
48345088	100790272
48427008	100790272
48369664	100790272
48369664	100790272
48369664	100790272
48369664	100790272
48353280	100790272
48353280	100790272
48353280	100790272
45998080	100790272
45998080	100790272
45998080	100790272
45998080	100790272
45998080	100790272
45981696	98426880
45981696	98426880
54751232	98426880
147415040	159866880
46530560	159866880
48619520	159866880
46284800	159866880
46268416	159866880
46268416	159866880
157237248	159866880
48836608	159866880
48836608	159866880
48836608	159866880
48836608	159866880
47980544	101265408
140128256	142225408
144232448	162705408
46678016	162705408
46809088	162705408
47996928	162705408
157573120	162705408
49168384	162705408
49168384	162705408
49168384	162705408
49168384	162705408
49152000	162705408
49152000	162705408
49152000	162705408
49152000	162705408
49152000	101580800
49152000	101580800
49152000	101580800
49152000	101580800
49152000	101580800
49152000	101580800
49152000	101580800
49152000	101580800
49152000	101580800
49152000	101580800
49152000	101580800
49152000	101580800
49152000	101580800
49152000	101580800
51572736	101580800
49180672	101580800
49180672	101580800
47083520	101580800
97148928	101580800
148475904	163020800
47587328	163020800
47439872	163020800
47439872	163020800
47439872	163020800
47423488	163020800
47423488	163020800
47423488	163020800
158371840	163020800
50135040	163020800
50135040	163020800
50135040	163020800
50135040	163020800
50118656	163020800
50118656	163020800
50118656	163020800
50118656	163020800
50118656	163020800
50118656	163020800
52625408	163020800
50135040	163020800
50135040	163020800
50135040	163020800
50135040	102563840
50118656	102563840
50118656	102563840
50118656	102563840
50118656	102563840
47767552	102563840
47767552	102563840
47767552	102563840
47767552	102563840
48578560	102563840
145649664	164003840
145633280	164003840
48058368	164003840
48058368	164003840
48058368	164003840
48041984	100487168
48041984	100487168
48041984	100487168
48041984	100487168
48041984	100487168
48041984	100487168
50061312	100487168
156848128	161927168
48529408	161927168
48529408	161927168
48529408	161927168
48529408	161927168
48513024	161927168
48513024	161927168
48513024	100941824
50823168	100941824
48451584	100941824
48451584	100941824
48451584	100941824
48451584	100941824
48435200	100941824
48435200	100941824
49053696	100941824
146726912	162381824
145403904	162381824
49106944	162381824
49106944	162381824
49106944	162381824
49090560	101535744
49090560	101535744
49090560	101535744
49090560	101535744
49090560	101535744
51007488	101535744
142520320	142495744
49582080	162975744
49582080	162975744
49582080	162975744
49582080	162975744
49565696	162975744
49565696	162975744
49565696	162975744
51810304	101994496
49582080	101994496
49582080	101994496
49618944	101994496
49491968	101994496
49475584	101994496
49475584	101994496
49475584	101994496
49475584	101994496
49475584	101994496
56016896	101994496
150986752	163434496
50040832	163434496
49811456	163434496
49811456	163434496
49795072	102240256
51798016	102240256
53125120	163680256
50659328	163680256
50659328	163680256
50659328	163680256
50659328	163680256
50659328	163680256
50659328	163680256
50659328	163680256
50659328	163680256
50659328	163680256
53002240	163680256
50647040	163680256
50647040	103088128
50647040	103088128
50647040	103088128
50647040	103088128
51191808	103088128
152055808	164528128
51183616	164528128
52527104	164528128
161935360	164528128
53645312	164528128
53645312	164528128
53645312	164528128
53645312	164528128
53628928	164528128
53628928	106057728
53628928	106057728
53628928	106057728
53628928	106057728
53645312	106057728
53645312	106057728
53645312	106057728
53047296	106057728
149446656	167497728
54841344	167497728
51818496	167497728
51818496	167497728
51818496	167497728
51818496	167497728
51802112	104247296
52236288	104247296
52514816	104247296
53207040	104247296
160686080	165687296
52269056	165687296
52269056	165687296
52269056	165687296
52269056	165687296
52252672	165687296
52252672	165687296
52252672	165687296
52252672	165687296
54628352	165687296
52281344	104681472
52690944	104681472
53108736	104681472
53391360	104681472
53780480	104681472
150343680	166121472
57638912	166121472
57909248	166121472
55398400	166121472
55353344	166121472
55341056	166121472
55341056	166121472
55341056	166121472
55357440	166121472
55357440	166121472
55463936	107786240
55480320	107786240
53002240	107786240
52985856	107786240
52985856	107786240
52985856	107786240
150876160	169226240
150806528	169226240
53493760	169226240
53395456	169226240
53395456	169226240
53379072	169226240
53379072	169226240
53379072	169226240
53379072	105807872
55836672	105807872
53497856	105807872
53497856	105807872
53497856	105807872
53481472	105807872
53465088	105807872
53465088	105807872
53465088	105807872
53465088	105807872
53465088	105807872
53465088	105807872
71671808	105807872
155066368	167247872
54018048	167247872
54018048	167247872
57262080	167247872
59011072	167247872
56610816	167247872
56610816	167247872
56610816	167247872
56610816	167247872
56610816	167247872
56610816	167247872
56610816	167247872
56610816	167247872
56610816	167247872
56852480	167247872
56635392	109039616
56635392	109039616
56635392	109039616
56635392	109039616
56635392	109039616
56635392	109039616
56635392	109039616
56635392	109039616
56635392	109039616
56619008	109039616
