5058560	26214400
4997120	26214400
4997120	26214400
4997120	26214400
5062656	26214400
5062656	26214400
5423104	26214400
5349376	26214400
5296128	26214400
5533696	26214400
5795840	26214400
6033408	26214400
6098944	26214400
6144000	26214400
6197248	26214400
6234112	26214400
6418432	26214400
6344704	26214400
6221824	26214400
6369280	26214400
6782976	26214400
6832128	26214400
7012352	26214400
7057408	26214400
7057408	26214400
7057408	26214400
6930432	26214400
7233536	26214400
6983680	26214400
7114752	26214400
7032832	26214400
7032832	26214400
7225344	26214400
6987776	26214400
6987776	26214400
6987776	26214400
7036928	26214400
7299072	26214400
7045120	26214400
7045120	26214400
7049216	26214400
7180288	26214400
7180288	26214400
7180288	26214400
7180288	26214400
7180288	26214400
7053312	26214400
7184384	26214400
7315456	26214400
7319552	26214400
7282688	26214400
7200768	26214400
7110656	26214400
7241728	26214400
7241728	26214400
7241728	26214400
7241728	26214400
7241728	26214400
7241728	26214400
7262208	26214400
7262208	26214400
7393280	26214400
7266304	26214400
7139328	26214400
7139328	26214400
7270400	26214400
7143424	26214400
7143424	26214400
7139328	26214400
7192576	26214400
7192576	26214400
7192576	26214400
7323648	26214400
7196672	26214400
7503872	26214400
7503872	26214400
7503872	26214400
7458816	26214400
7458816	26214400
7458816	26214400
7458816	26214400
7458816	26214400
7458816	26214400
7458816	26214400
7458816	26214400
7614464	26214400
7622656	26214400
7622656	26214400
7622656	26214400
7622656	26214400
7622656	26214400
7495680	26214400
7499776	26214400
7499776	26214400
7589888	26214400
7852032	26214400
7725056	26214400
7487488	26214400
7487488	26214400
7487488	26214400
7487488	26214400
7487488	26214400
7487488	26214400
7487488	26214400
7487488	26214400
7487488	26214400
7487488	26214400
7487488	26214400
7487488	26214400
7487488	26214400
7487488	26214400
7487488	26214400
7589888	26214400
7462912	26214400
7467008	26214400
7467008	26214400
7598080	26214400
7471104	26214400
7606272	26214400
7606272	26214400
7610368	26214400
7610368	26214400
7610368	26214400
7487488	26214400
7487488	26214400
7487488	26214400
7487488	26214400
7622656	26214400
7917568	26214400
7790592	26214400
7753728	26214400
7753728	26214400
7745536	26214400
7745536	26214400
7745536	26214400
7745536	26214400
7745536	26214400
7745536	26214400
8007680	26214400
7880704	26214400
