0	50000
45136	50000
49841	50000
49679	50000
49974	50000
49817	50000
49045	50000
31267	50000
49505	50000
46544	50000
46153	50000
50117	50000
49774	50000
50162	50000
48744	50000
37141	50000
0	50000
0	50000
0	50000
0	50000
0	50000
0	50000
0	50000
0	50000
0	50000
0	50000
0	50000
0	50000
0	50000
0	50000
0	50000
0	50000
0	50000
0	50000
0	50000
0	50000
0	50000
0	50000
0	50000
0	50000
0	50000
0	50000
0	50000
0	50000
0	50000
0	50000
0	50000
0	50000
0	50000
0	50000
0	50000
0	50000
0	50000
0	50000
0	50000
0	50000
0	50000
0	50000
0	50000
0	50000
0	50000
0	50000
0	50000
0	50000
20003	50000
49393	50000
40010	50000
49769	50000
49772	50000
49741	50000
50135	50000
49875	50000
48674	50000
32627	50000
0	50000
0	50000
0	50000
0	50000
0	50000
0	50000
0	50000
0	50000
0	50000
0	50000
0	50000
0	50000
0	50000
0	50000
0	50000
0	50000
0	50000
0	50000
0	50000
0	50000
0	50000
0	50000
0	50000
0	50000
0	50000
0	50000
0	50000
0	50000
0	50000
0	50000
0	50000
0	50000
0	50000
0	50000
0	50000
0	50000
0	50000
0	50000
0	50000
0	50000
0	50000
0	50000
0	50000
0	50000
0	50000
0	50000
0	50000
0	50000
0	50000
0	50000
0	50000
0	50000
0	50000
0	50000
0	50000
0	50000
0	50000
0	50000
0	50000
0	50000
0	50000
0	50000
0	50000
0	50000
0	50000
0	50000
0	50000
0	50000
0	50000
0	50000
0	50000
0	50000
0	50000
0	50000
0	50000
0	50000
0	50000
0	50000
0	50000
0	50000
0	50000
0	50000
0	50000
0	50000
0	50000
0	50000
0	50000
0	50000
0	50000
0	50000
0	50000
0	50000
0	50000
0	50000
0	50000
0	50000
0	50000
0	50000
0	50000
0	50000
0	50000
0	50000
0	50000
0	50000
0	50000
0	50000
0	50000
0	50000
0	50000
0	50000
0	50000
0	50000
0	50000
0	50000
0	50000
0	50000
0	50000
0	50000
0	50000
0	50000
0	50000
0	50000
0	50000
0	50000
0	50000
0	50000
0	50000
0	50000
0	50000
0	50000
0	50000
0	50000
0	50000
0	50000
0	50000
0	50000
0	50000
0	50000
0	50000
0	50000
0	50000
0	50000
0	50000
0	50000
0	50000
0	50000
0	50000
0	50000
0	50000
0	50000
0	50000
0	50000
0	50000
0	50000
0	50000
0	50000
0	50000
0	50000
0	50000
0	50000
0	50000
0	50000
0	50000
0	50000
0	50000
0	50000
0	50000
0	50000
0	50000
0	50000
19938	50000
49748	50000
37259	50000
49996	50000
49961	50000
50098	50000
50161	50000
50136	50000
49222	50000
49800	50000
14699	50000
0	50000
0	50000
0	50000
0	50000
0	50000
0	50000
0	50000
0	50000
0	50000
0	50000
0	50000
0	50000
0	50000
0	50000
0	50000
0	50000
0	50000
0	50000
0	50000
0	50000
0	50000
0	50000
0	50000
0	50000
0	50000
0	50000
0	50000
0	50000
0	50000
0	50000
0	50000
0	50000
0	50000
0	50000
0	50000
0	50000
0	50000
0	50000
0	50000
0	50000
0	50000
0	50000
0	50000
0	50000
0	50000
