190.0	30000.0
3647.0	30000.0
12946.0	30000.0
124.0	30000.0
511.0	30000.0
9226.0	30000.0
46768.0	63282.0
57924.0	51282.0
65904.0	78166.0
64324.0	78165.0
3309.0	42968.0
32331.0	56098.0
54386.0	51282.0
6477.0	30000.0
1559.0	30000.0
797.0	30000.0
16.0	30000.0
1568.0	30000.0
1092.0	30000.0
10762.0	30000.0
59653.0	88200.0
92871.0	93200.0
49081.0	74560.0
40299.0	50000.0
50335.0	50000.0
16506.0	30000.0
35965.0	49586.0
51945.0	49586.0
50332.0	49586.0
52709.0	49586.0
51408.0	49586.0
30247.0	40045.0
13015.0	47978.0
53713.0	57457.0
13248.0	30000.0
11141.0	42000.0
89668.0	109000.0
99778.0	104000.0
107746.0	112000.0
35737.0	54784.0
518.0	54784.0
49950.0	60780.0
25878.0	30000.0
815.0	30000.0
3548.0	30000.0
1195.0	30000.0
29.0	30000.0
29873.0	37230.0
46752.0	52689.0
54345.0	53884.0
75841.0	106502.0
101339.0	107306.0
48772.0	68675.0
37795.0	62472.0
37801.0	39981.0
1313.0	30000.0
773.0	30000.0
277.0	30000.0
1178.0	30000.0
1201.0	30000.0
1647.0	30000.0
53594.0	102000.0
109330.0	121000.0
52193.0	116800.0
15399.0	74752.0
65828.0	105375.0
2896.0	30000.0
1120.0	30000.0
1878.0	30000.0
1819.0	30000.0
31209.0	37834.0
45514.0	48780.0
52478.0	56930.0
53138.0	48780.0
48862.0	48780.0
65111.0	80260.0
79968.0	81479.0
32181.0	59187.0
20663.0	47989.0
50693.0	85897.0
1468.0	30000.0
580.0	30000.0
1009.0	30000.0
190.0	30000.0
981.0	30000.0
1751.0	30000.0
1193.0	30000.0
61955.0	114000.0
104545.0	121000.0
56970.0	80096.0
14013.0	40486.0
44168.0	50252.0
12650.0	30000.0
1847.0	30000.0
1505.0	30000.0
2540.0	30000.0
2471.0	30000.0
12336.0	30000.0
39500.0	48780.0
50608.0	48780.0
52362.0	48780.0
57259.0	48780.0
45883.0	48780.0
24256.0	39024.0
21019.0	31219.0
49472.0	61999.0
3379.0	30000.0
146.0	30000.0
213.0	30000.0
2441.0	30000.0
1250.0	30000.0
515.0	30000.0
732.0	30000.0
41.0	30000.0
40443.0	55520.0
73204.0	74259.0
85926.0	84232.0
29324.0	34500.0
27759.0	31219.0
37160.0	38759.0
18737.0	30000.0
1949.0	30000.0
10032.0	30000.0
35141.0	37230.0
50732.0	48780.0
68315.0	84439.0
84782.0	84437.0
37044.0	67548.0
