4766.0	42000.0
13555.0	52800.0
191.0	30000.0
682.0	30000.0
6319.0	30000.0
85502.0	95021.0
84488.0	61991.0
27677.0	42526.0
13559.0	34020.0
39506.0	51282.0
33055.0	30000.0
19788.0	46406.0
66035.0	72418.0
94062.0	96912.0
99171.0	111857.0
103158.0	106601.0
42192.0	52019.0
43054.0	84233.0
36550.0	51945.0
1214.0	30000.0
387.0	30000.0
467.0	30000.0
188.0	30000.0
2063.0	30000.0
3383.0	30000.0
6323.0	30000.0
35068.0	38000.0
50231.0	50000.0
49880.0	50000.0
51825.0	49586.0
51642.0	49586.0
54250.0	49586.0
26208.0	31734.0
44489.0	49586.0
21130.0	30000.0
18675.0	30000.0
41045.0	49586.0
50344.0	49586.0
48071.0	49586.0
51327.0	49586.0
2250.0	49586.0
51441.0	49586.0
26939.0	56584.0
1563.0	30000.0
606.0	30000.0
995.0	30000.0
23889.0	66000.0
93508.0	109000.0
110950.0	112000.0
33525.0	107000.0
33844.0	85598.0
59825.0	43824.0
3403.0	30000.0
18324.0	30000.0
42132.0	48780.0
64618.0	59624.0
56256.0	48780.0
54640.0	53073.0
66618.0	63402.0
84828.0	84861.0
77768.0	70541.0
57764.0	56026.0
4413.0	39024.0
69408.0	92530.0
6874.0	30000.0
1873.0	30000.0
1270.0	30000.0
20448.0	54000.0
88924.0	91200.0
96982.0	116160.0
106163.0	142160.0
75746.0	69585.0
6600.0	44534.0
63947.0	99889.0
5967.0	40913.0
1548.0	30000.0
1950.0	30000.0
3381.0	30000.0
1652.0	30000.0
18513.0	30000.0
49777.0	48780.0
72393.0	86729.0
72750.0	67946.0
47099.0	79842.0
10186.0	63873.0
68223.0	86620.0
34863.0	95478.0
97820.0	114582.0
84258.0	68393.0
29249.0	42758.0
56519.0	114758.0
16280.0	47004.0
1321.0	30000.0
720.0	30000.0
10.0	30000.0
300.0	30000.0
1501.0	30000.0
951.0	30000.0
1379.0	30000.0
37631.0	59026.0
57636.0	70536.0
72024.0	76718.0
81529.0	95315.0
96247.0	79309.0
81742.0	79882.0
18770.0	38896.0
32162.0	37512.0
40571.0	39024.0
6909.0	30000.0
32681.0	34219.0
47376.0	48780.0
49446.0	48780.0
49740.0	48780.0
49494.0	48780.0
48725.0	48780.0
51495.0	48780.0
49871.0	48780.0
48992.0	48780.0
49434.0	48780.0
17800.0	46828.0
15392.0	39756.0
40846.0	48780.0
24118.0	40142.0
12.0	30000.0
174.0	30000.0
2408.0	30000.0
1247.0	30000.0
805.0	30000.0
67599.0	114000.0
102769.0	121000.0
44855.0	68096.0
1503.0	30000.0
8138.0	30000.0
39601.0	48780.0
19168.0	30000.0
1560.0	30000.0
2132.0	30000.0
7552.0	30000.0
33875.0	37230.0
49066.0	48780.0
50999.0	48780.0
53787.0	48780.0
20306.0	48780.0
33375.0	48780.0
48896.0	48780.0
18875.0	30000.0
45430.0	48780.0
49787.0	48780.0
49402.0	48780.0
51925.0	48780.0
49052.0	48780.0
47489.0	48780.0
52552.0	70242.0
35602.0	63684.0
