200.0	30000.0
32.0	30000.0
19947.0	33792.0
181.0	30000.0
649.0	30000.0
10.0	30000.0
11668.0	30000.0
36287.0	38832.0
54238.0	51282.0
55101.0	51282.0
55268.0	51282.0
52305.0	64940.0
971.0	30000.0
27747.0	38547.0
43139.0	48933.0
3265.0	30000.0
459.0	30000.0
308.0	30000.0
1610.0	30000.0
512.0	30000.0
1541.0	30000.0
3269.0	30000.0
34663.0	38270.0
51917.0	59950.0
51468.0	50000.0
49302.0	50000.0
51882.0	50000.0
24288.0	40000.0
23326.0	50097.0
52689.0	117205.0
186.0	48006.0
2506.0	30000.0
4230.0	30000.0
52.0	30000.0
417.0	30000.0
39564.0	90000.0
103619.0	109000.0
59244.0	69760.0
1801.0	30000.0
30668.0	37230.0
57013.0	68242.0
1528.0	30000.0
2172.0	30000.0
7.0	30000.0
1185.0	30000.0
1883.0	30000.0
1835.0	30000.0
4900.0	30000.0
33478.0	37230.0
47389.0	48780.0
49425.0	48780.0
49405.0	48780.0
48807.0	48780.0
34766.0	39024.0
32323.0	72450.0
53948.0	55526.0
2977.0	30000.0
206.0	30000.0
2304.0	30000.0
1406.0	30000.0
2236.0	30000.0
638.0	30000.0
338.0	30000.0
12214.0	30000.0
44279.0	50849.0
62424.0	65081.0
65016.0	66290.0
55226.0	60836.0
13314.0	30000.0
55937.0	68335.0
16794.0	30000.0
2494.0	30000.0
16198.0	30000.0
38325.0	48780.0
49175.0	48780.0
49463.0	48780.0
51092.0	48780.0
56637.0	48780.0
48115.0	48780.0
49414.0	48780.0
34032.0	39024.0
2613.0	30000.0
61743.0	114000.0
13030.0	30000.0
1729.0	30000.0
537.0	30000.0
762.0	30000.0
805.0	30000.0
12.0	30000.0
206.0	30000.0
924.0	30000.0
1436.0	30000.0
1257.0	30000.0
40477.0	48780.0
49090.0	48780.0
51795.0	56558.0
82907.0	99221.0
98778.0	89156.0
98506.0	102637.0
75900.0	57319.0
7384.0	36684.0
41137.0	48780.0
28895.0	30000.0
12144.0	30000.0
33900.0	37230.0
48658.0	48780.0
52815.0	48780.0
44087.0	48780.0
25298.0	48780.0
81112.0	102742.0
4661.0	42082.0
998.0	30000.0
6.0	30000.0
354.0	30000.0
1436.0	30000.0
1010.0	30000.0
5086.0	30000.0
30752.0	52895.0
80933.0	104788.0
100563.0	99331.0
60613.0	56340.0
5593.0	39024.0
