752.0	30000.0
19.0	30000.0
59.0	30000.0
63439.0	114000.0
101491.0	109000.0
68629.0	71655.0
55247.0	48780.0
49602.0	48780.0
8255.0	30000.0
32436.0	37230.0
47077.0	48780.0
49625.0	48780.0
50870.0	48780.0
63911.0	60190.0
41885.0	44668.0
12354.0	30000.0
60967.0	79345.0
9080.0	45660.0
3675.0	30000.0
10304.0	42000.0
85447.0	109000.0
108659.0	118135.0
2364.0	94508.0
34198.0	94507.0
40710.0	43624.0
381.0	30000.0
726.0	30000.0
492.0	30000.0
199.0	30000.0
1607.0	30000.0
1020.0	30000.0
25001.0	66000.0
94890.0	102000.0
98542.0	102000.0
8667.0	81600.0
9281.0	53779.0
63047.0	67772.0
2562.0	30000.0
489.0	30000.0
229.0	30000.0
1858.0	30000.0
1559.0	30000.0
28729.0	36519.0
43449.0	47619.0
48249.0	47619.0
49436.0	47619.0
48576.0	47619.0
41219.0	47619.0
39088.0	69714.0
36735.0	72439.0
297.0	30000.0
3857.0	30000.0
60.0	30000.0
385.0	30000.0
37.0	30000.0
34492.0	78000.0
99119.0	102000.0
100809.0	102000.0
79033.0	63130.0
42234.0	67884.0
35131.0	43445.0
49029.0	47619.0
11991.0	30000.0
11642.0	30000.0
35244.0	47619.0
49250.0	47619.0
49779.0	47619.0
48644.0	47619.0
50239.0	47619.0
29103.0	38095.0
43972.0	77788.0
37502.0	45068.0
1313.0	30000.0
440.0	30000.0
2261.0	30000.0
1986.0	30000.0
7898.0	30000.0
78544.0	114000.0
101765.0	109000.0
44996.0	58368.0
7342.0	46694.0
52204.0	59619.0
32215.0	30000.0
44965.0	55697.0
51837.0	47619.0
49010.0	47619.0
56998.0	52135.0
56357.0	47619.0
56390.0	57141.0
61262.0	50615.0
49659.0	47619.0
48572.0	47619.0
13759.0	47619.0
28828.0	38571.0
37931.0	62070.0
1443.0	31779.0
378.0	30000.0
1060.0	30000.0
1380.0	30000.0
520.0	30000.0
814.0	30000.0
1121.0	30000.0
41140.0	67467.0
71681.0	72467.0
87360.0	104980.0
113398.0	99593.0
96296.0	99593.0
34046.0	79674.0
9358.0	63739.0
56645.0	47619.0
32129.0	36691.0
2956.0	30000.0
2295.0	30000.0
22230.0	30000.0
43045.0	47865.0
48210.0	47619.0
53309.0	52618.0
52157.0	47619.0
46243.0	47619.0
51859.0	57142.0
45500.0	47619.0
