1627181056.0	1643548672.0
1667338240.0	1684508672.0
1676648448.0	1684508672.0
1676648448.0	1684508672.0
1676648448.0	1684508672.0
1668329472.0	1684508672.0
1684508672.0	1684508672.0
1741017088.0	1745948672.0
1742184448.0	1745948672.0
1725591552.0	1745948672.0
1619283968.0	1745948672.0
1619283968.0	1745948672.0
1619283968.0	1745948672.0
1619283968.0	1745948672.0
1650339840.0	1745948672.0
1674891264.0	1745948672.0
1675419648.0	1745948672.0
1675661312.0	1745948672.0
1675792384.0	1745948672.0
1683304448.0	1745948672.0
1700696064.0	1730752512.0
1701203968.0	1730752512.0
1706110976.0	1730752512.0
1717362688.0	1730752512.0
1733349376.0	1751232512.0
1735958528.0	1751232512.0
1813692416.0	1833152512.0
1815244800.0	1833152512.0
1778786304.0	1833152512.0
1695461376.0	1833152512.0
1695449088.0	1833152512.0
1695449088.0	1833152512.0
1695449088.0	1833152512.0
1695449088.0	1833152512.0
1695449088.0	1833152512.0
1695449088.0	1833152512.0
1695449088.0	1833152512.0
1695449088.0	1833152512.0
1695449088.0	1833152512.0
1695449088.0	1833152512.0
1695449088.0	1833152512.0
1695449088.0	1833152512.0
1695449088.0	1833152512.0
1695449088.0	1833152512.0
1695449088.0	1833152512.0
1695449088.0	1833152512.0
1695449088.0	1833152512.0
1695449088.0	1833152512.0
1695449088.0	1833152512.0
1695449088.0	1747877888.0
1695449088.0	1747877888.0
1695449088.0	1747877888.0
1695449088.0	1747877888.0
1695449088.0	1747877888.0
1695449088.0	1747877888.0
1695449088.0	1747877888.0
1695449088.0	1747877888.0
1695449088.0	1747877888.0
1695449088.0	1747877888.0
1695449088.0	1747877888.0
1695449088.0	1747877888.0
1695449088.0	1747877888.0
1695449088.0	1747877888.0
1695449088.0	1747877888.0
1695449088.0	1747877888.0
1695449088.0	1747877888.0
1695449088.0	1747877888.0
1695449088.0	1747877888.0
1695449088.0	1747877888.0
1695449088.0	1747877888.0
1695449088.0	1747877888.0
1695449088.0	1747877888.0
1695449088.0	1747877888.0
1698332672.0	1747877888.0
1726640128.0	1747877888.0
1748684800.0	1768357888.0
1750020096.0	1768357888.0
1750614016.0	1768357888.0
1750667264.0	1768357888.0
1750880256.0	1768357888.0
1750880256.0	1768357888.0
1751011328.0	1768357888.0
1768345600.0	1768357888.0
1768140800.0	1768357888.0
1768386560.0	1768357888.0
1772777472.0	1788837888.0
1781088256.0	1788837888.0
1820131328.0	1829797888.0
1823670272.0	1829797888.0
1802653696.0	1829797888.0
1725116416.0	1829797888.0
1725116416.0	1829797888.0
1725116416.0	1829797888.0
1725116416.0	1829797888.0
1725116416.0	1829797888.0
1725116416.0	1829797888.0
1725116416.0	1829797888.0
1725116416.0	1829797888.0
1757716480.0	1829797888.0
1779564544.0	1829797888.0
1780592640.0	1829797888.0
1781325824.0	1829797888.0
1781456896.0	1829797888.0
1788735488.0	1829797888.0
1806069760.0	1829797888.0
1814175744.0	1829797888.0
1822826496.0	1829797888.0
1839910912.0	1850277888.0
1841311744.0	1850277888.0
1925283840.0	1911717888.0
1933893632.0	1952677888.0
1935589376.0	1952677888.0
1938702336.0	1952677888.0
1893539840.0	1952677888.0
1908989952.0	1952677888.0
1817931776.0	1952677888.0
1817931776.0	1952677888.0
1817931776.0	1952677888.0
1817931776.0	1952677888.0
1817931776.0	1952677888.0
1817931776.0	1952677888.0
1817931776.0	1952677888.0
1817931776.0	1952677888.0
1817931776.0	1952677888.0
1817931776.0	1952677888.0
1817931776.0	1952677888.0
1817931776.0	1952677888.0
1817931776.0	1952677888.0
1817931776.0	1952677888.0
1817931776.0	1952677888.0
1817931776.0	1952677888.0
1817931776.0	1952677888.0
1817931776.0	1952677888.0
1833160704.0	1870360576.0
1848127488.0	1870360576.0
1870917632.0	1890840576.0
1872310272.0	1890840576.0
1872711680.0	1890840576.0
1872982016.0	1890840576.0
1873211392.0	1890840576.0
1873174528.0	1890840576.0
1873436672.0	1890840576.0
1879961600.0	1890840576.0
1890639872.0	1890840576.0
1891823616.0	1911320576.0
1902018560.0	1911320576.0
1941798912.0	1952280576.0
1945681920.0	1952280576.0
1924739072.0	1952280576.0
1847353344.0	1952280576.0
1847353344.0	1952280576.0
1847353344.0	1952280576.0
1847353344.0	1952280576.0
1851002880.0	1952280576.0
1878618112.0	1952280576.0
1903190016.0	1952280576.0
1928781824.0	1952280576.0
1931116544.0	1952280576.0
1938685952.0	1952280576.0
1944031232.0	1952280576.0
1945079808.0	1952280576.0
1962164224.0	1972760576.0
1944240128.0	1972760576.0
1866481664.0	1972760576.0
1866481664.0	1972760576.0
1866481664.0	1972760576.0
1866481664.0	1972760576.0
1866481664.0	1972760576.0
1866481664.0	1972760576.0
1866481664.0	1972760576.0
1866481664.0	1972760576.0
1866481664.0	1972760576.0
1866473472.0	1972760576.0
1866473472.0	1972760576.0
1866473472.0	1972760576.0
1866473472.0	1972760576.0
1866473472.0	1972760576.0
1866473472.0	1972760576.0
1866473472.0	1972760576.0
1866473472.0	1972760576.0
1866473472.0	1972760576.0
1866473472.0	1972760576.0
1866473472.0	1972760576.0
1866473472.0	1972760576.0
1866473472.0	1972760576.0
1866473472.0	1972760576.0
1866473472.0	1972760576.0
1866473472.0	1972760576.0
1866473472.0	1972760576.0
1866473472.0	1972760576.0
1866473472.0	1918902272.0
1866473472.0	1918902272.0
1866473472.0	1918902272.0
1873469440.0	1918902272.0
1904504832.0	1918902272.0
1921228800.0	1939382272.0
1921290240.0	1939382272.0
1922035712.0	1939382272.0
1922203648.0	1939382272.0
1922174976.0	1939382272.0
1922306048.0	1939382272.0
1923444736.0	1939382272.0
1939279872.0	1939382272.0
1940594688.0	1959862272.0
1950806016.0	1959862272.0
1990717440.0	2000822272.0
1992450048.0	2000822272.0
1993854976.0	2000822272.0
2085502976.0	2103222272.0
2087440384.0	2103222272.0
2090700800.0	2103222272.0
2090610688.0	2103222272.0
2052354048.0	2103222272.0
2060873728.0	2103222272.0
1969922048.0	2103222272.0
1992491008.0	2103222272.0
2024652800.0	2103222272.0
2026377216.0	2103222272.0
2051756032.0	2103222272.0
2056790016.0	2089529344.0
2068021248.0	2089529344.0
2078908416.0	2089529344.0
2081329152.0	2089529344.0
2136612864.0	2171449344.0
2141102080.0	2171449344.0
2097975296.0	2171449344.0
2110664704.0	2171449344.0
2018852864.0	2171449344.0
2018852864.0	2171449344.0
2018852864.0	2171449344.0
2018852864.0	2171449344.0
2018852864.0	2171449344.0
2018852864.0	2171449344.0
2018852864.0	2171449344.0
2018852864.0	2171449344.0
2018852864.0	2171449344.0
2018852864.0	2171449344.0
2018852864.0	2171449344.0
2018852864.0	2171449344.0
2018852864.0	2171449344.0
2018852864.0	2171449344.0
2018852864.0	2171449344.0
2018852864.0	2171449344.0
2018852864.0	2171449344.0
2018852864.0	2171449344.0
2018852864.0	2171449344.0
2018852864.0	2171449344.0
2018852864.0	2171449344.0
2018852864.0	2071281664.0
2018852864.0	2071281664.0
2018852864.0	2071281664.0
2018852864.0	2071281664.0
2018852864.0	2071281664.0
2018852864.0	2071281664.0
2047950848.0	2071281664.0
2072903680.0	2091761664.0
2073509888.0	2091761664.0
2073759744.0	2091761664.0
2073759744.0	2091761664.0
2073890816.0	2091761664.0
2073763840.0	2091761664.0
2079907840.0	2091761664.0
2091720704.0	2091761664.0
2094788608.0	2112241664.0
2102480896.0	2112241664.0
2142289920.0	2153201664.0
2146258944.0	2153201664.0
2047889408.0	2153201664.0
2047889408.0	2153201664.0
2047889408.0	2153201664.0
2047889408.0	2153201664.0
2047889408.0	2153201664.0
2047889408.0	2153201664.0
2047889408.0	2153201664.0
2047889408.0	2153201664.0
2047889408.0	2153201664.0
2047889408.0	2100318208.0
2047889408.0	2100318208.0
2047889408.0	2100318208.0
2047889408.0	2100318208.0
2047889408.0	2100318208.0
2047889408.0	2100318208.0
2047889408.0	2100318208.0
2047889408.0	2100318208.0
2047889408.0	2100318208.0
2047889408.0	2100318208.0
2047889408.0	2100318208.0
2047889408.0	2100318208.0
2047889408.0	2100318208.0
2047889408.0	2100318208.0
2047889408.0	2100318208.0
2047889408.0	2100318208.0
2047889408.0	2100318208.0
2047889408.0	2100318208.0
2047889408.0	2100318208.0
2047889408.0	2100318208.0
2047889408.0	2100318208.0
2047889408.0	2100318208.0
2047889408.0	2100318208.0
2047889408.0	2100318208.0
