476876800.0	492826624.0
477736960.0	492826624.0
492847104.0	492826624.0
527056896.0	533786624.0
527056896.0	533786624.0
527056896.0	533786624.0
516505600.0	533786624.0
518942720.0	533786624.0
526770176.0	533786624.0
573005824.0	574746624.0
574775296.0	574746624.0
650420224.0	636186624.0
640208896.0	656666624.0
640958464.0	656666624.0
607461376.0	656666624.0
495443968.0	656666624.0
495419392.0	656666624.0
495419392.0	656666624.0
495419392.0	656666624.0
495419392.0	656666624.0
495419392.0	656666624.0
495419392.0	656666624.0
495419392.0	656666624.0
495419392.0	656666624.0
495419392.0	656666624.0
495419392.0	656666624.0
495419392.0	656666624.0
495419392.0	656666624.0
495419392.0	656666624.0
495419392.0	656666624.0
495419392.0	656666624.0
495419392.0	656666624.0
495419392.0	656666624.0
495419392.0	656666624.0
495419392.0	656666624.0
495419392.0	656666624.0
495419392.0	656666624.0
495419392.0	656666624.0
495419392.0	656666624.0
495419392.0	547848192.0
495419392.0	547848192.0
495419392.0	547848192.0
495419392.0	547848192.0
495419392.0	547848192.0
495419392.0	547848192.0
495419392.0	547848192.0
495419392.0	547848192.0
495419392.0	547848192.0
495419392.0	547848192.0
495419392.0	547848192.0
495419392.0	547848192.0
495419392.0	547848192.0
495419392.0	547848192.0
495419392.0	547848192.0
495419392.0	547848192.0
495419392.0	547848192.0
495419392.0	547848192.0
495419392.0	547848192.0
495419392.0	547848192.0
495419392.0	547848192.0
495419392.0	547848192.0
495419392.0	547848192.0
495419392.0	547848192.0
495419392.0	547848192.0
495419392.0	547848192.0
495419392.0	547848192.0
495419392.0	547848192.0
495419392.0	547848192.0
495419392.0	547848192.0
495419392.0	547848192.0
495419392.0	547848192.0
495419392.0	547848192.0
495419392.0	547848192.0
495419392.0	547848192.0
495419392.0	547848192.0
495419392.0	547848192.0
495419392.0	547848192.0
495419392.0	547848192.0
495419392.0	547848192.0
495419392.0	547848192.0
495419392.0	547848192.0
495419392.0	547848192.0
495419392.0	547848192.0
495419392.0	547848192.0
495419392.0	547848192.0
495419392.0	547848192.0
495419392.0	547848192.0
495419392.0	547848192.0
495419392.0	547848192.0
495419392.0	547848192.0
495419392.0	547848192.0
495419392.0	547848192.0
495419392.0	547848192.0
495419392.0	547848192.0
495419392.0	547848192.0
495419392.0	547848192.0
495419392.0	547848192.0
495419392.0	547848192.0
495419392.0	547848192.0
495419392.0	547848192.0
495419392.0	547848192.0
495419392.0	547848192.0
495419392.0	547848192.0
495419392.0	547848192.0
495419392.0	547848192.0
495419392.0	547848192.0
495419392.0	547848192.0
495419392.0	547848192.0
511434752.0	547848192.0
549396480.0	568328192.0
551047168.0	568328192.0
551165952.0	568328192.0
551481344.0	568328192.0
551518208.0	568328192.0
551538688.0	568328192.0
551571456.0	568328192.0
551817216.0	568328192.0
551911424.0	568328192.0
568299520.0	568328192.0
570306560.0	588808192.0
579952640.0	588808192.0
620244992.0	629768192.0
703680512.0	691208192.0
717664256.0	732168192.0
720187392.0	732168192.0
720187392.0	732168192.0
599670784.0	732168192.0
599658496.0	732168192.0
599658496.0	732168192.0
599658496.0	732168192.0
599658496.0	732168192.0
599658496.0	732168192.0
599658496.0	732168192.0
599658496.0	732168192.0
599658496.0	732168192.0
599658496.0	732168192.0
599658496.0	732168192.0
599658496.0	732168192.0
599658496.0	732168192.0
599658496.0	732168192.0
599658496.0	732168192.0
599658496.0	732168192.0
599658496.0	732168192.0
599658496.0	732168192.0
599658496.0	732168192.0
599658496.0	732168192.0
599658496.0	732168192.0
599658496.0	732168192.0
599658496.0	732168192.0
599658496.0	732168192.0
599658496.0	732168192.0
599658496.0	732168192.0
599658496.0	732168192.0
599658496.0	652087296.0
599658496.0	652087296.0
599658496.0	652087296.0
599658496.0	652087296.0
599658496.0	652087296.0
599658496.0	652087296.0
599658496.0	652087296.0
599658496.0	652087296.0
599658496.0	652087296.0
599658496.0	652087296.0
599658496.0	652087296.0
599658496.0	652087296.0
599658496.0	652087296.0
599658496.0	652087296.0
599658496.0	652087296.0
599658496.0	652087296.0
599658496.0	652087296.0
599658496.0	652087296.0
599658496.0	652087296.0
599658496.0	652087296.0
599658496.0	652087296.0
599658496.0	652087296.0
599658496.0	652087296.0
599658496.0	652087296.0
599658496.0	652087296.0
599658496.0	652087296.0
599658496.0	652087296.0
599658496.0	652087296.0
599658496.0	652087296.0
599658496.0	652087296.0
599658496.0	652087296.0
599658496.0	652087296.0
599658496.0	652087296.0
599658496.0	652087296.0
599658496.0	652087296.0
599658496.0	652087296.0
599658496.0	652087296.0
599658496.0	652087296.0
599658496.0	652087296.0
599658496.0	652087296.0
599658496.0	652087296.0
599658496.0	652087296.0
599658496.0	652087296.0
599658496.0	652087296.0
599658496.0	652087296.0
599658496.0	652087296.0
599658496.0	652087296.0
599658496.0	652087296.0
599658496.0	652087296.0
599658496.0	652087296.0
599658496.0	652087296.0
599658496.0	652087296.0
599658496.0	652087296.0
599658496.0	652087296.0
599658496.0	652087296.0
599658496.0	652087296.0
599658496.0	652087296.0
599658496.0	652087296.0
599658496.0	652087296.0
599658496.0	652087296.0
599658496.0	652087296.0
599658496.0	652087296.0
599658496.0	652087296.0
599658496.0	652087296.0
599658496.0	652087296.0
599658496.0	652087296.0
599658496.0	652087296.0
599658496.0	652087296.0
599658496.0	652087296.0
599658496.0	652087296.0
599658496.0	652087296.0
599658496.0	652087296.0
599658496.0	652087296.0
599658496.0	652087296.0
599658496.0	652087296.0
599658496.0	652087296.0
599658496.0	652087296.0
599658496.0	652087296.0
599658496.0	652087296.0
599658496.0	652087296.0
599658496.0	652087296.0
599658496.0	652087296.0
599658496.0	652087296.0
599658496.0	652087296.0
599658496.0	652087296.0
599658496.0	652087296.0
599658496.0	652087296.0
599658496.0	652087296.0
599658496.0	652087296.0
599658496.0	652087296.0
599658496.0	652087296.0
599658496.0	652087296.0
599658496.0	652087296.0
599658496.0	652087296.0
599658496.0	652087296.0
599658496.0	652087296.0
599658496.0	652087296.0
599658496.0	652087296.0
599658496.0	652087296.0
599658496.0	652087296.0
599658496.0	652087296.0
599658496.0	652087296.0
599658496.0	652087296.0
599658496.0	652087296.0
599658496.0	652087296.0
599658496.0	652087296.0
599658496.0	652087296.0
599658496.0	652087296.0
599658496.0	652087296.0
599658496.0	652087296.0
599658496.0	652087296.0
599658496.0	652087296.0
599658496.0	652087296.0
599658496.0	652087296.0
599658496.0	652087296.0
599658496.0	652087296.0
599658496.0	652087296.0
599658496.0	652087296.0
599658496.0	652087296.0
599658496.0	652087296.0
599658496.0	652087296.0
599658496.0	652087296.0
599658496.0	652087296.0
599658496.0	652087296.0
599658496.0	652087296.0
599658496.0	652087296.0
599658496.0	652087296.0
599658496.0	652087296.0
599658496.0	652087296.0
599658496.0	652087296.0
599658496.0	652087296.0
599658496.0	652087296.0
599658496.0	652087296.0
599658496.0	652087296.0
599658496.0	652087296.0
599658496.0	652087296.0
599658496.0	652087296.0
599658496.0	652087296.0
599658496.0	652087296.0
599658496.0	652087296.0
599658496.0	652087296.0
599658496.0	652087296.0
599658496.0	652087296.0
599658496.0	652087296.0
599658496.0	652087296.0
599658496.0	652087296.0
599658496.0	652087296.0
