1014603776.0	1030529024.0
1051004928.0	1051009024.0
1064165376.0	1071489024.0
1053577216.0	1071489024.0
1053470720.0	1071489024.0
1058426880.0	1071489024.0
1129226240.0	1132929024.0
1113321472.0	1132929024.0
1006813184.0	1132929024.0
1016303616.0	1132929024.0
1045094400.0	1132929024.0
1062080512.0	1132929024.0
1063006208.0	1132929024.0
1084100608.0	1132929024.0
1088245760.0	1132929024.0
1092866048.0	1132929024.0
1105248256.0	1132929024.0
1097236480.0	1132929024.0
1037836288.0	1132929024.0
1073897472.0	1132929024.0
1074028544.0	1132929024.0
1092763648.0	1132929024.0
1103757312.0	1132929024.0
1116958720.0	1132929024.0
1161428992.0	1173889024.0
1122082816.0	1173889024.0
1040621568.0	1173889024.0
1040621568.0	1173889024.0
1040621568.0	1173889024.0
1040621568.0	1173889024.0
1040621568.0	1173889024.0
1040621568.0	1173889024.0
1040621568.0	1173889024.0
1040621568.0	1173889024.0
1040621568.0	1173889024.0
1040621568.0	1173889024.0
1040621568.0	1173889024.0
1040621568.0	1173889024.0
1040621568.0	1173889024.0
1040621568.0	1173889024.0
1040621568.0	1173889024.0
1040621568.0	1173889024.0
1040621568.0	1173889024.0
1040621568.0	1173889024.0
1040621568.0	1173889024.0
1040621568.0	1173889024.0
1040621568.0	1173889024.0
1040621568.0	1173889024.0
1040621568.0	1173889024.0
1040621568.0	1173889024.0
1040621568.0	1093050368.0
1040621568.0	1093050368.0
1040621568.0	1093050368.0
1040621568.0	1093050368.0
1040621568.0	1093050368.0
1040621568.0	1093050368.0
1040621568.0	1093050368.0
1040621568.0	1093050368.0
1041276928.0	1093050368.0
1075286016.0	1093050368.0
1095122944.0	1113530368.0
1095884800.0	1113530368.0
1096077312.0	1113530368.0
1096208384.0	1113530368.0
1096970240.0	1113530368.0
1107570688.0	1113530368.0
1113427968.0	1113530368.0
1120178176.0	1134010368.0
1126096896.0	1134010368.0
1166024704.0	1174970368.0
1168101376.0	1174970368.0
1259393024.0	1277370368.0
1261305856.0	1277370368.0
1264664576.0	1277370368.0
1264574464.0	1277370368.0
1221582848.0	1277370368.0
1236029440.0	1277370368.0
1143754752.0	1277370368.0
1143693312.0	1277370368.0
1143693312.0	1277370368.0
1143693312.0	1277370368.0
1143693312.0	1277370368.0
1143693312.0	1277370368.0
1143693312.0	1277370368.0
1143693312.0	1277370368.0
1143693312.0	1277370368.0
1143693312.0	1277370368.0
1143693312.0	1277370368.0
1143693312.0	1277370368.0
1143693312.0	1277370368.0
1143693312.0	1277370368.0
1143693312.0	1277370368.0
1143693312.0	1277370368.0
1143693312.0	1277370368.0
1143693312.0	1277370368.0
1143693312.0	1277370368.0
1143693312.0	1277370368.0
1143693312.0	1277370368.0
1143693312.0	1277370368.0
1143693312.0	1277370368.0
1143693312.0	1277370368.0
1143693312.0	1277370368.0
1143693312.0	1277370368.0
1143693312.0	1277370368.0
1143693312.0	1277370368.0
1143693312.0	1196122112.0
1143693312.0	1196122112.0
1143693312.0	1196122112.0
1143693312.0	1196122112.0
1143693312.0	1196122112.0
1143693312.0	1196122112.0
1143693312.0	1196122112.0
1143693312.0	1196122112.0
1143693312.0	1196122112.0
1143693312.0	1196122112.0
1143693312.0	1196122112.0
1143693312.0	1196122112.0
1143693312.0	1196122112.0
1161080832.0	1196122112.0
1197244416.0	1216602112.0
1197428736.0	1216602112.0
1199493120.0	1216602112.0
1199628288.0	1216602112.0
1199759360.0	1216602112.0
1201274880.0	1216602112.0
1209913344.0	1216602112.0
1216458752.0	1216602112.0
1228513280.0	1237082112.0
1271713792.0	1278042112.0
1365622784.0	1380442112.0
1330130944.0	1380442112.0
1247399936.0	1380442112.0
1267007488.0	1380442112.0
1284767744.0	1380442112.0
1302970368.0	1380442112.0
1303687168.0	1380442112.0
1304743936.0	1355780096.0
1329065984.0	1355780096.0
1335881728.0	1355780096.0
1344245760.0	1355780096.0
1362325504.0	1376260096.0
1364598784.0	1376260096.0
1441476608.0	1458180096.0
1443606528.0	1458180096.0
1446424576.0	1458180096.0
1402884096.0	1458180096.0
1325752320.0	1458180096.0
1325744128.0	1458180096.0
1325744128.0	1458180096.0
1325744128.0	1458180096.0
1325744128.0	1458180096.0
1325744128.0	1458180096.0
1325744128.0	1458180096.0
1325744128.0	1458180096.0
1325744128.0	1458180096.0
1325744128.0	1458180096.0
1325744128.0	1458180096.0
1325744128.0	1458180096.0
1325744128.0	1458180096.0
1325744128.0	1458180096.0
1325744128.0	1458180096.0
1325744128.0	1458180096.0
1325744128.0	1458180096.0
1325744128.0	1458180096.0
1325744128.0	1458180096.0
1325744128.0	1378172928.0
1325744128.0	1378172928.0
1325744128.0	1378172928.0
1325744128.0	1378172928.0
1325744128.0	1378172928.0
1325744128.0	1378172928.0
1325744128.0	1378172928.0
1325744128.0	1378172928.0
1325744128.0	1378172928.0
1325744128.0	1378172928.0
1325744128.0	1378172928.0
1325744128.0	1378172928.0
1325744128.0	1378172928.0
1328496640.0	1378172928.0
1362825216.0	1378172928.0
1378697216.0	1398652928.0
1379942400.0	1398652928.0
1380855808.0	1398652928.0
1380892672.0	1398652928.0
1380892672.0	1398652928.0
1381785600.0	1398652928.0
1389989888.0	1398652928.0
1398624256.0	1398652928.0
1398423552.0	1398652928.0
1398394880.0	1398652928.0
1398599680.0	1398652928.0
1408389120.0	1419132928.0
1451409408.0	1460092928.0
1453604864.0	1460092928.0
1545830400.0	1562492928.0
1548455936.0	1562492928.0
1507762176.0	1562492928.0
1428697088.0	1562492928.0
1446436864.0	1562492928.0
1461493760.0	1562492928.0
1484779520.0	1562492928.0
1512534016.0	1562492928.0
1518444544.0	1562492928.0
1536344064.0	1562492928.0
1539018752.0	1562492928.0
1565237248.0	1582972928.0
1567203328.0	1582972928.0
1526886400.0	1582972928.0
1448116224.0	1582972928.0
1448001536.0	1582972928.0
1448001536.0	1582972928.0
1448001536.0	1582972928.0
1448001536.0	1582972928.0
1448001536.0	1582972928.0
1448001536.0	1582972928.0
1448001536.0	1582972928.0
1448001536.0	1582972928.0
1448001536.0	1582972928.0
1448001536.0	1582972928.0
1448001536.0	1582972928.0
1448001536.0	1582972928.0
1448001536.0	1582972928.0
1448001536.0	1582972928.0
1448001536.0	1500430336.0
1448001536.0	1500430336.0
1448001536.0	1500430336.0
1448001536.0	1500430336.0
1448001536.0	1500430336.0
1448001536.0	1500430336.0
1448001536.0	1500430336.0
1448001536.0	1500430336.0
1448001536.0	1500430336.0
1448001536.0	1500430336.0
1448001536.0	1500430336.0
1448001536.0	1500430336.0
1448001536.0	1500430336.0
1448001536.0	1500430336.0
1448001536.0	1500430336.0
1463128064.0	1500430336.0
1501675520.0	1520910336.0
1503522816.0	1520910336.0
1504079872.0	1520910336.0
1504079872.0	1520910336.0
1506234368.0	1520910336.0
1513783296.0	1520910336.0
1520910336.0	1520910336.0
1520508928.0	1520910336.0
1520885760.0	1520910336.0
1531531264.0	1541390336.0
1578082304.0	1582350336.0
1555533824.0	1582350336.0
1478135808.0	1582350336.0
1478135808.0	1582350336.0
1478135808.0	1582350336.0
1501937664.0	1582350336.0
1516429312.0	1582350336.0
1534500864.0	1582350336.0
1561620480.0	1582350336.0
1567272960.0	1582350336.0
1575280640.0	1582350336.0
1592872960.0	1602830336.0
1657057280.0	1643790336.0
1687699456.0	1705230336.0
1689268224.0	1705230336.0
1652092928.0	1705230336.0
1570639872.0	1705230336.0
1570639872.0	1705230336.0
1570639872.0	1705230336.0
1570639872.0	1705230336.0
1570639872.0	1705230336.0
1570639872.0	1705230336.0
1570639872.0	1705230336.0
1570639872.0	1705230336.0
1570639872.0	1705230336.0
1570639872.0	1705230336.0
1570639872.0	1705230336.0
1570639872.0	1705230336.0
1570639872.0	1705230336.0
1570639872.0	1705230336.0
1570639872.0	1705230336.0
1570639872.0	1705230336.0
1570639872.0	1623068672.0
1570639872.0	1623068672.0
1570639872.0	1623068672.0
1570639872.0	1623068672.0
1570639872.0	1623068672.0
1570639872.0	1623068672.0
1570639872.0	1623068672.0
1570639872.0	1623068672.0
1570639872.0	1623068672.0
1570639872.0	1623068672.0
1570639872.0	1623068672.0
1570639872.0	1623068672.0
1570639872.0	1623068672.0
1570639872.0	1623068672.0
1570639872.0	1623068672.0
1570639872.0	1623068672.0
1570639872.0	1623068672.0
1570639872.0	1623068672.0
1570639872.0	1623068672.0
