568201216.0	568197120.0
581963776.0	588677120.0
571244544.0	588677120.0
581558272.0	588677120.0
580026368.0	588677120.0
628838400.0	629637120.0
505790464.0	629637120.0
508833792.0	629637120.0
523980800.0	629637120.0
540831744.0	629637120.0
560275456.0	629637120.0
562208768.0	629637120.0
562495488.0	629637120.0
572370944.0	629637120.0
587767808.0	629637120.0
592588800.0	629637120.0
600670208.0	629637120.0
605212672.0	629637120.0
615149568.0	629637120.0
593604608.0	629637120.0
602632192.0	629637120.0
518287360.0	629637120.0
518287360.0	629637120.0
518287360.0	629637120.0
518287360.0	629637120.0
518287360.0	629637120.0
518287360.0	629637120.0
518287360.0	629637120.0
518287360.0	629637120.0
518287360.0	570716160.0
518287360.0	570716160.0
518287360.0	570716160.0
518287360.0	570716160.0
518287360.0	570716160.0
518287360.0	570716160.0
518287360.0	570716160.0
518287360.0	570716160.0
518287360.0	570716160.0
518287360.0	570716160.0
518287360.0	570716160.0
518287360.0	570716160.0
518287360.0	570716160.0
518287360.0	570716160.0
518287360.0	570716160.0
536354816.0	570716160.0
555102208.0	570716160.0
569356288.0	570716160.0
569475072.0	570716160.0
569683968.0	570716160.0
569683968.0	570716160.0
570646528.0	570716160.0
570806272.0	591196160.0
582250496.0	591196160.0
582381568.0	591196160.0
585105408.0	591196160.0
609103872.0	611676160.0
663887872.0	673116160.0
772775936.0	775516160.0
757407744.0	775516160.0
759160832.0	775516160.0
719036416.0	775516160.0
642940928.0	775516160.0
662552576.0	775516160.0
695537664.0	775516160.0
696279040.0	775516160.0
696401920.0	775516160.0
697364480.0	775516160.0
716779520.0	775516160.0
721580032.0	775516160.0
729210880.0	775516160.0
746876928.0	775516160.0
750264320.0	775516160.0
776548352.0	795996160.0
778432512.0	795996160.0
737345536.0	795996160.0
749961216.0	795996160.0
659558400.0	795996160.0
659558400.0	795996160.0
659558400.0	795996160.0
659558400.0	795996160.0
659558400.0	795996160.0
659558400.0	795996160.0
659558400.0	795996160.0
659558400.0	795996160.0
659558400.0	711987200.0
659558400.0	711987200.0
659558400.0	711987200.0
659558400.0	711987200.0
659558400.0	711987200.0
659558400.0	711987200.0
659558400.0	711987200.0
659558400.0	711987200.0
659558400.0	711987200.0
659558400.0	711987200.0
659558400.0	711987200.0
659558400.0	711987200.0
659558400.0	711987200.0
659558400.0	711987200.0
659558400.0	711987200.0
659558400.0	711987200.0
659558400.0	711987200.0
659558400.0	711987200.0
659558400.0	711987200.0
659558400.0	711987200.0
659558400.0	711987200.0
690499584.0	711987200.0
714289152.0	732467200.0
714784768.0	732467200.0
715145216.0	732467200.0
715214848.0	732467200.0
715333632.0	732467200.0
717271040.0	732467200.0
732438528.0	732467200.0
786284544.0	773427200.0
878702592.0	896307200.0
884625408.0	896307200.0
841674752.0	896307200.0
850309120.0	896307200.0
781680640.0	896307200.0
797106176.0	896307200.0
817377280.0	896307200.0
819183616.0	896307200.0
819515392.0	896307200.0
828026880.0	896307200.0
845279232.0	896307200.0
852127744.0	896307200.0
869924864.0	896307200.0
853647360.0	896307200.0
775467008.0	896307200.0
775467008.0	896307200.0
775467008.0	896307200.0
775467008.0	896307200.0
775467008.0	896307200.0
775467008.0	896307200.0
775467008.0	896307200.0
775467008.0	896307200.0
775467008.0	896307200.0
775467008.0	896307200.0
775467008.0	896307200.0
775467008.0	896307200.0
775467008.0	896307200.0
775467008.0	896307200.0
775467008.0	827895808.0
775467008.0	827895808.0
775467008.0	827895808.0
775467008.0	827895808.0
775467008.0	827895808.0
775467008.0	827895808.0
775467008.0	827895808.0
775467008.0	827895808.0
775467008.0	827895808.0
775467008.0	827895808.0
775467008.0	827895808.0
775467008.0	827895808.0
775467008.0	827895808.0
775467008.0	827895808.0
775467008.0	827895808.0
775467008.0	827895808.0
775467008.0	827895808.0
775467008.0	827895808.0
775467008.0	827895808.0
775467008.0	827895808.0
775467008.0	827895808.0
775467008.0	827895808.0
793182208.0	827895808.0
818286592.0	827895808.0
825810944.0	827895808.0
826441728.0	827895808.0
826609664.0	827895808.0
826728448.0	827895808.0
827723776.0	827895808.0
827883520.0	827895808.0
836067328.0	848375808.0
843153408.0	848375808.0
863989760.0	868855808.0
904065024.0	930295808.0
906436608.0	930295808.0
953888768.0	971255808.0
955985920.0	971255808.0
958955520.0	971255808.0
913813504.0	971255808.0
920276992.0	971255808.0
924758016.0	971255808.0
856821760.0	971255808.0
875831296.0	971255808.0
893886464.0	971255808.0
894722048.0	971255808.0
894939136.0	971255808.0
908271616.0	971255808.0
916008960.0	971255808.0
927580160.0	971255808.0
936845312.0	971255808.0
947384320.0	971255808.0
927354880.0	971255808.0
850870272.0	971255808.0
850870272.0	971255808.0
850870272.0	971255808.0
850870272.0	971255808.0
850870272.0	971255808.0
850870272.0	971255808.0
850870272.0	903299072.0
850870272.0	903299072.0
850870272.0	903299072.0
850870272.0	903299072.0
850870272.0	903299072.0
850870272.0	903299072.0
850870272.0	903299072.0
850870272.0	903299072.0
850870272.0	903299072.0
850870272.0	903299072.0
850870272.0	903299072.0
850870272.0	903299072.0
850870272.0	903299072.0
850870272.0	903299072.0
850870272.0	903299072.0
850870272.0	903299072.0
850870272.0	903299072.0
850870272.0	903299072.0
850870272.0	903299072.0
850870272.0	903299072.0
850870272.0	903299072.0
850870272.0	903299072.0
850870272.0	903299072.0
850870272.0	903299072.0
869142528.0	903299072.0
903290880.0	903299072.0
901713920.0	903299072.0
901963776.0	903299072.0
903163904.0	903299072.0
903176192.0	903299072.0
905531392.0	923779072.0
914382848.0	923779072.0
914382848.0	923779072.0
938561536.0	944259072.0
982409216.0	1005699072.0
884297728.0	1005699072.0
884297728.0	1005699072.0
884297728.0	1005699072.0
884297728.0	1005699072.0
915456000.0	1005699072.0
940052480.0	1005699072.0
960856064.0	1005699072.0
969670656.0	1005699072.0
974884864.0	1005699072.0
996810752.0	1005699072.0
994254848.0	1005699072.0
896122880.0	1005699072.0
896122880.0	1005699072.0
896122880.0	1005699072.0
896122880.0	1005699072.0
896122880.0	1005699072.0
896122880.0	1005699072.0
896122880.0	1005699072.0
896122880.0	1005699072.0
896122880.0	1005699072.0
896122880.0	1005699072.0
896122880.0	1005699072.0
896122880.0	1005699072.0
896122880.0	948551680.0
896122880.0	948551680.0
896122880.0	948551680.0
896122880.0	948551680.0
896122880.0	948551680.0
896122880.0	948551680.0
896122880.0	948551680.0
896122880.0	948551680.0
896122880.0	948551680.0
896122880.0	948551680.0
896122880.0	948551680.0
896122880.0	948551680.0
896122880.0	948551680.0
896122880.0	948551680.0
896122880.0	948551680.0
896122880.0	948551680.0
896122880.0	948551680.0
896122880.0	948551680.0
896122880.0	948551680.0
896122880.0	948551680.0
896122880.0	948551680.0
896122880.0	948551680.0
896122880.0	948551680.0
896122880.0	948551680.0
896122880.0	948551680.0
896122880.0	948551680.0
927023104.0	948551680.0
947113984.0	948551680.0
947367936.0	948551680.0
947490816.0	948551680.0
948350976.0	948551680.0
950992896.0	969031680.0
968908800.0	969031680.0
1025114112.0	1050951680.0
929513472.0	1050951680.0
929513472.0	1050951680.0
929513472.0	1050951680.0
929513472.0	1050951680.0
929513472.0	1050951680.0
929513472.0	1050951680.0
929513472.0	1050951680.0
929513472.0	1050951680.0
