1493749760.0	1510928384.0
1493749760.0	1510928384.0
1493860352.0	1510928384.0
1493827584.0	1510928384.0
1531412480.0	1531408384.0
1544196096.0	1551888384.0
1533403136.0	1551888384.0
1539649536.0	1551888384.0
1551888384.0	1551888384.0
1609031680.0	1613328384.0
1610371072.0	1613328384.0
1611796480.0	1613328384.0
1648250880.0	1633808384.0
1719103488.0	1736208384.0
1720729600.0	1736208384.0
1687023616.0	1736208384.0
1689513984.0	1736208384.0
1582051328.0	1736208384.0
1607921664.0	1736208384.0
1630236672.0	1736208384.0
1630990336.0	1736208384.0
1631170560.0	1736208384.0
1631281152.0	1736208384.0
1640095744.0	1736208384.0
1656442880.0	1736208384.0
1664299008.0	1736208384.0
1673498624.0	1736208384.0
1684242432.0	1736208384.0
1686503424.0	1736208384.0
1705537536.0	1736208384.0
1706790912.0	1736208384.0
1670578176.0	1736208384.0
1587064832.0	1736208384.0
1587056640.0	1736208384.0
1587056640.0	1736208384.0
1587056640.0	1736208384.0
1587056640.0	1736208384.0
1587056640.0	1736208384.0
1587056640.0	1736208384.0
1587056640.0	1736208384.0
1587056640.0	1736208384.0
1587056640.0	1736208384.0
1587056640.0	1736208384.0
1587056640.0	1736208384.0
1587056640.0	1736208384.0
1587056640.0	1639485440.0
1587056640.0	1639485440.0
1587056640.0	1639485440.0
1587056640.0	1639485440.0
1587056640.0	1639485440.0
1587056640.0	1639485440.0
1587056640.0	1639485440.0
1587056640.0	1639485440.0
1587056640.0	1639485440.0
1587056640.0	1639485440.0
1587056640.0	1639485440.0
1587056640.0	1639485440.0
1587056640.0	1639485440.0
1587056640.0	1639485440.0
1587056640.0	1639485440.0
1587056640.0	1639485440.0
1587056640.0	1639485440.0
1587056640.0	1639485440.0
1587056640.0	1639485440.0
1587056640.0	1639485440.0
1587056640.0	1639485440.0
1587056640.0	1639485440.0
1587056640.0	1639485440.0
1587056640.0	1639485440.0
1587056640.0	1639485440.0
1587056640.0	1639485440.0
1587056640.0	1639485440.0
1587056640.0	1639485440.0
1587056640.0	1639485440.0
1604972544.0	1639485440.0
1638060032.0	1639485440.0
1638150144.0	1639485440.0
1638944768.0	1639485440.0
1644150784.0	1659965440.0
1650061312.0	1659965440.0
1650028544.0	1659965440.0
1651191808.0	1659965440.0
1674936320.0	1680445440.0
1733947392.0	1741885440.0
1637036032.0	1741885440.0
1636900864.0	1741885440.0
1636900864.0	1741885440.0
1636900864.0	1741885440.0
1636900864.0	1741885440.0
1636900864.0	1741885440.0
1636900864.0	1741885440.0
1636900864.0	1741885440.0
1636900864.0	1741885440.0
1636900864.0	1741885440.0
1636900864.0	1741885440.0
1636900864.0	1741885440.0
1636900864.0	1741885440.0
1636900864.0	1741885440.0
1636900864.0	1741885440.0
1639833600.0	1741885440.0
1668145152.0	1689329664.0
1691381760.0	1709809664.0
1691881472.0	1709809664.0
1692135424.0	1709809664.0
1705381888.0	1709809664.0
1710788608.0	1730289664.0
1720537088.0	1730289664.0
1744347136.0	1730289664.0
1762578432.0	1771249664.0
1742323712.0	1771249664.0
1666408448.0	1771249664.0
1666408448.0	1771249664.0
1666408448.0	1771249664.0
1666408448.0	1771249664.0
1666408448.0	1771249664.0
1666408448.0	1771249664.0
1666408448.0	1771249664.0
1666408448.0	1771249664.0
1666408448.0	1771249664.0
1666408448.0	1771249664.0
1666408448.0	1771249664.0
1666408448.0	1771249664.0
1666408448.0	1771249664.0
1666408448.0	1771249664.0
1666408448.0	1771249664.0
1666408448.0	1771249664.0
1666408448.0	1771249664.0
1666408448.0	1771249664.0
1666408448.0	1771249664.0
1666408448.0	1718837248.0
1666408448.0	1718837248.0
1666408448.0	1718837248.0
1666408448.0	1718837248.0
1666408448.0	1718837248.0
1684422656.0	1718837248.0
1719152640.0	1739317248.0
1720569856.0	1739317248.0
1721081856.0	1739317248.0
1721528320.0	1739317248.0
1721647104.0	1739317248.0
1721651200.0	1739317248.0
1723867136.0	1739317248.0
1725288448.0	1739317248.0
1736265728.0	1739317248.0
1739116544.0	1739317248.0
1742880768.0	1759797248.0
1751732224.0	1759797248.0
1791139840.0	1800757248.0
1794658304.0	1800757248.0
1886437376.0	1903157248.0
1888657408.0	1903157248.0
1888948224.0	1903157248.0
1852841984.0	1903157248.0
1862479872.0	1903157248.0
1769267200.0	1903157248.0
1769267200.0	1903157248.0
1769267200.0	1903157248.0
1769267200.0	1903157248.0
1769267200.0	1821696000.0
1769267200.0	1821696000.0
1769267200.0	1821696000.0
1769267200.0	1821696000.0
1769267200.0	1821696000.0
1769267200.0	1821696000.0
1769267200.0	1821696000.0
1769267200.0	1821696000.0
1769267200.0	1821696000.0
1769267200.0	1821696000.0
1769267200.0	1821696000.0
1769267200.0	1821696000.0
1769267200.0	1821696000.0
1769267200.0	1821696000.0
1769267200.0	1821696000.0
1769267200.0	1821696000.0
1769267200.0	1821696000.0
1769267200.0	1821696000.0
1769267200.0	1821696000.0
1769267200.0	1821696000.0
1769267200.0	1821696000.0
1769267200.0	1821696000.0
1769267200.0	1821696000.0
1769267200.0	1821696000.0
1769267200.0	1821696000.0
1769267200.0	1821696000.0
1769267200.0	1821696000.0
1769267200.0	1821696000.0
1769267200.0	1821696000.0
1769267200.0	1821696000.0
1769267200.0	1821696000.0
1769267200.0	1821696000.0
1769267200.0	1821696000.0
1769267200.0	1821696000.0
1769267200.0	1821696000.0
1769267200.0	1821696000.0
1780617216.0	1821696000.0
1818722304.0	1821696000.0
1824227328.0	1842176000.0
1824960512.0	1842176000.0
1825189888.0	1842176000.0
1825304576.0	1842176000.0
1826725888.0	1842176000.0
1842028544.0	1842176000.0
1848922112.0	1862656000.0
1895940096.0	1883136000.0
1897607168.0	1903616000.0
1799589888.0	1903616000.0
1799589888.0	1903616000.0
1799589888.0	1903616000.0
1799589888.0	1903616000.0
1799589888.0	1903616000.0
1799589888.0	1903616000.0
1837199360.0	1903616000.0
1856176128.0	1903616000.0
1885818880.0	1903616000.0
1890934784.0	1903616000.0
1896427520.0	1903616000.0
1912958976.0	1924096000.0
1917362176.0	1924096000.0
1896321024.0	1924096000.0
1818996736.0	1924096000.0
1818996736.0	1924096000.0
1818996736.0	1924096000.0
1818996736.0	1924096000.0
1818996736.0	1924096000.0
1818996736.0	1924096000.0
1818996736.0	1924096000.0
1818996736.0	1924096000.0
1818996736.0	1924096000.0
1818996736.0	1924096000.0
1818996736.0	1924096000.0
1818996736.0	1924096000.0
1818996736.0	1924096000.0
1818996736.0	1924096000.0
1818996736.0	1924096000.0
1818996736.0	1924096000.0
1818996736.0	1924096000.0
1818996736.0	1924096000.0
1818996736.0	1924096000.0
1818996736.0	1924096000.0
1818996736.0	1924096000.0
1818996736.0	1924096000.0
1818996736.0	1924096000.0
1818996736.0	1924096000.0
1818996736.0	1924096000.0
1818996736.0	1871425536.0
1818996736.0	1871425536.0
1818996736.0	1871425536.0
1818996736.0	1871425536.0
1818996736.0	1871425536.0
1818996736.0	1871425536.0
1818996736.0	1871425536.0
1818996736.0	1871425536.0
1818996736.0	1871425536.0
1818996736.0	1871425536.0
1837694976.0	1871425536.0
1871904768.0	1891905536.0
1872084992.0	1891905536.0
1874276352.0	1891905536.0
1875292160.0	1891905536.0
1880190976.0	1891905536.0
1891774464.0	1891905536.0
1891880960.0	1891905536.0
1926209536.0	1912385536.0
1946783744.0	1953345536.0
1926332416.0	1953345536.0
1848668160.0	1953345536.0
1848668160.0	1953345536.0
1848668160.0	1953345536.0
1848668160.0	1953345536.0
1848668160.0	1953345536.0
1848668160.0	1953345536.0
1848668160.0	1953345536.0
1848668160.0	1953345536.0
1848668160.0	1901096960.0
1848668160.0	1901096960.0
1848668160.0	1901096960.0
1848668160.0	1901096960.0
1848668160.0	1901096960.0
1848668160.0	1901096960.0
1848668160.0	1901096960.0
1848668160.0	1901096960.0
1848668160.0	1901096960.0
1848668160.0	1901096960.0
1848668160.0	1901096960.0
1848668160.0	1901096960.0
1848668160.0	1901096960.0
1848668160.0	1901096960.0
1848668160.0	1901096960.0
1848668160.0	1901096960.0
1848668160.0	1901096960.0
1848668160.0	1901096960.0
1848668160.0	1901096960.0
1848668160.0	1901096960.0
1848668160.0	1901096960.0
1848668160.0	1901096960.0
1848668160.0	1901096960.0
1848668160.0	1901096960.0
1848668160.0	1901096960.0
1848668160.0	1901096960.0
1848668160.0	1901096960.0
