510787584	634130432
546791424	634130432
563769344	634130432
563990528	634130432
566517760	634130432
574128128	634130432
583315456	634130432
589246464	634130432
603832320	634130432
616263680	634130432
520024064	634130432
520024064	634130432
520024064	634130432
520024064	634130432
520024064	634130432
520024064	634130432
520024064	634130432
520024064	634130432
520024064	634130432
520024064	634130432
520024064	634130432
520024064	634130432
520024064	634130432
520024064	634130432
520024064	634130432
520024064	634130432
520024064	634130432
520024064	634130432
520024064	634130432
520024064	634130432
520024064	572452864
520024064	572452864
520024064	572452864
520024064	572452864
520024064	572452864
520024064	572452864
520024064	572452864
520024064	572452864
520024064	572452864
520024064	572452864
520024064	572452864
572448768	572452864
571199488	572452864
571162624	572452864
571162624	572452864
571404288	572452864
571285504	572452864
572420096	572452864
572362752	572452864
572055552	572452864
573124608	592932864
577474560	592932864
583598080	592932864
583532544	592932864
586199040	592932864
610033664	613412864
664862720	674852864
758099968	777252864
763445248	777252864
724189184	777252864
648196096	777252864
695451648	777252864
696639488	777252864
697540608	777252864
697663488	777252864
698990592	777252864
704671744	777252864
727056384	777252864
747991040	777252864
653926400	777252864
653885440	777252864
653885440	777252864
653885440	777252864
653840384	777252864
653840384	777252864
653840384	777252864
653713408	777252864
653713408	777252864
653713408	777252864
653713408	777252864
653713408	777252864
653713408	777252864
653713408	777252864
653713408	777252864
653713408	777252864
653713408	777252864
653713408	706142208
653713408	706142208
653713408	706142208
653713408	706142208
653713408	706142208
653713408	706142208
653713408	706142208
653713408	706142208
653713408	706142208
653713408	706142208
653713408	706142208
653713408	706142208
653713408	706142208
653713408	706142208
653713408	706142208
705998848	706142208
704933888	706142208
704933888	706142208
704933888	706142208
705056768	706142208
706113536	706142208
706064384	706142208
705441792	706142208
706129920	706142208
706166784	706142208
706371584	726622208
708083712	726622208
712933376	726622208
717422592	726622208
739934208	747102208
797593600	808542208
781586432	808542208
704770048	808542208
733372416	808542208
757583872	808542208
757780480	808542208
757985280	808542208
758108160	808542208
760283136	808542208
772505600	808542208
797564928	808542208
817991680	829022208
897257472	931422208
855597056	931422208
780017664	931422208
780017664	931422208
780017664	931422208
780017664	931422208
780017664	931422208
780017664	931422208
780017664	931422208
780017664	931422208
780017664	931422208
780017664	931422208
780017664	931422208
780017664	931422208
780017664	931422208
780017664	832446464
780017664	832446464
780017664	832446464
780017664	832446464
780017664	832446464
780017664	832446464
780017664	832446464
780017664	832446464
780017664	832446464
780017664	832446464
780017664	832446464
780017664	832446464
780017664	832446464
780017664	832446464
780017664	832446464
780017664	832446464
780017664	832446464
785281024	832446464
832872448	852926464
834211840	852926464
834371584	852926464
835215360	852926464
835338240	852926464
837189632	852926464
846049280	852926464
852889600	852926464
852901888	852926464
908324864	893886464
990167040	975806464
1001725952	1016766464
1004498944	1016766464
961069056	1016766464
883027968	1016766464
893931520	1016766464
937267200	1016766464
938582016	1016766464
939286528	1016766464
939479040	1016766464
939601920	1016766464
940359680	1016766464
947429376	1016766464
950591488	1016766464
954011648	1016766464
961904640	1016766464
979734528	1016766464
993071104	1016766464
1020895232	1037246464
984547328	1037246464
902434816	1037246464
902426624	1037246464
902426624	1037246464
902426624	1037246464
902426624	1037246464
902426624	1037246464
902426624	1037246464
902426624	1037246464
902426624	1037246464
902426624	954855424
902426624	954855424
902426624	954855424
902426624	954855424
902426624	954855424
902426624	954855424
902426624	954855424
902426624	954855424
902426624	954855424
902426624	954855424
902426624	954855424
902426624	954855424
902426624	954855424
902426624	954855424
902426624	954855424
902426624	954855424
902426624	954855424
902426624	954855424
902426624	954855424
902426624	954855424
906293248	954855424
957468672	975335424
958210048	975335424
958210048	975335424
958210048	975335424
958332928	975335424
959090688	975335424
971374592	975335424
975327232	975335424
976941056	995815424
1027092480	1036775424
1012084736	1036775424
946831360	1036775424
965677056	1036775424
988749824	1036775424
989143040	1036775424
990031872	1036775424
1002242048	1036775424
1015349248	1036775424
1046380544	1057255424
1111007232	1098215424
1143996416	1159655424
1025761280	1159655424
1025544192	1159655424
1025544192	1159655424
1025544192	1159655424
1025544192	1159655424
1025544192	1159655424
1025544192	1159655424
1025544192	1159655424
1025544192	1159655424
1025544192	1159655424
1025544192	1159655424
1025544192	1159655424
1025544192	1159655424
1025544192	1159655424
1025544192	1159655424
1025544192	1077972992
1025544192	1077972992
1025544192	1077972992
1025544192	1077972992
1025544192	1077972992
1025544192	1077972992
1025544192	1077972992
1025544192	1077972992
1025544192	1077972992
1025544192	1077972992
1025544192	1077972992
1025544192	1077972992
1025544192	1077972992
1025544192	1077972992
1025544192	1077972992
1025544192	1077972992
1025544192	1077972992
1025544192	1077972992
1025544192	1077972992
1025544192	1077972992
1025544192	1077972992
1025544192	1077972992
1025544192	1077972992
1025544192	1077972992
1060372480	1077972992
1079873536	1098452992
1080377344	1098452992
1080832000	1098452992
1080832000	1098452992
1082068992	1098452992
1084907520	1098452992
1089929216	1098452992
1098452992	1098452992
1101873152	1118932992
1150136320	1159892992
1244946432	1262292992
1247088640	1262292992
1128624128	1262292992
1128624128	1262292992
1128624128	1262292992
1128624128	1262292992
1128624128	1262292992
1128624128	1262292992
