235765760	361234432
255344640	361234432
290631680	361234432
292433920	361234432
292638720	361234432
294592512	361234432
305680384	361234432
322371584	361234432
344555520	361234432
386539520	402194432
388898816	402194432
270848000	402194432
270733312	402194432
270733312	402194432
270733312	402194432
270733312	402194432
270733312	402194432
270733312	402194432
270733312	402194432
270733312	402194432
270733312	402194432
270733312	402194432
270733312	402194432
270733312	402194432
270733312	402194432
270733312	323162112
270733312	323162112
270733312	323162112
270733312	323162112
270733312	323162112
270733312	323162112
270733312	323162112
270733312	323162112
270733312	323162112
270733312	323162112
270733312	323162112
270733312	323162112
270733312	323162112
270733312	323162112
270733312	323162112
270733312	323162112
270733312	323162112
270733312	323162112
270733312	323162112
270733312	323162112
270733312	323162112
270733312	323162112
270733312	323162112
270733312	323162112
270733312	323162112
270733312	323162112
270733312	323162112
270733312	323162112
270733312	323162112
270733312	323162112
270733312	323162112
270733312	323162112
270733312	323162112
270733312	323162112
270733312	323162112
270733312	323162112
270733312	323162112
270733312	323162112
270733312	323162112
270733312	323162112
270733312	323162112
270733312	323162112
270733312	323162112
270733312	323162112
270733312	323162112
270733312	323162112
270733312	323162112
270733312	323162112
270733312	323162112
270733312	323162112
270733312	323162112
270733312	323162112
270733312	323162112
270733312	323162112
270733312	323162112
270733312	323162112
270733312	323162112
270733312	323162112
270733312	323162112
270733312	323162112
270733312	323162112
270733312	323162112
270733312	323162112
270733312	323162112
270733312	323162112
270733312	323162112
270733312	323162112
270733312	323162112
270733312	323162112
270733312	323162112
270733312	323162112
270733312	323162112
270733312	323162112
270733312	323162112
270733312	323162112
270733312	323162112
270733312	323162112
270733312	323162112
270733312	323162112
286183424	323162112
309293056	323162112
325140480	343642112
326557696	343642112
326647808	343642112
326995968	343642112
327147520	343642112
327348224	343642112
328675328	343642112
336490496	343642112
343490560	343642112
343343104	343642112
346652672	364122112
358957056	364122112
401162240	405082112
302043136	405082112
301740032	405082112
301740032	405082112
301740032	405082112
301740032	405082112
301740032	405082112
301740032	405082112
301740032	405082112
301740032	405082112
301740032	405082112
301740032	405082112
301740032	405082112
301740032	405082112
301740032	405082112
301740032	405082112
301740032	405082112
301740032	405082112
301740032	405082112
301740032	405082112
301740032	354168832
301740032	354168832
301740032	354168832
301740032	354168832
301740032	354168832
301740032	354168832
301740032	354168832
301740032	354168832
301740032	354168832
301740032	354168832
301740032	354168832
301740032	354168832
301740032	354168832
301740032	354168832
301740032	354168832
301740032	354168832
301740032	354168832
301740032	354168832
301740032	354168832
301740032	354168832
301740032	354168832
301740032	354168832
301740032	354168832
301740032	354168832
301740032	354168832
301740032	354168832
317542400	354168832
342106112	354168832
355627008	374648832
355876864	373170176
357847040	373170176
357957632	373170176
358727680	373170176
367300608	373170176
373084160	373170176
373137408	373170176
372948992	373170176
388534272	393650176
430981120	455090176
332603392	455090176
332529664	455090176
332529664	455090176
332529664	455090176
332529664	455090176
332529664	455090176
332529664	455090176
332529664	455090176
332529664	455090176
332529664	455090176
332529664	455090176
332529664	455090176
332529664	455090176
332529664	455090176
332529664	455090176
332529664	455090176
332529664	455090176
332529664	455090176
332529664	384958464
332529664	384958464
332529664	384958464
332529664	384958464
332529664	384958464
332529664	384958464
332529664	384958464
332529664	384958464
332529664	384958464
332529664	384958464
332529664	384958464
332529664	384958464
332529664	384958464
332529664	384958464
332529664	384958464
332529664	384958464
332529664	384958464
332529664	384958464
332529664	384958464
332529664	384958464
332529664	384958464
332529664	384958464
332529664	384958464
332529664	384958464
332529664	384958464
332529664	384958464
332529664	384958464
332529664	384958464
332529664	384958464
347807744	384958464
386363392	405438464
386441216	405438464
387641344	405438464
388665344	405438464
388739072	405438464
389677056	405438464
400764928	405438464
405413888	405438464
418869248	425918464
446451712	466878464
363155456	466878464
363155456	466878464
363155456	466878464
363155456	466878464
363155456	466878464
363155456	466878464
363155456	466878464
363155456	466878464
363155456	466878464
363155456	466878464
363155456	466878464
363155456	466878464
363155456	466878464
363155456	466878464
363155456	466878464
363155456	466878464
363155456	466878464
363155456	415584256
363155456	415584256
363155456	415584256
363155456	415584256
363155456	415584256
363155456	415584256
363155456	415584256
363155456	415584256
363155456	415584256
363155456	415584256
363155456	415584256
363155456	415584256
363155456	415584256
363155456	415584256
363155456	415584256
363155456	415584256
363155456	415584256
363155456	415584256
363155456	415584256
363155456	415584256
363155456	415584256
363155456	415584256
363155456	415584256
363155456	415584256
363155456	415584256
363155456	415584256
363155456	415584256
363155456	415584256
363155456	415584256
363155456	415584256
363155456	415584256
363155456	415584256
363155456	415584256
363155456	415584256
363155456	415584256
363155456	415584256
363155456	415584256
363155456	415584256
363155456	415584256
363155456	415584256
363155456	415584256
363155456	415584256
363155456	415584256
363155456	415584256
363155456	415584256
363155456	415584256
363155456	415584256
363155456	415584256
