678768640	695926784
681521152	695926784
681783296	695926784
648163328	695926784
535969792	695926784
535969792	695926784
535969792	695926784
535969792	695926784
535969792	695926784
535969792	695926784
535969792	695926784
535969792	695926784
535969792	588398592
535969792	588398592
535969792	588398592
535969792	588398592
535969792	588398592
535969792	588398592
535969792	588398592
535969792	588398592
535969792	588398592
535969792	588398592
535969792	588398592
535969792	588398592
535969792	588398592
535969792	588398592
535969792	588398592
535969792	588398592
535969792	588398592
535969792	588398592
535969792	588398592
535969792	588398592
535969792	588398592
535969792	588398592
535969792	588398592
535969792	588398592
535969792	588398592
535969792	588398592
535969792	588398592
535969792	588398592
535969792	588398592
535969792	588398592
535969792	588398592
554979328	588398592
589611008	608878592
589803520	608878592
591130624	608878592
591134720	608878592
591798272	608878592
591777792	608878592
592027648	608878592
592121856	608878592
592130048	608878592
594055168	608878592
602087424	608878592
608837632	608878592
620687360	629358592
662880256	670318592
756690944	772718592
760467456	772718592
729595904	772718592
639930368	772718592
639930368	772718592
639930368	772718592
639930368	772718592
639930368	772718592
639930368	772718592
639930368	772718592
639922176	692359168
639922176	692359168
639922176	692359168
639922176	692359168
639922176	692359168
639922176	692359168
639922176	692359168
639922176	692359168
639922176	692359168
639922176	692359168
639922176	692359168
639922176	692359168
639922176	692359168
639922176	692359168
639922176	692359168
639922176	692359168
639922176	692359168
639922176	692359168
639922176	692359168
639922176	692359168
639922176	692359168
639922176	692359168
639922176	692359168
639922176	692359168
639922176	692359168
639922176	692359168
639922176	692359168
639922176	692359168
639922176	692350976
639922176	692350976
639922176	692350976
639922176	692350976
639922176	692350976
639922176	692350976
640184320	692350976
659116032	692350976
695123968	712830976
695242752	712830976
695980032	712830976
696119296	712830976
697507840	712830976
705642496	712830976
709963776	712830976
712650752	712830976
712646656	712830976
726626304	733310976
767164416	774270976
749424640	774270976
699023360	774270976
725835776	774270976
726740992	774270976
726847488	774270976
734572544	774270976
752332800	774270976
752775168	774270976
767983616	774270976
801632256	815230976
708800512	815230976
708800512	815230976
708800512	815230976
708800512	815230976
708800512	815230976
708800512	815230976
708800512	815230976
708800512	815230976
708800512	815230976
708800512	815230976
708800512	815230976
708800512	815230976
708800512	815230976
708800512	815230976
708800512	815230976
708800512	815230976
708800512	815230976
708800512	815230976
708800512	815230976
708800512	815230976
708800512	815230976
708800512	815230976
708800512	815230976
708800512	815230976
708800512	815230976
708800512	815230976
708800512	815230976
708800512	761229312
708800512	761229312
708800512	761229312
708800512	761229312
708800512	761229312
708800512	761229312
708800512	761229312
708800512	761229312
708800512	761229312
708800512	761229312
708800512	761229312
725876736	761229312
762826752	781709312
763826176	781709312
764588032	781709312
764547072	781709312
764743680	781709312
764887040	781709312
767315968	781709312
780005376	781709312
781586432	781709312
781447168	781709312
781455360	781709312
792350720	802189312
836005888	843149312
944320512	966029312
947011584	966029312
910565376	966029312
827346944	966029312
827346944	963043328
827346944	963043328
827346944	963043328
827346944	963043328
827346944	963043328
827346944	963043328
827346944	963043328
827346944	963043328
827346944	963043328
827346944	963043328
827346944	963043328
827346944	963043328
827346944	963043328
827346944	963043328
827346944	963043328
827346944	963043328
827346944	963043328
827346944	963043328
827346944	963043328
827346944	963043328
827346944	963043328
827346944	963043328
827346944	963043328
827346944	963043328
827346944	963043328
827346944	963043328
827346944	963043328
827346944	963043328
827346944	963043328
827346944	879775744
827346944	879775744
827346944	879775744
827346944	879775744
827346944	879775744
827346944	879775744
827346944	879775744
827346944	879775744
827346944	879775744
827346944	879775744
827346944	879775744
827346944	879775744
827346944	879775744
842371072	879775744
881229824	900255744
882495488	900255744
882655232	900255744
883343360	900255744
883445760	900255744
883585024	900255744
889974784	900255744
898035712	900255744
900222976	900255744
900120576	900255744
900120576	900255744
906051584	920735744
953217024	961695744
956223488	961695744
1064914944	1084575744
1068228608	1084575744
1035370496	1084575744
946028544	1084575744
946028544	1084575744
946028544	1084575744
946028544	1084575744
946028544	1084575744
946028544	1084575744
946028544	1084575744
946028544	1084575744
946028544	1084575744
946028544	1084575744
946028544	1084575744
946028544	1084575744
946028544	1084575744
946028544	1084575744
946028544	1084575744
946028544	1084575744
946028544	1084575744
946028544	1084575744
946028544	1084575744
946028544	1084575744
946028544	1084575744
946028544	1084575744
946028544	1084575744
946028544	1084575744
946028544	1084575744
946028544	1084575744
946028544	998457344
946028544	998457344
946028544	998457344
946028544	998457344
946028544	998457344
946028544	998457344
946028544	998457344
946028544	998457344
946028544	998457344
946028544	998457344
946028544	998457344
946028544	998457344
946028544	998457344
946028544	998457344
946028544	998457344
946028544	998457344
946028544	998457344
946028544	998457344
946028544	998457344
946028544	998457344
946028544	998457344
946028544	998457344
946028544	998457344
946028544	998457344
946028544	998457344
946028544	998457344
946028544	998457344
946028544	998457344
946028544	998457344
946028544	998457344
946028544	998457344
946028544	998457344
946028544	998457344
