755519488	758730752
641335296	758730752
677453824	758730752
693927936	758730752
694411264	758730752
694566912	758730752
694669312	758730752
694796288	758730752
701992960	758730752
720072704	758730752
724910080	758730752
748331008	758730752
804077568	840650752
762871808	840650752
687235072	840650752
687230976	840650752
687230976	840650752
687230976	840650752
687230976	840650752
687230976	840650752
687230976	840650752
687230976	840650752
687230976	840650752
687230976	840650752
687230976	840650752
687230976	840650752
687230976	840650752
687230976	840650752
687230976	840650752
687230976	840650752
687230976	840650752
687230976	840650752
687230976	840650752
687230976	739659776
687230976	739659776
687230976	739659776
687230976	739659776
687230976	739659776
687230976	739659776
687230976	739659776
702488576	739659776
742199296	760139776
743194624	760139776
743153664	760139776
743153664	760139776
743280640	760139776
743280640	760139776
745066496	760139776
745172992	760139776
752517120	760139776
759951360	760139776
764751872	780619776
814034944	821579776
906084352	923979776
909086720	923979776
868241408	923979776
790978560	923979776
793972736	923979776
821350400	923979776
846286848	923979776
846970880	923979776
847314944	899194880
849125376	899194880
860364800	899194880
874307584	899194880
905216000	919674880
810541056	919674880
810496000	919674880
810496000	919674880
810409984	919674880
810409984	919674880
810409984	919674880
810409984	919674880
810409984	919674880
810409984	919674880
810409984	919674880
810409984	919674880
810409984	919674880
810409984	919674880
810409984	919674880
810409984	919674880
810409984	919674880
810409984	919674880
810409984	919674880
810409984	919674880
810409984	919674880
810409984	919674880
810409984	919674880
810409984	919674880
810409984	919674880
810409984	862838784
810409984	862838784
810409984	862838784
810409984	862838784
810409984	862838784
810409984	862838784
810409984	862838784
810409984	862838784
810409984	862838784
810409984	862838784
825901056	862838784
864182272	883318784
865615872	883318784
866574336	883318784
866574336	883318784
866574336	883318784
867864576	883318784
868704256	883318784
875040768	883318784
881446912	883318784
883314688	883318784
883142656	883318784
883154944	883318784
885710848	903798784
936783872	944758784
1047187456	1047158784
1033134080	1067638784
991567872	1067638784
914468864	1067638784
933068800	1067638784
968544256	1067638784
969691136	1067638784
970207232	1067638784
970403840	1067638784
970588160	1067638784
970715136	1067638784
971616256	1067638784
988905472	1067638784
995979264	1067638784
1012170752	1067638784
1026379776	1067638784
926846976	1067638784
926846976	1067638784
926846976	1067638784
926846976	1067638784
926846976	1067638784
926846976	1067638784
926728192	1067638784
926728192	1067638784
926728192	1067638784
926728192	1067638784
926728192	1067638784
926728192	1067638784
926728192	1067638784
926728192	1067638784
926728192	1067638784
926728192	979156992
926728192	979156992
926728192	979156992
926728192	979156992
926728192	979156992
926728192	979156992
926728192	979156992
926728192	979156992
926728192	979156992
926728192	979156992
926728192	979156992
926728192	979156992
926728192	979156992
926728192	979156992
945926144	979156992
977920000	979156992
977920000	979156992
977920000	979156992
978046976	979156992
979148800	979156992
979042304	979156992
979124224	979156992
978956288	979156992
980176896	999636992
987496448	999636992
996524032	999636992
1053556736	1040596992
1058238464	1081556992
975314944	1081556992
1012518912	1081556992
1016258560	1081556992
1016438784	1081556992
1016565760	1081556992
1025036288	1081556992
1038909440	1081556992
1041707008	1081556992
1046609920	1081556992
1069907968	1081556992
1123139584	1122516992
1150128128	1163476992
1105059840	1163476992
1027878912	1163476992
1027747840	1163476992
1027723264	1163476992
1027723264	1163476992
1027723264	1163476992
1027723264	1163476992
1027723264	1163476992
1027723264	1163476992
1027715072	1163476992
1027715072	1163476992
1027715072	1163476992
1027715072	1163476992
1027715072	1163476992
1027715072	1163476992
1027715072	1163476992
1027715072	1163476992
1027715072	1080143872
1027715072	1080143872
1027715072	1080143872
1027715072	1080143872
1027715072	1080143872
1027715072	1080143872
1027715072	1080143872
1027715072	1080143872
1027715072	1080143872
1027715072	1080143872
1027715072	1080143872
1027715072	1080143872
1027715072	1080143872
1027715072	1080143872
1027715072	1080143872
1027715072	1080143872
1027715072	1080143872
1050714112	1080143872
1083355136	1100623872
1083801600	1100623872
1083801600	1100623872
1083801600	1100623872
1083932672	1100623872
1086009344	1100623872
1097793536	1100623872
1100619776	1100623872
1143435264	1141583872
1153536000	1162063872
1246486528	1264463872
1250230272	1264463872
1221976064	1264463872
1143402496	1264463872
1185566720	1264463872
1187381248	1264463872
1187622912	1264463872
1188392960	1264463872
1189146624	1264463872
1207369728	1264463872
1211568128	1264463872
1228668928	1264463872
1266712576	1284943872
1271185408	1284943872
1236885504	1284943872
1150365696	1284943872
1150357504	1284943872
1150357504	1284943872
1150357504	1284943872
1150357504	1284943872
1150357504	1284943872
1150357504	1284943872
1150357504	1284943872
1150357504	1284943872
1150357504	1284943872
1150357504	1284943872
1150357504	1284943872
1150357504	1284943872
1150357504	1284943872
1150357504	1202786304
1150357504	1202786304
1150357504	1202786304
1150357504	1202786304
1150357504	1202786304
1150357504	1202786304
1150357504	1202786304
1150357504	1202786304
1150357504	1202786304
1150357504	1202786304
1150357504	1202786304
1150357504	1202786304
1150357504	1202786304
1150357504	1202786304
1150357504	1202786304
1150357504	1202786304
1150357504	1202786304
1150357504	1202786304
1150357504	1202786304
1150357504	1202786304
1165705216	1202786304
1205276672	1223266304
1206358016	1223266304
1206218752	1223266304
1206218752	1223266304
1206345728	1223266304
1207992320	1223266304
1220333568	1223266304
1224871936	1243746304
1275543552	1284706304
1258020864	1284706304
1180360704	1284706304
1180360704	1284706304
1180360704	1284706304
1180360704	1284706304
1180360704	1284706304
1180360704	1284706304
1180360704	1284706304
1180360704	1284706304
1180360704	1284706304
