58900.0
12171.0
48272.0
50104.0
52240.0
49741.0
52933.0
45022.0
44821.0
3555.0
3860.0
45191.0
43754.0
40928.0
50086.0
4938.0
6564.0
32535.0
20052.0
34220.0
24673.0
8250.0
23546.0
22673.0
27165.0
28729.0
34184.0
33415.0
24021.0
34720.0
30631.0
6313.0
14452.0
30245.0
41820.0
39767.0
6143.0
28738.0
16415.0
23229.0
33632.0
4817.0
35170.0
7354.0
5082.0
20786.0
39608.0
41139.0
29968.0
40819.0
14703.0
19874.0
49819.0
33577.0
30283.0
45531.0
53669.0
46271.0
27278.0
37050.0
36869.0
46133.0
49756.0
31864.0
38957.0
38964.0
52395.0
43868.0
13430.0
16150.0
34596.0
5677.0
35362.0
37492.0
39064.0
34242.0
48006.0
43484.0
46332.0
49012.0
39075.0
26073.0
24809.0
41753.0
44748.0
53532.0
51675.0
28078.0
40045.0
52408.0
52086.0
38349.0
52223.0
31946.0
3539.0
38280.0
32894.0
51828.0
47619.0
37776.0
22596.0
47100.0
41499.0
51383.0
54101.0
52695.0
56009.0
48137.0
37784.0
52982.0
49022.0
55118.0
47061.0
44407.0
47647.0
46480.0
36000.0
53072.0
40429.0
50461.0
30400.0
28157.0
27201.0
27072.0
28318.0
29291.0
29033.0
29100.0
29725.0
29278.0
29789.0
28949.0
28690.0
26830.0
23576.0
24437.0
23006.0
22118.0
21590.0
20410.0
16763.0
16400.0
16041.0
18538.0
14696.0
15685.0
15924.0
15996.0
16044.0
13401.0
9682.0
14154.0
17688.0
11977.0
12722.0
15171.0
16018.0
15695.0
15965.0
12626.0
15749.0
10373.0
16006.0
18136.0
15842.0
20183.0
17858.0
11818.0
10696.0
14248.0
15990.0
18037.0
16689.0
10943.0
16128.0
15264.0
12439.0
9590.0
13656.0
13271.0
16437.0
11020.0
16260.0
10276.0
13587.0
13171.0
12729.0
14487.0
15449.0
12292.0
10642.0
12892.0
9603.0
19679.0
12853.0
12308.0
16698.0
11158.0
16455.0
13180.0
11868.0
17033.0
11410.0
16030.0
14530.0
20681.0
18377.0
14175.0
15636.0
15167.0
15434.0
9294.0
12049.0
13937.0
13098.0
17964.0
13457.0
12700.0
11156.0
16819.0
12945.0
19228.0
20860.0
19643.0
20502.0
15212.0
19150.0
14362.0
19088.0
21956.0
21876.0
21278.0
18066.0
12791.0
14526.0
13631.0
17725.0
12225.0
11837.0
18521.0
171000.0
163845.0
167829.0
168364.0
60161.0
6955.0
8335.0
10128.0
1935.0
7150.0
7925.0
4060.0
15540.0
37509.0
59928.0
13219.0
9979.0
7953.0
6557.0
12477.0
15636.0
19138.0
11921.0
20818.0
14328.0
30869.0
27562.0
45501.0
75817.0
40017.0
37886.0
52077.0
84968.0
103749.0
78700.0
36690.0
71880.0
90637.0
83002.0
41642.0
71139.0
81494.0
69519.0
66496.0
115593.0
75771.0
77699.0
94700.0
82034.0
111573.0
91876.0
77526.0
98104.0
102557.0
99678.0
97543.0
112949.0
103568.0
110888.0
114353.0
117258.0
92564.0
85415.0
110774.0
91300.0
113544.0
66998.0
108384.0
109970.0
103700.0
114320.0
67312.0
118397.0
112352.0
113015.0
111565.0
91176.0
118987.0
110437.0
112012.0
117700.0
116323.0
117673.0
103184.0
136620.0
125706.0
115216.0
94214.0
110348.0
117145.0
130871.0
121074.0
105596.0
124160.0
130638.0
136463.0
130770.0
118522.0
105226.0
107196.0
140880.0
135713.0
99756.0
129269.0
119420.0
147530.0
135726.0
140424.0
144561.0
129036.0
132292.0
115011.0
118094.0
129458.0
128990.0
119307.0
127810.0
119659.0
118803.0
783000.0
9318.0
11226.0
29576.0
528598.0
680775.0
573917.0
591399.0
730950.0
720981.0
751779.0
689238.0
654124.0
401181.0
62151.0
127285.0
303510.0
334665.0
376655.0
407580.0
473149.0
477042.0
353289.0
448939.0
487710.0
464804.0
397723.0
508674.0
462589.0
508135.0
565125.0
542937.0
524599.0
570709.0
476537.0
506910.0
500147.0
364930.0
365333.0
505021.0
569858.0
586952.0
557099.0
472828.0
526626.0
571772.0
467896.0
555403.0
535204.0
512439.0
603212.0
543797.0
533087.0
600035.0
501848.0
546689.0
583087.0
631802.0
549946.0
554256.0
584645.0
620239.0
571382.0
574035.0
549518.0
563298.0
581867.0
599201.0
564731.0
574715.0
599478.0
618368.0
636351.0
579974.0
566534.0
559509.0
532336.0
605475.0
599868.0
572742.0
544621.0
540557.0
554283.0
594917.0
571399.0
598485.0
435666.0
586846.0
566925.0
625300.0
481254.0
615284.0
584295.0
623281.0
619494.0
639214.0
581517.0
584186.0
568048.0
619906.0
598753.0
635676.0
355372.0
438103.0
336845.0
323431.0
305869.0
340964.0
325423.0
284425.0
353704.0
334663.0
532768.0
626310.0
581261.0
600921.0
562637.0
580680.0
568598.0
581629.0
241500.0
44583.0
21915.0
44439.0
145714.0
186101.0
129414.0
191865.0
205142.0
196998.0
206252.0
176434.0
166366.0
121765.0
52822.0
67833.0
51206.0
43662.0
39130.0
27174.0
29076.0
14598.0
15434.0
22093.0
12109.0
14635.0
11411.0
12908.0
15206.0
9966.0
19991.0
25420.0
12480.0
16916.0
47400.0
15001.0
24493.0
18177.0
21634.0
35537.0
14300.0
48266.0
13713.0
44112.0
35019.0
103338.0
61036.0
55224.0
83645.0
63050.0
96922.0
35560.0
50003.0
63102.0
35156.0
39567.0
47025.0
67023.0
44469.0
58915.0
33177.0
73344.0
50627.0
60377.0
47829.0
54859.0
51681.0
36222.0
28539.0
76597.0
47343.0
40103.0
73448.0
57221.0
36955.0
44899.0
48021.0
32708.0
38599.0
48845.0
74145.0
43801.0
69452.0
23489.0
45555.0
77885.0
54941.0
46160.0
34983.0
36436.0
60930.0
40376.0
51819.0
40193.0
30363.0
38061.0
61405.0
52440.0
51877.0
32911.0
48058.0
89684.0
50516.0
47770.0
91996.0
104663.0
76635.0
73698.0
73498.0
84050.0
78909.0
79564.0
34582.0
28174.0
50519.0
66354.0
34279.0
42669.0
57310.0
28209.0
99000.0
96314.0
94546.0
97327.0
95625.0
95776.0
97491.0
94396.0
96709.0
97243.0
95163.0
95071.0
96935.0
97644.0
92596.0
95819.0
97266.0
96771.0
97500.0
97276.0
98161.0
98187.0
95704.0
96625.0
91311.0
97915.0
98030.0
96982.0
97083.0
87540.0
88422.0
97376.0
96863.0
97586.0
96359.0
96579.0
97732.0
95397.0
91526.0
91138.0
97660.0
98015.0
95457.0
97675.0
96658.0
98136.0
94187.0
96638.0
94015.0
96946.0
97055.0
98337.0
93959.0
97580.0
97169.0
97562.0
98080.0
96706.0
97637.0
97317.0
97746.0
98369.0
96854.0
96495.0
92011.0
97955.0
98178.0
97141.0
93451.0
95909.0
97948.0
98421.0
96888.0
96875.0
97003.0
97784.0
97575.0
97061.0
94158.0
97204.0
97998.0
98246.0
97060.0
97674.0
97386.0
96578.0
98055.0
96839.0
91978.0
97280.0
97222.0
98381.0
95831.0
97056.0
95692.0
97986.0
97772.0
94504.0
97745.0
97388.0
97916.0
98409.0
93593.0
96906.0
95808.0
95212.0
97817.0
95285.0
97844.0
97190.0
97974.0
98294.0
96224.0
93763.0
96246.0
98091.0
98169.0
97398.0
92664.0
83003.0
505500.0
132883.0
125826.0
168116.0
137637.0
182241.0
183465.0
317222.0
408015.0
382520.0
314668.0
314797.0
270151.0
178203.0
108579.0
94796.0
68342.0
49938.0
98136.0
74169.0
87861.0
91178.0
136923.0
86142.0
100156.0
122218.0
119581.0
160454.0
187906.0
179787.0
240759.0
199954.0
192259.0
225516.0
216419.0
247210.0
216037.0
205992.0
233412.0
210471.0
186437.0
226801.0
233744.0
159120.0
96612.0
260888.0
171047.0
229752.0
208004.0
186698.0
281218.0
151279.0
198906.0
216059.0
207172.0
146652.0
206922.0
226879.0
220858.0
195058.0
192672.0
172029.0
186364.0
196502.0
205968.0
197732.0
211583.0
178715.0
173255.0
215613.0
225708.0
194301.0
226874.0
213949.0
186194.0
209233.0
193946.0
179646.0
192048.0
190715.0
230999.0
193075.0
216823.0
218719.0
158792.0
287821.0
240948.0
198357.0
171684.0
190042.0
200416.0
237131.0
164997.0
151936.0
221088.0
260059.0
262352.0
232529.0
214905.0
201047.0
208403.0
260012.0
249625.0
227353.0
256528.0
298327.0
290898.0
286032.0
244493.0
265762.0
248673.0
257753.0
168613.0
207304.0
252343.0
240614.0
208181.0
224080.0
210768.0
191605.0
