1.0
0.2066383701188455
0.8195585738539898
0.8506621392190152
0.8869269949066214
0.8444991511035653
0.8986926994906621
0.7643803056027164
0.7609677419354839
0.06035653650254669
0.06553480475382004
0.7672495755517826
0.7428522920203735
0.6948726655348048
0.8503565365025467
0.08383701188455009
0.11144312393887945
0.552376910016978
0.3404414261460102
0.5809847198641765
0.41889643463497456
0.1400679117147708
0.39976230899830223
0.38494057724957553
0.46120543293718164
0.48775891341256367
0.5803735144312394
0.5673174872665535
0.4078268251273345
0.5894736842105263
0.5200509337860781
0.10718166383701189
0.24536502546689304
0.5134974533106961
0.7100169779286927
0.6751612903225807
0.10429541595925297
0.487911714770798
0.27869269949066217
0.3943803056027165
0.5710016977928692
0.08178268251273345
0.597113752122241
0.12485568760611206
0.0862818336162988
0.3529032258064516
0.6724617996604414
0.6984550084889644
0.5087945670628183
0.6930220713073005
0.2496264855687606
0.33741935483870966
0.845823429541596
0.5700679117147708
0.5141426146010186
0.7730220713073005
0.911188455008489
0.7855857385398981
0.4631239388794567
0.6290322580645161
0.6259592529711375
0.7832427843803056
0.8447538200339558
0.5409847198641766
0.6614091680814941
0.6615280135823429
0.8895585738539898
0.7447877758913413
0.22801358234295416
0.27419354838709675
0.5873684210526315
0.096383701188455
0.6003735144312394
0.6365365025466893
0.6632258064516129
0.581358234295416
0.8150424448217317
0.7382682512733446
0.7866213921901528
0.8321222410865874
0.6634125636672326
0.44266553480475385
0.42120543293718166
0.7088794567062818
0.7597283531409168
0.9088624787775892
0.8773344651952462
0.4767062818336163
0.6798811544991511
0.8897792869269949
0.8843123938879457
0.6510865874363327
0.8866383701188455
0.542376910016978
0.0600848896434635
0.6499151103565365
0.558471986417657
0.8799320882852292
0.808471986417657
0.6413582342954159
0.38363327674023767
0.799660441426146
0.7045670628183361
0.8723769100169779
0.9185229202037352
0.8946519524617996
0.9509168081494058
0.8172665534804754
0.6414940577249576
0.8995246179966044
0.8322920203735145
0.9357894736842105
0.7989983022071308
0.7539388794567062
0.8089473684210526
0.7891341256366723
0.6112054329371817
0.9010526315789473
0.6864006791171477
0.856723259762309
1.0
0.9262171052631579
0.8947697368421053
0.8905263157894737
0.9315131578947369
0.9635197368421052
0.955032894736842
0.9572368421052632
0.977796052631579
0.9630921052631579
0.9799013157894737
0.9522697368421053
0.94375
0.8825657894736842
0.7755263157894737
0.8038486842105264
0.7567763157894737
0.7275657894736842
0.7101973684210526
0.6713815789473684
0.5514144736842105
0.5394736842105263
0.5276644736842105
0.6098026315789473
0.483421052631579
0.515953947368421
0.5238157894736842
0.5261842105263158
0.5277631578947368
0.44082236842105266
0.3184868421052632
0.4655921052631579
0.5818421052631579
0.39398026315789475
0.41848684210526316
0.499046052631579
0.5269078947368421
0.5162828947368421
0.5251644736842105
0.4153289473684211
0.5180592105263158
0.3412171052631579
0.5265131578947368
0.5965789473684211
0.5211184210526316
0.6639144736842105
0.5874342105263158
0.38875
0.3518421052631579
0.4686842105263158
0.5259868421052631
0.5933223684210527
0.5489802631578947
0.3599671052631579
0.5305263157894737
0.5021052631578947
0.4091776315789474
0.31546052631578947
0.44921052631578945
0.436546052631579
0.5406907894736842
0.3625
0.5348684210526315
0.3380263157894737
0.4469407894736842
0.4332565789473684
0.4187171052631579
0.47654605263157895
0.5081907894736842
0.4043421052631579
0.3500657894736842
0.42407894736842106
0.31588815789473684
0.6473355263157895
0.42279605263157893
0.4048684210526316
0.5492763157894737
0.3670394736842105
0.5412828947368421
0.43355263157894736
0.39039473684210524
0.560296052631579
0.37532894736842104
0.5273026315789474
0.47796052631578945
0.680296052631579
0.6045065789473684
0.4662828947368421
0.5143421052631579
0.49891447368421055
0.5076973684210526
0.3057236842105263
0.3963486842105263
0.45845394736842104
0.43085526315789474
0.5909210526315789
0.4426644736842105
0.41776315789473684
0.36697368421052634
0.5532565789473685
0.42582236842105264
0.6325
0.6861842105263158
0.6461513157894737
0.6744078947368422
0.5003947368421052
0.6299342105263158
0.4724342105263158
0.6278947368421053
0.7222368421052632
0.7196052631578947
0.6999342105263158
0.5942763157894737
0.4207565789473684
0.4778289473684211
0.44838815789473685
0.5830592105263158
0.40213815789473684
0.389375
0.6092434210526316
1.0
0.9581578947368421
0.9814561403508771
0.9845847953216375
0.3518187134502924
0.04067251461988304
0.04874269005847953
0.059228070175438595
0.011315789473684211
0.041812865497076024
0.046345029239766085
0.02374269005847953
0.09087719298245614
0.21935087719298246
0.3504561403508772
0.07730409356725146
0.05835672514619883
0.04650877192982456
0.038345029239766085
0.07296491228070176
0.09143859649122807
0.11191812865497076
0.06971345029239766
0.12174269005847953
0.08378947368421052
0.1805204678362573
0.1611812865497076
0.2660877192982456
0.443374269005848
0.23401754385964912
0.22155555555555556
0.3045438596491228
0.4968888888888889
0.606719298245614
0.460233918128655
0.21456140350877193
0.4203508771929825
0.5300409356725146
0.4853918128654971
0.2435204678362573
0.4160175438596491
0.4765730994152047
0.4065438596491228
0.3888654970760234
0.6759824561403509
0.4431052631578947
0.45438011695906433
0.5538011695906433
0.4797309941520468
0.6524736842105263
0.5372865497076024
0.4533684210526316
0.5737076023391813
0.5997485380116959
0.5829122807017544
0.5704269005847953
0.6605204678362573
0.6056608187134503
0.64846783625731
0.6687309941520467
0.6857192982456141
0.5413099415204679
0.49950292397660817
0.6478011695906433
0.5339181286549708
0.664
0.39180116959064326
0.6338245614035087
0.6430994152046784
0.6064327485380117
0.6685380116959064
0.3936374269005848
0.6923801169590643
0.6570292397660819
0.660906432748538
0.6524269005847954
0.5331929824561403
0.6958304093567251
0.6458304093567252
0.6550409356725146
0.6883040935672514
0.6802514619883041
0.6881461988304094
0.6034152046783626
0.7989473684210526
0.7351228070175438
0.6737777777777778
0.5509590643274854
0.6453099415204678
0.6850584795321637
0.765327485380117
0.7080350877192982
0.6175204678362574
0.7260818713450292
0.7639649122807017
0.7980292397660819
0.7647368421052632
0.6931111111111111
0.6153567251461989
0.6268771929824561
0.8238596491228071
0.7936432748538012
0.5833684210526315
0.7559590643274854
0.6983625730994152
0.8627485380116959
0.793719298245614
0.8211929824561404
0.8453859649122807
0.7545964912280702
0.7736374269005848
0.672578947368421
0.6906081871345029
0.7570643274853801
0.754327485380117
0.6977017543859649
0.7474269005847953
0.6997602339181287
0.6947543859649122
1.0
0.011900383141762453
0.014337164750957854
0.03777266922094508
0.6750932311621967
0.8694444444444445
0.7329719029374202
0.7552988505747127
0.9335249042145594
0.9207931034482758
0.9601264367816092
0.8802528735632184
0.8354074074074074
0.5123639846743295
0.07937547892720306
0.16256066411238826
0.38762452107279693
0.4274137931034483
0.48104086845466154
0.5205363984674329
0.6042771392081737
0.6092490421455938
0.4511992337164751
0.5733575989782886
0.6228735632183908
0.5936194125159643
0.5079476372924648
0.6496475095785441
0.5907905491698595
0.6489591315453385
0.7217432950191571
0.6934061302681992
0.6699859514687101
0.728874840357599
0.6086040868454662
0.6473946360153257
0.638757343550447
0.46606641123882503
0.466581098339719
0.6449821200510856
0.7277879948914432
0.7496194125159642
0.711492975734355
0.60386717752235
0.6725747126436782
0.7302324393358877
0.5975683269476373
0.7093269476372924
0.6835300127713921
0.654455938697318
0.7703856960408685
0.6945044699872286
0.6808263090676884
0.7663282247765006
0.6409297573435504
0.6981979565772669
0.744683269476373
0.8068991060025543
0.7023575989782886
0.7078620689655173
0.7466730523627075
0.7921315453384419
0.7297343550446999
0.7331226053639847
0.7018109833971903
0.7194099616858237
0.743125159642401
0.7652630906768838
0.7212401021711367
0.7339910600255428
0.7656168582375479
0.7897420178799489
0.8127088122605364
0.7407075351213283
0.7235427841634738
0.7145708812260536
0.6798671775223499
0.7732758620689655
0.7661149425287357
0.7314712643678161
0.6955568326947638
0.6903665389527458
0.7078965517241379
0.7597918263090677
0.7297560664112388
0.7643486590038314
0.5564061302681992
0.7494840357598979
0.7240421455938697
0.798595146871009
0.6146283524904215
0.7858033205619412
0.7462260536398467
0.7960166028097062
0.7911800766283524
0.8163652618135376
0.7426781609195402
0.7460868454661558
0.7254763729246488
0.79170625798212
0.764690932311622
0.8118467432950192
0.4538595146871009
0.5595185185185185
0.43019795657726695
0.41306641123882504
0.39063729246487866
0.43545849297573436
0.415610472541507
0.36325031928480206
0.45172924648786716
0.4274112388250319
0.680418901660281
0.7998850574712644
0.7423512132822477
0.7674597701149425
0.718565772669221
0.7416091954022989
0.7261787994891443
0.7428212005108557
1.0
0.18460869565217392
0.09074534161490683
0.18401242236024845
0.6033706004140786
0.7706045548654245
0.5358757763975155
0.794472049689441
0.8494492753623188
0.8157267080745342
0.8540455486542443
0.730575569358178
0.6888861283643892
0.5042028985507246
0.21872463768115943
0.28088198757763977
0.21203312629399587
0.1807950310559006
0.16202898550724637
0.11252173913043478
0.1203975155279503
0.060447204968944096
0.0639089026915114
0.0914824016563147
0.0501407867494824
0.06060041407867495
0.047250517598343686
0.05344927536231884
0.0629648033126294
0.04126708074534161
0.0827784679089027
0.10525879917184265
0.05167701863354037
0.07004554865424431
0.19627329192546583
0.06211594202898551
0.10142028985507247
0.07526708074534161
0.08958178053830228
0.1471511387163561
0.05921325051759834
0.1998592132505176
0.05678260869565217
0.1826583850931677
0.14500621118012422
0.4279006211180124
0.2527370600414079
0.22867080745341614
0.3463561076604555
0.2610766045548654
0.4013333333333333
0.1472463768115942
0.20705175983436852
0.2612919254658385
0.14557349896480332
0.1638385093167702
0.19472049689440993
0.277527950310559
0.1841366459627329
0.2439544513457557
0.13737888198757764
0.30370186335403726
0.20963561076604556
0.25000828157349897
0.1980496894409938
0.22715942028985509
0.214
0.14998757763975154
0.11817391304347825
0.3171718426501035
0.19603726708074534
0.16605797101449277
0.30413250517598345
0.23693995859213252
0.15302277432712216
0.18591718426501036
0.19884472049689442
0.1354368530020704
0.1598302277432712
0.2022567287784679
0.3070186335403727
0.18137060041407868
0.2875859213250518
0.09726293995859213
0.1886335403726708
0.32250517598343686
0.22749896480331264
0.19113871635610766
0.14485714285714285
0.1508737060041408
0.25229813664596273
0.16718840579710145
0.21457142857142858
0.16643064182194617
0.12572670807453415
0.1576024844720497
0.25426501035196686
0.21714285714285714
0.21481159420289855
0.13627743271221532
0.19899792960662527
0.3713623188405797
0.209175983436853
0.19780538302277434
0.38093581780538305
0.4333871635610766
0.31732919254658387
0.305167701863354
0.30433954451345757
0.34803312629399585
0.3267453416149068
0.3294575569358178
0.1431966873706004
0.11666252587991718
0.20918840579710146
0.2747577639751553
0.14194202898550726
0.1766832298136646
0.23730848861283643
0.11680745341614907
1.0
0.9728686868686869
0.955010101010101
0.9831010101010101
0.9659090909090909
0.9674343434343434
0.9847575757575757
0.9534949494949495
0.9768585858585859
0.9822525252525253
0.9612424242424242
0.9603131313131313
0.9791414141414141
0.9863030303030303
0.9353131313131313
0.9678686868686869
0.9824848484848485
0.9774848484848485
0.9848484848484849
0.9825858585858586
0.9915252525252525
0.9917878787878788
0.9667070707070707
0.976010101010101
0.9223333333333333
0.989040404040404
0.9902020202020202
0.9796161616161616
0.9806363636363636
0.8842424242424243
0.8931515151515151
0.9835959595959596
0.9784141414141414
0.9857171717171718
0.9733232323232324
0.9755454545454545
0.9871919191919192
0.9636060606060606
0.9245050505050505
0.9205858585858586
0.9864646464646465
0.9900505050505051
0.9642121212121212
0.9866161616161616
0.9763434343434343
0.9912727272727273
0.9513838383838383
0.9761414141414141
0.9496464646464646
0.9792525252525253
0.9803535353535353
0.9933030303030304
0.9490808080808081
0.9856565656565657
0.9815050505050505
0.9854747474747475
0.9907070707070708
0.9768282828282828
0.9862323232323232
0.983
0.9873333333333333
0.9936262626262626
0.9783232323232324
0.9746969696969697
0.9294040404040405
0.9894444444444445
0.9916969696969697
0.9812222222222222
0.943949494949495
0.9687777777777777
0.9893737373737373
0.9941515151515151
0.9786666666666667
0.9785353535353535
0.9798282828282828
0.9877171717171718
0.9856060606060606
0.9804141414141414
0.9510909090909091
0.9818585858585859
0.9898787878787879
0.9923838383838384
0.9804040404040404
0.9866060606060606
0.9836969696969697
0.9755353535353536
0.9904545454545455
0.9781717171717171
0.929070707070707
0.9826262626262626
0.982040404040404
0.9937474747474747
0.967989898989899
0.9803636363636363
0.9665858585858585
0.9897575757575757
0.9875959595959596
0.9545858585858585
0.9873232323232323
0.9837171717171718
0.9890505050505051
0.994030303030303
0.9453838383838384
0.9788484848484849
0.9677575757575757
0.9617373737373738
0.9880505050505051
0.9624747474747475
0.9883232323232323
0.9817171717171718
0.9896363636363636
0.9928686868686869
0.9719595959595959
0.9471010101010101
0.9721818181818181
0.9908181818181818
0.9916060606060606
0.9838181818181818
0.936
0.8384141414141414
1.0
0.26287438180019784
0.2489139465875371
0.3325736894164194
0.27227893175074186
0.36051632047477744
0.36293768545994065
0.6275410484668645
0.8071513353115727
0.7567161226508408
0.62248862512364
0.6227438180019782
0.5344233432245302
0.35252818991097923
0.2147952522255193
0.1875291790306627
0.13519683481701286
0.0987893175074184
0.19413649851632048
0.1467240356083086
0.17381008902077152
0.18037190900098912
0.27086646884272997
0.17040949554896143
0.19813254203758654
0.24177645895153313
0.23655984174085065
0.3174164193867458
0.37172304648862514
0.3556617210682493
0.4762789317507418
0.3955568743818002
0.3803343224530168
0.4461246290801187
0.42812858555885264
0.4890405539070227
0.4273728981206726
0.4075014836795252
0.4617448071216617
0.4163620178041543
0.3688170128585559
0.44866666666666666
0.46240158259149355
0.3147774480712166
0.19112166172106826
0.5160989119683481
0.3383719090009891
0.4545044510385757
0.4114817012858556
0.36933333333333335
0.5563165182987141
0.2992660731948566
0.39348367952522256
0.4274164193867458
0.40983580613254206
0.2901127596439169
0.4093412462908012
0.4488209693372898
0.43690999010880316
0.38587141444114736
0.3811513353115727
0.3403145400593472
0.36867260138476754
0.3887279920870425
0.4074540059347181
0.3911612265084075
0.41856181998021763
0.3535410484668645
0.3427398615232443
0.42653412462908014
0.44650445103857567
0.3843738872403561
0.448811078140455
0.423242334322453
0.36833630069238377
0.4139129574678536
0.38367161226508406
0.35538278931750744
0.37991691394658755
0.37727992087042533
0.456971315529179
0.38194856577645897
0.42892779426310584
0.43267853610286844
0.31412858555885265
0.5693788328387734
0.4766528189910979
0.39239762611275963
0.3396320474777448
0.37594856577645897
0.3964708209693373
0.4691018793273986
0.32640356083086053
0.30056577645895155
0.43736498516320477
0.5144589515331355
0.5189950544015826
0.45999802176063304
0.42513353115727004
0.3977190900098912
0.412271018793274
0.5143659742828882
0.4938180019782394
0.4497586547972305
0.5074737883283877
0.590162215628091
0.5754658753709199
0.565839762611276
0.4836656775469832
0.5257408506429277
0.49193471810089023
0.5098971315529179
0.3335568743818002
0.4100969337289812
0.4991948565776459
0.47599208704253215
0.4118318496538081
0.44328387734915925
0.41694955489614244
0.37904055390702274
