33869824.0	70586368.0
35475456.0	70586368.0
38666240.0	70586368.0
89354240.0	91066368.0
136970240.0	152506368.0
36585472.0	152506368.0
40427520.0	152506368.0
146055168.0	150413312.0
40787968.0	150413312.0
38125568.0	150413312.0
38203392.0	150413312.0
38297600.0	150413312.0
38330368.0	150413312.0
38330368.0	150413312.0
38330368.0	150413312.0
40984576.0	90759168.0
38420480.0	90759168.0
38420480.0	90759168.0
38420480.0	90759168.0
38420480.0	90759168.0
40730624.0	90759168.0
38404096.0	90759168.0
38404096.0	90759168.0
38404096.0	90759168.0
38440960.0	90759168.0
38526976.0	90759168.0
38526976.0	90759168.0
38559744.0	90759168.0
38559744.0	90759168.0
38543360.0	90759168.0
41316352.0	90759168.0
38477824.0	90759168.0
38477824.0	90759168.0
136798208.0	152199168.0
41766912.0	152199168.0
39403520.0	152199168.0
39403520.0	152199168.0
39268352.0	152199168.0
39268352.0	152199168.0
39268352.0	152199168.0
39268352.0	152199168.0
39268352.0	152199168.0
39686144.0	91697152.0
148541440.0	153137152.0
40333312.0	153137152.0
40333312.0	153137152.0
40333312.0	153137152.0
40333312.0	153137152.0
40316928.0	153137152.0
40316928.0	153137152.0
40316928.0	153137152.0
40316928.0	153137152.0
40316928.0	92745728.0
40337408.0	92745728.0
40337408.0	92745728.0
40337408.0	92745728.0
40337408.0	92745728.0
40337408.0	92745728.0
40321024.0	92745728.0
40321024.0	92745728.0
40321024.0	92745728.0
40321024.0	92745728.0
40321024.0	92745728.0
40419328.0	92745728.0
40419328.0	92745728.0
40419328.0	92745728.0
42336256.0	92745728.0
110366720.0	113225728.0
142069760.0	154185728.0
41312256.0	154185728.0
41312256.0	154185728.0
43679744.0	154185728.0
152461312.0	154185728.0
44089344.0	154185728.0
44097536.0	154185728.0
44097536.0	154185728.0
44097536.0	154185728.0
44097536.0	96526336.0
44081152.0	96526336.0
44081152.0	96526336.0
44081152.0	96526336.0
44081152.0	96526336.0
44081152.0	96526336.0
44146688.0	96526336.0
44146688.0	96526336.0
44146688.0	96526336.0
44146688.0	96526336.0
44146688.0	96526336.0
41783296.0	96526336.0
41783296.0	96526336.0
41783296.0	96526336.0
42205184.0	94212096.0
44011520.0	94212096.0
140201984.0	155652096.0
45580288.0	155652096.0
42704896.0	155652096.0
42704896.0	155652096.0
42704896.0	155652096.0
42688512.0	155652096.0
42688512.0	155652096.0
42688512.0	155652096.0
42688512.0	155652096.0
53235712.0	155652096.0
154054656.0	155652096.0
45686784.0	155652096.0
45686784.0	98115584.0
45686784.0	98115584.0
45670400.0	98115584.0
45670400.0	98115584.0
45670400.0	98115584.0
45670400.0	98115584.0
45670400.0	98115584.0
45670400.0	98115584.0
45670400.0	98115584.0
45670400.0	98115584.0
45670400.0	98115584.0
45670400.0	98115584.0
45670400.0	98115584.0
45670400.0	98115584.0
45670400.0	98115584.0
45670400.0	98099200.0
45670400.0	98099200.0
45670400.0	98099200.0
45707264.0	98099200.0
45707264.0	98099200.0
45707264.0	98099200.0
45707264.0	98099200.0
45707264.0	98099200.0
45690880.0	98099200.0
45690880.0	98099200.0
45690880.0	98099200.0
45690880.0	98099200.0
44060672.0	98099200.0
97800192.0	98099200.0
141590528.0	159539200.0
46931968.0	159539200.0
45248512.0	159539200.0
82317312.0	159539200.0
49618944.0	159539200.0
46874624.0	159539200.0
46874624.0	159539200.0
46874624.0	159539200.0
46858240.0	159539200.0
46858240.0	159539200.0
46858240.0	159539200.0
46858240.0	159539200.0
46858240.0	159539200.0
46858240.0	159539200.0
46858240.0	159539200.0
46858240.0	99287040.0
46858240.0	99287040.0
46858240.0	99287040.0
44531712.0	99287040.0
44793856.0	99287040.0
45756416.0	99287040.0
103645184.0	119767040.0
146046976.0	160727040.0
48734208.0	160727040.0
156651520.0	160727040.0
48349184.0	160727040.0
48349184.0	160727040.0
48349184.0	160727040.0
48332800.0	160727040.0
48332800.0	160727040.0
48332800.0	100761600.0
48332800.0	100761600.0
48332800.0	100761600.0
48332800.0	100761600.0
48332800.0	100761600.0
48332800.0	100761600.0
50954240.0	100761600.0
143851520.0	162201600.0
143962112.0	162201600.0
46493696.0	162201600.0
46481408.0	162201600.0
46465024.0	162201600.0
46596096.0	162201600.0
46497792.0	162201600.0
46497792.0	162201600.0
46497792.0	98926592.0
46497792.0	98926592.0
46497792.0	98926592.0
46497792.0	98926592.0
155582464.0	160366592.0
47226880.0	160366592.0
47226880.0	160366592.0
47226880.0	160366592.0
47226880.0	160366592.0
47210496.0	160366592.0
47210496.0	160366592.0
47210496.0	160366592.0
47210496.0	160366592.0
47210496.0	160366592.0
47210496.0	160366592.0
47210496.0	99639296.0
47210496.0	99639296.0
107560960.0	120119296.0
148762624.0	161079296.0
50323456.0	161079296.0
48242688.0	161079296.0
62246912.0	161079296.0
53153792.0	161079296.0
50540544.0	161079296.0
50565120.0	161079296.0
50565120.0	161079296.0
50581504.0	161079296.0
50581504.0	161079296.0
50581504.0	161079296.0
50581504.0	103010304.0
50581504.0	103010304.0
50581504.0	103010304.0
50966528.0	103010304.0
48222208.0	103010304.0
48222208.0	103010304.0
146100224.0	164450304.0
51486720.0	164450304.0
48783360.0	164450304.0
48783360.0	164450304.0
48783360.0	164450304.0
48783360.0	164450304.0
48783360.0	164450304.0
48783360.0	164450304.0
48783360.0	164450304.0
48783360.0	101212160.0
48783360.0	101212160.0
48783360.0	101212160.0
48783360.0	101212160.0
48783360.0	101212160.0
48783360.0	101212160.0
48783360.0	101212160.0
116056064.0	121692160.0
49848320.0	162652160.0
49545216.0	162652160.0
49545216.0	162652160.0
49545216.0	162652160.0
49528832.0	162652160.0
49528832.0	162652160.0
49528832.0	162652160.0
49528832.0	101957632.0
49586176.0	101957632.0
49590272.0	101957632.0
49590272.0	101957632.0
49590272.0	101957632.0
49590272.0	101957632.0
49590272.0	101957632.0
49590272.0	101957632.0
49590272.0	101957632.0
49590272.0	101957632.0
49590272.0	101957632.0
49573888.0	101957632.0
49573888.0	101957632.0
49573888.0	101957632.0
49573888.0	101957632.0
49573888.0	101957632.0
49623040.0	101957632.0
49451008.0	101957632.0
49451008.0	101957632.0
49451008.0	101957632.0
49451008.0	101957632.0
49434624.0	101957632.0
49434624.0	101957632.0
49623040.0	101957632.0
147931136.0	163397632.0
53334016.0	163397632.0
50368512.0	163397632.0
50368512.0	163397632.0
50368512.0	163397632.0
50352128.0	102797312.0
50352128.0	102797312.0
50352128.0	102797312.0
79032320.0	102797312.0
159539200.0	164237312.0
51240960.0	164237312.0
51240960.0	164237312.0
51240960.0	164237312.0
51224576.0	164237312.0
51224576.0	164237312.0
51224576.0	164237312.0
51224576.0	164237312.0
51224576.0	164237312.0
51224576.0	164237312.0
51224576.0	103653376.0
51224576.0	103653376.0
51224576.0	103653376.0
51224576.0	103653376.0
53563392.0	103653376.0
51326976.0	103653376.0
51326976.0	103653376.0
51326976.0	103653376.0
51326976.0	103653376.0
51326976.0	103653376.0
51326976.0	103653376.0
51326976.0	103653376.0
51331072.0	103653376.0
51331072.0	103653376.0
51576832.0	103653376.0
51318784.0	103653376.0
51318784.0	103653376.0
51322880.0	103653376.0
51322880.0	103653376.0
51322880.0	103653376.0
51322880.0	103653376.0
51322880.0	103653376.0
51322880.0	103653376.0
51322880.0	103653376.0
51322880.0	103653376.0
51322880.0	103653376.0
51322880.0	103653376.0
51322880.0	103653376.0
51322880.0	103653376.0
51322880.0	103653376.0
51322880.0	103653376.0
51322880.0	103653376.0
51322880.0	103653376.0
51322880.0	103653376.0
51322880.0	103653376.0
51322880.0	103653376.0
51322880.0	103653376.0
51322880.0	103653376.0
51322880.0	103653376.0
51322880.0	103653376.0
53829632.0	103653376.0
51216384.0	103653376.0
51216384.0	103653376.0
51216384.0	103645184.0
51216384.0	103645184.0
51200000.0	103645184.0
84733952.0	103645184.0
152760320.0	165085184.0
51961856.0	165085184.0
131272704.0	165085184.0
54542336.0	165085184.0
54480896.0	165085184.0
54480896.0	165085184.0
54480896.0	165085184.0
54480896.0	165085184.0
54480896.0	165085184.0
54480896.0	165085184.0
54497280.0	106909696.0
54501376.0	106909696.0
54501376.0	106909696.0
54501376.0	106909696.0
54501376.0	106909696.0
54484992.0	106909696.0
54484992.0	106909696.0
54484992.0	106909696.0
54484992.0	106909696.0
52150272.0	106909696.0
52150272.0	106909696.0
52289536.0	106909696.0
54079488.0	106909696.0
150523904.0	168349696.0
71262208.0	168349696.0
53035008.0	168349696.0
54534144.0	168349696.0
163880960.0	168349696.0
55541760.0	168349696.0
55894016.0	168349696.0
53186560.0	168349696.0
53186560.0	168349696.0
53817344.0	168349696.0
55726080.0	168349696.0
156753920.0	168349696.0
58437632.0	168349696.0
55697408.0	168349696.0
164179968.0	168349696.0
50720768.0	168349696.0
50982912.0	168349696.0
48439296.0	168349696.0
48439296.0	168349696.0
46067712.0	168349696.0
46067712.0	168349696.0
46051328.0	168349696.0
146128896.0	168349696.0
51576832.0	168349696.0
47644672.0	168349696.0
51507200.0	168349696.0
48771072.0	168349696.0
48652288.0	168349696.0
48668672.0	168349696.0
48668672.0	168349696.0
48861184.0	101097472.0
48685056.0	101097472.0
48685056.0	101097472.0
48685056.0	101097472.0
48685056.0	101097472.0
48685056.0	101097472.0
48685056.0	101097472.0
46313472.0	101097472.0
46485504.0	101097472.0
67231744.0	101097472.0
147595264.0	162537472.0
46637056.0	162537472.0
51851264.0	162537472.0
49283072.0	162537472.0
49172480.0	162537472.0
49172480.0	101711872.0
49172480.0	101711872.0
49172480.0	101711872.0
49172480.0	101711872.0
49172480.0	101711872.0
49172480.0	101711872.0
49172480.0	101711872.0
49172480.0	101711872.0
49172480.0	101711872.0
49172480.0	101711872.0
49172480.0	101711872.0
49172480.0	101711872.0
46940160.0	101711872.0
46825472.0	101711872.0
46825472.0	99254272.0
46825472.0	99254272.0
46825472.0	99254272.0
47071232.0	99254272.0
120029184.0	140214272.0
148148224.0	160694272.0
50757632.0	160694272.0
158089216.0	160694272.0
49774592.0	160694272.0
49754112.0	160694272.0
49754112.0	160694272.0
49754112.0	160694272.0
49754112.0	160694272.0
49754112.0	160694272.0
49754112.0	102182912.0
49754112.0	102182912.0
49754112.0	102182912.0
50032640.0	102182912.0
49770496.0	102182912.0
49770496.0	102182912.0
49770496.0	102182912.0
49770496.0	102182912.0
49754112.0	102182912.0
49754112.0	102182912.0
49754112.0	102182912.0
49754112.0	102182912.0
47403008.0	102182912.0
47403008.0	102182912.0
47403008.0	99831808.0
47403008.0	99831808.0
47403008.0	99831808.0
47386624.0	99831808.0
47386624.0	99831808.0
47386624.0	99831808.0
49807360.0	99831808.0
145387520.0	161271808.0
148795392.0	161271808.0
47710208.0	161271808.0
47710208.0	161271808.0
47747072.0	161271808.0
47734784.0	161271808.0
47734784.0	161271808.0
47734784.0	161271808.0
47734784.0	100163584.0
47734784.0	100163584.0
100192256.0	100163584.0
156643328.0	161603584.0
48295936.0	161603584.0
48295936.0	161603584.0
48295936.0	161603584.0
48279552.0	161603584.0
48279552.0	161603584.0
48279552.0	161603584.0
48279552.0	161603584.0
48304128.0	161603584.0
48304128.0	161603584.0
53608448.0	161603584.0
151666688.0	161603584.0
50626560.0	161603584.0
59858944.0	161603584.0
53612544.0	161603584.0
50872320.0	161603584.0
50872320.0	161603584.0
50872320.0	161603584.0
50855936.0	161603584.0
50855936.0	161603584.0
50855936.0	161603584.0
50855936.0	161603584.0
51249152.0	161603584.0
50872320.0	161603584.0
50880512.0	161603584.0
50880512.0	161603584.0
50880512.0	161603584.0
50880512.0	161603584.0
50880512.0	161603584.0
50880512.0	161603584.0
50880512.0	161603584.0
50880512.0	161603584.0
50864128.0	161603584.0
50864128.0	161603584.0
50864128.0	161603584.0
48504832.0	161603584.0
48504832.0	161603584.0
48504832.0	161603584.0
48504832.0	161603584.0
48504832.0	161603584.0
48488448.0	161603584.0
48488448.0	161603584.0
48488448.0	161603584.0
48488448.0	161603584.0
49897472.0	161603584.0
151957504.0	161603584.0
51003392.0	161603584.0
49946624.0	161603584.0
113987584.0	161603584.0
53657600.0	161603584.0
51077120.0	161603584.0
51077120.0	161603584.0
51077120.0	161603584.0
51077120.0	161603584.0
51077120.0	161603584.0
51093504.0	161603584.0
51093504.0	161603584.0
53882880.0	161603584.0
51105792.0	161603584.0
51105792.0	161603584.0
51105792.0	161603584.0
51105792.0	161603584.0
51105792.0	161603584.0
51105792.0	161603584.0
51105792.0	161603584.0
51089408.0	161603584.0
51089408.0	161603584.0
51089408.0	161603584.0
53448704.0	161603584.0
51089408.0	161603584.0
51089408.0	161603584.0
51089408.0	161603584.0
51597312.0	161603584.0
48758784.0	161603584.0
48758784.0	161603584.0
48758784.0	161603584.0
48758784.0	161603584.0
48742400.0	161603584.0
109944832.0	161603584.0
152150016.0	161603584.0
48943104.0	161603584.0
48943104.0	161603584.0
48943104.0	161603584.0
48926720.0	161603584.0
48926720.0	161603584.0
48926720.0	161603584.0
48926720.0	161603584.0
48926720.0	161603584.0
159866880.0	161603584.0
51400704.0	161603584.0
51400704.0	161603584.0
51400704.0	161603584.0
51400704.0	161603584.0
51384320.0	161603584.0
51417088.0	161603584.0
51417088.0	161603584.0
51417088.0	161603584.0
51417088.0	161603584.0
51417088.0	161603584.0
51417088.0	161603584.0
51417088.0	161603584.0
51417088.0	161603584.0
51417088.0	161603584.0
51417088.0	161603584.0
51400704.0	161603584.0
51400704.0	161603584.0
51400704.0	161603584.0
51400704.0	161603584.0
51400704.0	161603584.0
51400704.0	161603584.0
51400704.0	161603584.0
88092672.0	161603584.0
152395776.0	161603584.0
49238016.0	161603584.0
159936512.0	161603584.0
51486720.0	161603584.0
51470336.0	161603584.0
51470336.0	161603584.0
51470336.0	161603584.0
51470336.0	161603584.0
51601408.0	161603584.0
51486720.0	161603584.0
51486720.0	161603584.0
51486720.0	161603584.0
53977088.0	161603584.0
51478528.0	161603584.0
51478528.0	161603584.0
51478528.0	161603584.0
51478528.0	161603584.0
51478528.0	161603584.0
51478528.0	161603584.0
51478528.0	161603584.0
51499008.0	161603584.0
51499008.0	161603584.0
51499008.0	161603584.0
51499008.0	161603584.0
51499008.0	161603584.0
51499008.0	161603584.0
51499008.0	161603584.0
51499008.0	161603584.0
51499008.0	161603584.0
51499008.0	161603584.0
51482624.0	161603584.0
51482624.0	161603584.0
51482624.0	161603584.0
