36270080.0	268435456.0
35954688.0	73019392.0
133468160.0	134459392.0
39342080.0	154939392.0
36380672.0	154939392.0
36507648.0	154939392.0
36552704.0	154939392.0
36585472.0	154939392.0
36618240.0	154939392.0
36618240.0	154939392.0
36618240.0	89047040.0
36618240.0	89047040.0
88481792.0	109527040.0
145928192.0	150487040.0
38035456.0	150487040.0
37867520.0	150487040.0
37867520.0	150487040.0
37851136.0	150487040.0
37945344.0	90279936.0
37978112.0	90279936.0
37978112.0	90279936.0
37978112.0	90279936.0
37978112.0	90279936.0
37961728.0	90279936.0
37961728.0	90279936.0
37961728.0	90279936.0
37961728.0	90279936.0
37961728.0	90279936.0
38273024.0	90279936.0
38227968.0	90279936.0
38227968.0	90279936.0
38260736.0	90279936.0
38260736.0	90279936.0
38244352.0	90279936.0
38244352.0	90279936.0
38244352.0	90279936.0
38244352.0	90279936.0
38244352.0	90279936.0
38244352.0	90279936.0
38244352.0	90279936.0
41390080.0	90279936.0
38240256.0	90279936.0
38240256.0	90279936.0
38318080.0	90279936.0
38318080.0	90279936.0
38301696.0	90279936.0
38301696.0	90279936.0
38301696.0	90279936.0
38694912.0	90279936.0
95154176.0	110759936.0
136581120.0	151719936.0
42352640.0	151719936.0
43126784.0	151719936.0
150855680.0	151719936.0
42573824.0	151719936.0
42479616.0	151719936.0
93986816.0	151719936.0
144089088.0	151719936.0
43327488.0	151719936.0
44077056.0	151719936.0
151187456.0	151719936.0
43089920.0	151719936.0
43094016.0	151719936.0
43094016.0	151719936.0
43077632.0	151719936.0
43077632.0	151719936.0
43077632.0	151719936.0
43077632.0	151719936.0
43077632.0	151719936.0
43077632.0	151719936.0
48570368.0	151719936.0
43245568.0	151719936.0
43245568.0	151719936.0
43245568.0	151719936.0
43278336.0	151719936.0
43261952.0	95674368.0
42049536.0	95674368.0
42049536.0	95674368.0
42049536.0	95674368.0
42975232.0	95674368.0
44318720.0	95674368.0
140230656.0	157114368.0
140345344.0	157114368.0
43028480.0	157114368.0
42987520.0	157114368.0
42921984.0	157114368.0
42905600.0	157114368.0
42905600.0	157114368.0
42905600.0	157114368.0
42905600.0	95334400.0
94998528.0	95334400.0
152100864.0	156774400.0
43999232.0	156774400.0
43999232.0	156774400.0
43999232.0	156774400.0
43982848.0	156774400.0
43982848.0	156774400.0
43982848.0	156774400.0
43982848.0	156774400.0
43982848.0	156774400.0
43982848.0	156774400.0
43982848.0	156774400.0
43982848.0	156774400.0
43982848.0	156774400.0
43982848.0	96411648.0
43982848.0	96411648.0
43982848.0	96411648.0
43982848.0	96411648.0
43982848.0	96411648.0
43982848.0	96411648.0
43982848.0	96411648.0
44285952.0	96411648.0
44146688.0	96411648.0
44146688.0	96411648.0
44146688.0	96411648.0
44146688.0	96411648.0
44130304.0	96411648.0
44130304.0	96411648.0
44130304.0	96411648.0
44130304.0	96411648.0
46587904.0	96411648.0
137228288.0	137371648.0
145645568.0	157851648.0
48488448.0	157851648.0
46653440.0	157851648.0
156180480.0	157851648.0
50888704.0	157851648.0
47857664.0	157851648.0
47890432.0	157851648.0
47890432.0	157851648.0
47874048.0	157851648.0
47874048.0	157851648.0
47874048.0	157851648.0
47874048.0	100302848.0
47874048.0	100302848.0
47874048.0	100302848.0
47874048.0	100302848.0
47874048.0	100302848.0
47874048.0	100302848.0
47874048.0	100302848.0
45551616.0	100302848.0
46108672.0	100302848.0
47083520.0	100302848.0
100499456.0	120782848.0
143687680.0	161742848.0
147099648.0	161742848.0
46280704.0	161742848.0
46571520.0	161742848.0
47214592.0	99024896.0
139853824.0	139984896.0
47198208.0	160464896.0
47026176.0	160464896.0
47026176.0	160464896.0
47026176.0	160464896.0
47026176.0	160464896.0
47009792.0	160464896.0
47009792.0	160464896.0
47009792.0	160464896.0
47009792.0	160464896.0
47009792.0	160464896.0
47009792.0	160464896.0
47009792.0	160464896.0
47009792.0	160464896.0
47009792.0	99438592.0
47034368.0	99438592.0
47034368.0	99438592.0
47034368.0	99438592.0
47038464.0	99438592.0
47038464.0	99438592.0
47038464.0	99438592.0
47038464.0	99438592.0
47038464.0	99438592.0
47038464.0	99438592.0
47038464.0	99438592.0
47022080.0	99438592.0
48246784.0	99438592.0
99467264.0	99438592.0
148426752.0	160878592.0
50671616.0	160878592.0
47656960.0	160878592.0
47640576.0	160878592.0
47640576.0	160878592.0
47640576.0	160878592.0
47640576.0	160878592.0
47640576.0	160878592.0
47640576.0	160878592.0
47640576.0	160878592.0
47640576.0	160878592.0
92971008.0	160878592.0
50331648.0	160878592.0
50331648.0	160878592.0
50331648.0	160878592.0
50331648.0	100069376.0
50335744.0	100069376.0
50335744.0	100069376.0
50335744.0	100069376.0
50335744.0	100069376.0
50335744.0	100069376.0
50319360.0	100069376.0
50319360.0	100069376.0
50319360.0	100069376.0
47968256.0	100069376.0
47968256.0	100069376.0
47968256.0	100069376.0
54505472.0	100069376.0
149581824.0	161509376.0
48746496.0	161509376.0
48607232.0	100397056.0
48607232.0	100397056.0
48607232.0	100397056.0
48607232.0	100397056.0
48590848.0	100397056.0
48590848.0	100397056.0
157569024.0	161837056.0
49164288.0	161837056.0
49123328.0	161837056.0
49123328.0	161837056.0
49152000.0	161837056.0
49135616.0	161837056.0
49135616.0	161837056.0
49135616.0	161837056.0
49135616.0	161837056.0
52178944.0	101564416.0
49172480.0	101564416.0
49172480.0	101564416.0
49172480.0	101564416.0
49172480.0	101564416.0
49172480.0	101564416.0
49172480.0	101564416.0
49172480.0	101564416.0
49172480.0	101564416.0
49172480.0	101564416.0
49156096.0	101564416.0
49156096.0	101564416.0
49156096.0	101564416.0
49156096.0	101564416.0
49156096.0	101564416.0
49156096.0	101564416.0
49156096.0	101564416.0
49156096.0	101564416.0
49156096.0	101564416.0
49156096.0	101564416.0
51892224.0	101564416.0
49205248.0	101564416.0
49205248.0	101564416.0
112689152.0	122044416.0
150810624.0	163004416.0
49811456.0	163004416.0
49758208.0	163004416.0
49598464.0	163004416.0
49582080.0	163004416.0
49582080.0	102010880.0
49582080.0	102010880.0
49582080.0	102010880.0
49582080.0	102010880.0
49582080.0	102010880.0
49582080.0	102010880.0
49582080.0	102010880.0
49582080.0	102010880.0
49582080.0	102010880.0
49836032.0	102010880.0
50114560.0	102010880.0
93970432.0	102010880.0
50294784.0	163450880.0
50294784.0	163450880.0
50294784.0	102891520.0
50294784.0	102891520.0
50278400.0	102891520.0
50278400.0	102891520.0
50278400.0	102891520.0
50278400.0	102891520.0
50278400.0	102891520.0
50278400.0	102891520.0
50278400.0	102891520.0
50278400.0	102891520.0
50278400.0	102891520.0
50278400.0	102891520.0
50278400.0	102891520.0
50278400.0	102891520.0
50294784.0	102891520.0
50294784.0	102723584.0
50294784.0	102723584.0
50294784.0	102723584.0
50294784.0	102723584.0
50278400.0	102723584.0
50298880.0	102723584.0
50298880.0	102723584.0
50298880.0	102723584.0
50298880.0	102723584.0
50298880.0	102723584.0
50298880.0	102723584.0
50298880.0	102723584.0
50298880.0	102723584.0
50298880.0	102723584.0
50298880.0	102723584.0
50282496.0	102723584.0
50282496.0	102723584.0
50282496.0	102723584.0
50282496.0	102723584.0
50282496.0	102723584.0
50282496.0	102723584.0
50282496.0	102723584.0
50282496.0	102723584.0
50282496.0	102723584.0
50282496.0	102723584.0
50282496.0	102723584.0
50282496.0	102723584.0
50282496.0	102723584.0
50282496.0	102711296.0
50282496.0	102711296.0
50282496.0	102711296.0
50282496.0	102711296.0
50282496.0	102711296.0
50282496.0	102711296.0
50282496.0	102711296.0
50282496.0	102711296.0
50171904.0	102711296.0
50171904.0	102711296.0
50171904.0	102711296.0
50171904.0	102711296.0
50171904.0	102711296.0
62316544.0	102711296.0
151834624.0	164151296.0
53800960.0	164151296.0
50794496.0	164151296.0
50794496.0	164151296.0
50778112.0	164151296.0
50778112.0	164151296.0
50778112.0	164151296.0
43401216.0	164151296.0
43401216.0	164151296.0
43401216.0	164151296.0
43401216.0	164151296.0
43401216.0	164151296.0
154423296.0	164151296.0
46026752.0	164151296.0
46026752.0	164151296.0
46026752.0	98455552.0
46026752.0	98455552.0
46010368.0	98455552.0
46030848.0	98455552.0
46030848.0	98455552.0
46030848.0	98455552.0
46030848.0	98455552.0
46030848.0	98455552.0
46014464.0	98455552.0
46014464.0	98455552.0
46014464.0	98455552.0
46014464.0	98455552.0
46034944.0	98455552.0
43667456.0	98455552.0
43667456.0	98455552.0
43667456.0	98455552.0
43667456.0	98455552.0
43651072.0	98455552.0
43651072.0	98455552.0
43651072.0	98455552.0
43651072.0	98455552.0
43651072.0	98455552.0
43651072.0	98455552.0
44994560.0	98455552.0
136663040.0	139415552.0
145350656.0	159895552.0
139079680.0	159895552.0
47075328.0	159895552.0
47075328.0	99676160.0
47190016.0	99676160.0
47075328.0	99676160.0
47075328.0	99676160.0
47083520.0	99676160.0
47083520.0	99676160.0
47083520.0	99676160.0
47083520.0	99676160.0
47083520.0	99676160.0
47083520.0	99676160.0
47083520.0	99676160.0
47071232.0	99676160.0
44797952.0	99676160.0
76189696.0	99676160.0
146042880.0	161116160.0
45281280.0	161116160.0
156168192.0	161116160.0
47800320.0	161116160.0
47800320.0	161116160.0
47833088.0	161116160.0
145715200.0	161116160.0
145612800.0	161116160.0
48205824.0	161116160.0
45862912.0	161116160.0
45846528.0	161116160.0
45846528.0	161116160.0
45846528.0	161116160.0
45846528.0	161116160.0
45846528.0	161116160.0
45846528.0	98275328.0
45846528.0	98275328.0
45846528.0	98275328.0
45846528.0	98275328.0
45846528.0	98275328.0
48783360.0	98275328.0
46219264.0	98275328.0
46219264.0	98275328.0
46219264.0	98275328.0
46219264.0	98275328.0
46219264.0	98275328.0
46219264.0	98275328.0
46481408.0	98275328.0
46219264.0	98275328.0
46219264.0	98275328.0
46202880.0	98275328.0
46202880.0	98275328.0
46219264.0	98275328.0
46219264.0	98275328.0
52805632.0	98275328.0
147517440.0	159715328.0
49278976.0	159715328.0
48574464.0	159715328.0
157401088.0	159715328.0
49049600.0	159715328.0
49049600.0	159715328.0
88150016.0	159715328.0
150081536.0	159715328.0
49131520.0	101560320.0
46764032.0	101560320.0
46764032.0	101560320.0
46764032.0	101560320.0
46764032.0	101560320.0
46747648.0	101560320.0
46747648.0	101560320.0
46747648.0	101560320.0
46747648.0	101560320.0
46747648.0	101560320.0
111161344.0	122040320.0
49659904.0	163000320.0
46981120.0	163000320.0
46981120.0	163000320.0
46981120.0	163000320.0
46964736.0	99409920.0
46964736.0	99409920.0
46964736.0	99409920.0
46964736.0	99409920.0
46964736.0	99409920.0
47243264.0	99409920.0
46981120.0	99409920.0
46981120.0	99409920.0
46981120.0	99409920.0
46981120.0	99409920.0
46964736.0	99409920.0
46964736.0	99409920.0
46964736.0	99409920.0
46964736.0	99409920.0
46964736.0	99393536.0
70467584.0	99393536.0
148635648.0	160833536.0
50290688.0	160833536.0
86560768.0	160833536.0
53334016.0	160833536.0
50065408.0	160833536.0
50065408.0	160833536.0
50065408.0	160833536.0
50065408.0	160833536.0
50065408.0	160833536.0
50065408.0	160833536.0
50065408.0	160833536.0
50065408.0	160833536.0
50589696.0	102494208.0
50081792.0	102494208.0
50081792.0	102494208.0
50081792.0	102494208.0
50081792.0	102494208.0
50065408.0	102494208.0
50065408.0	102494208.0
50065408.0	102494208.0
50065408.0	102494208.0
50081792.0	102494208.0
50081792.0	102494208.0
50081792.0	102494208.0
50081792.0	102494208.0
50081792.0	102494208.0
50065408.0	102494208.0
50065408.0	102494208.0
51113984.0	102494208.0
47820800.0	102494208.0
47820800.0	102494208.0
145977344.0	163934208.0
51167232.0	163934208.0
50339840.0	163934208.0
159703040.0	163934208.0
51421184.0	163934208.0
51421184.0	163934208.0
51421184.0	163934208.0
50835456.0	163934208.0
149123072.0	163934208.0
152526848.0	163934208.0
49491968.0	163934208.0
49238016.0	163934208.0
49238016.0	163934208.0
49221632.0	163934208.0
49221632.0	163934208.0
143884288.0	163934208.0
54321152.0	163934208.0
51662848.0	163934208.0
51671040.0	163934208.0
51671040.0	163934208.0
51654656.0	163934208.0
51654656.0	163934208.0
51654656.0	163934208.0
52375552.0	163934208.0
51740672.0	104083456.0
51740672.0	104083456.0
51740672.0	104083456.0
51740672.0	104083456.0
51740672.0	104083456.0
51740672.0	104083456.0
51740672.0	104083456.0
51740672.0	104083456.0
51740672.0	104083456.0
51724288.0	104083456.0
51724288.0	104083456.0
51724288.0	104083456.0
51724288.0	104083456.0
49504256.0	104083456.0
150802432.0	165523456.0
52957184.0	165523456.0
160804864.0	165523456.0
52412416.0	165523456.0
52338688.0	165523456.0
52338688.0	165523456.0
52338688.0	165523456.0
52338688.0	165523456.0
52338688.0	165523456.0
52338688.0	165523456.0
52338688.0	165523456.0
52338688.0	165523456.0
52355072.0	165523456.0
52355072.0	165523456.0
52355072.0	105111552.0
52355072.0	105111552.0
52355072.0	105111552.0
52355072.0	105111552.0
52355072.0	105111552.0
52355072.0	105111552.0
52355072.0	105111552.0
52355072.0	105111552.0
52338688.0	105111552.0
52338688.0	105111552.0
52338688.0	105111552.0
52338688.0	105111552.0
52338688.0	105111552.0
52338688.0	105111552.0
52338688.0	104767488.0
52338688.0	104767488.0
52338688.0	104767488.0
52338688.0	104767488.0
52338688.0	104767488.0
52338688.0	104767488.0
52338688.0	104767488.0
52338688.0	104767488.0
52338688.0	104767488.0
52338688.0	104767488.0
52338688.0	104767488.0
52338688.0	104767488.0
52338688.0	104767488.0
52338688.0	104767488.0
52338688.0	104767488.0
52338688.0	104767488.0
52338688.0	104767488.0
52338688.0	104767488.0
52338688.0	104767488.0
52338688.0	104767488.0
52338688.0	104767488.0
52338688.0	104767488.0
52338688.0	104767488.0
52338688.0	104767488.0
52338688.0	104767488.0
52338688.0	104767488.0
52338688.0	104767488.0
52338688.0	104767488.0
52338688.0	104767488.0
52338688.0	104767488.0
52338688.0	104767488.0
52338688.0	104767488.0
52338688.0	104767488.0
52338688.0	104767488.0
52338688.0	104767488.0
52322304.0	104767488.0
52322304.0	104767488.0
52322304.0	104767488.0
52322304.0	104767488.0
