0	100000
0	100000
0	100000
0	100000
0	100000
0	100000
0	100000
0	100000
0	100000
0	100000
0	100000
0	100000
58633	100000
64507	100000
98759	100000
98190	100000
0	100000
0	100000
0	100000
64890	100000
74860	100000
100249	100000
97107	100000
92301	100000
61064	100000
82122	100000
99000	100000
93021	100000
87331	100000
98266	100000
50718	100000
0	100000
0	100000
0	100000
0	100000
0	100000
0	100000
0	100000
0	100000
0	100000
0	100000
0	100000
0	100000
0	100000
0	100000
0	100000
0	100000
0	100000
0	100000
0	100000
0	100000
0	100000
0	100000
0	100000
0	100000
0	100000
0	100000
0	100000
0	100000
0	100000
0	100000
0	100000
0	100000
0	100000
0	100000
0	100000
0	100000
0	100000
0	100000
0	100000
0	100000
0	100000
67912	100000
27867	100000
100232	100000
98606	100000
35120	100000
0	100000
61242	100000
90298	100000
99642	100000
108147	100000
90537	100000
32491	100000
0	100000
0	100000
0	100000
0	100000
0	100000
0	100000
0	100000
0	100000
0	100000
0	100000
0	100000
0	100000
0	100000
0	100000
0	100000
0	100000
0	100000
0	100000
0	100000
0	100000
0	100000
0	100000
0	100000
0	100000
0	100000
0	100000
0	100000
0	100000
0	100000
0	100000
0	100000
0	100000
0	100000
0	100000
0	100000
0	100000
0	100000
0	100000
0	100000
0	100000
0	100000
0	100000
0	100000
0	100000
0	100000
0	100000
0	100000
0	100000
44046	100000
69369	100000
100217	100000
99820	100000
99000	100000
58197	100000
81867	100000
75176	100000
102094	100000
96301	100000
31688	100000
0	100000
0	100000
0	100000
0	100000
0	100000
0	100000
0	100000
0	100000
0	100000
0	100000
0	100000
0	100000
0	100000
0	100000
0	100000
0	100000
0	100000
0	100000
0	100000
0	100000
0	100000
0	100000
0	100000
0	100000
0	100000
0	100000
0	100000
0	100000
0	100000
0	100000
0	100000
0	100000
0	100000
0	100000
0	100000
0	100000
0	100000
0	100000
0	100000
0	100000
0	100000
0	100000
0	100000
0	100000
0	100000
0	100000
0	100000
0	100000
0	100000
64331	100000
18437	100000
64491	100000
100243	100000
97753	100000
99810	100000
67603	100000
65511	100000
99816	100000
105779	100000
83073	100000
0	100000
0	100000
0	100000
0	100000
0	100000
0	100000
0	100000
0	100000
0	100000
0	100000
0	100000
0	100000
0	100000
0	100000
0	100000
0	100000
0	100000
0	100000
0	100000
0	100000
0	100000
0	100000
0	100000
0	100000
0	100000
0	100000
0	100000
0	100000
0	100000
0	100000
0	100000
0	100000
0	100000
0	100000
0	100000
0	100000
0	100000
0	100000
0	100000
0	100000
0	100000
0	100000
0	100000
0	100000
0	100000
0	100000
0	100000
0	100000
0	100000
0	100000
0	100000
0	100000
0	100000
0	100000
0	100000
0	100000
0	100000
0	100000
0	100000
0	100000
0	100000
0	100000
0	100000
0	100000
0	100000
0	100000
0	100000
0	100000
0	100000
0	100000
0	100000
0	100000
0	100000
0	100000
0	100000
0	100000
0	100000
0	100000
0	100000
0	100000
0	100000
0	100000
0	100000
0	100000
0	100000
0	100000
0	100000
0	100000
0	100000
0	100000
0	100000
0	100000
0	100000
0	100000
0	100000
0	100000
0	100000
