425484288.0	464584704.0
425484288.0	464584704.0
425484288.0	464584704.0
425484288.0	464584704.0
425484288.0	464584704.0
425484288.0	464584704.0
425484288.0	464584704.0
425484288.0	464584704.0
425484288.0	464584704.0
425484288.0	464584704.0
425484288.0	464584704.0
425484288.0	464584704.0
425484288.0	464584704.0
425484288.0	464584704.0
425484288.0	464584704.0
425488384.0	464584704.0
425488384.0	464584704.0
425488384.0	464584704.0
425488384.0	464584704.0
425488384.0	464584704.0
425488384.0	464584704.0
425488384.0	464584704.0
425488384.0	464584704.0
425508864.0	464584704.0
422395904.0	464584704.0
422641664.0	464584704.0
422666240.0	464584704.0
423198720.0	464584704.0
423292928.0	464584704.0
423292928.0	464584704.0
423772160.0	464584704.0
423497728.0	464584704.0
423895040.0	464584704.0
423968768.0	464584704.0
425025536.0	464584704.0
422932480.0	464584704.0
424128512.0	464584704.0
425279488.0	464584704.0
426770432.0	464584704.0
426729472.0	464584704.0
426983424.0	464584704.0
427315200.0	464584704.0
433246208.0	464584704.0
430407680.0	464584704.0
431177728.0	464584704.0
432025600.0	464584704.0
437886976.0	464584704.0
441532416.0	464584704.0
441032704.0	464584704.0
441667584.0	464584704.0
442793984.0	464584704.0
432693248.0	464584704.0
442765312.0	464584704.0
441995264.0	464584704.0
441995264.0	464584704.0
441995264.0	464584704.0
434720768.0	464584704.0
434720768.0	464584704.0
434720768.0	464584704.0
434638848.0	464584704.0
434786304.0	464584704.0
434843648.0	464584704.0
435077120.0	464584704.0
435380224.0	464584704.0
435437568.0	464584704.0
435712000.0	464584704.0
436523008.0	464584704.0
437248000.0	464584704.0
436576256.0	464584704.0
436576256.0	464584704.0
436903936.0	464584704.0
436805632.0	464584704.0
436744192.0	464584704.0
436887552.0	464584704.0
436908032.0	464584704.0
436920320.0	464584704.0
436957184.0	464584704.0
436957184.0	464584704.0
436957184.0	464584704.0
436957184.0	464584704.0
436957184.0	464584704.0
436957184.0	464584704.0
436957184.0	464584704.0
436998144.0	464584704.0
437403648.0	464584704.0
437137408.0	464584704.0
437137408.0	464584704.0
437145600.0	464584704.0
437153792.0	464584704.0
437293056.0	464584704.0
446414848.0	464584704.0
441606144.0	464584704.0
441651200.0	464584704.0
441774080.0	464584704.0
441778176.0	464584704.0
441778176.0	464584704.0
437706752.0	464584704.0
438272000.0	464584704.0
438378496.0	464584704.0
438300672.0	464584704.0
438300672.0	464584704.0
438304768.0	464584704.0
438661120.0	464584704.0
438702080.0	464584704.0
456695808.0	464584704.0
456581120.0	464584704.0
449511424.0	464584704.0
449511424.0	464584704.0
449511424.0	464584704.0
449523712.0	464584704.0
449560576.0	464584704.0
439177216.0	464584704.0
439443456.0	464584704.0
439197696.0	464584704.0
439205888.0	464584704.0
439603200.0	464584704.0
439263232.0	464584704.0
439427072.0	464584704.0
439345152.0	464584704.0
439435264.0	464584704.0
