0	51328
70203	74468
76098	74468
81870	74468
29576	47659
67409	101867
11151	30000
188	30000
1412	30000
1492	30000
1363	30000
308	30000
40016	90000
100193	109000
99828	104000
104846	104000
101416	107000
20749	68480
0	68480
0	68480
0	68480
0	68480
0	68480
0	68480
0	68480
0	68480
0	68480
0	68480
0	68480
0	68480
0	68480
0	68480
0	68480
0	68480
0	68480
0	68480
0	68480
0	68480
0	68480
0	68480
0	68480
0	68480
0	68480
0	68480
0	68480
0	68480
0	68480
0	68480
0	68480
0	68480
0	68480
0	68480
0	68480
0	68480
0	68480
0	68480
0	68480
0	68480
0	68480
0	68480
0	68480
0	68480
70794	115827
4250	37952
299	30000
599	30000
761	30000
308	30000
15	30000
201	30000
3263	30000
61852	114000
99659	109000
100069	104000
108389	97280
56560	96819
33888	73571
35701	44879
1806	30000
8	30000
2116	30000
1771	30000
702	30000
11674	54000
80642	82091
92878	101875
96375	74468
75083	74468
62581	59574
0	59574
0	59574
0	59574
0	59574
0	59574
0	59574
0	59574
0	59574
0	59574
0	59574
0	59574
0	59574
0	59574
0	59574
0	59574
0	59574
0	59574
0	59574
0	59574
0	59574
0	59574
0	59574
0	59574
0	59574
0	59574
0	59574
0	59574
0	59574
0	59574
0	59574
0	59574
0	59574
1643	38127
41153	78501
38111	46899
474	30000
1412	30000
535	30000
734	30000
328	30000
490	30000
13	30000
301	30000
2679	30000
1828	30000
465	30000
335	30000
13710	54000
82393	114000
111888	145000
39849	59392
10036	59513
76550	76488
1498	30000
1737	30000
300	30000
2408	30000
2309	30000
27507	56553
60326	60862
72932	74468
78665	74468
76610	74468
78012	74468
1140	74468
0	74468
0	74468
0	74468
0	74468
0	74468
0	74468
0	74468
0	74468
0	74468
0	74468
0	74468
0	74468
0	74468
0	74468
0	74468
0	74468
0	74468
0	74468
0	74468
0	74468
0	74468
0	74468
0	74468
0	74468
0	74468
0	74468
0	74468
7226	44271
78482	116271
1896	47623
492	30000
1192	30000
168	30000
191	30000
1454	30000
137	30000
1598	30000
15644	54000
92466	109000
82462	95200
96128	114560
32885	70118
2753	44875
76855	93500
6586	30000
926	30000
2691	30000
16394	54000
90899	109000
102471	126000
37205	80640
0	80640
0	80640
0	80640
0	80640
0	80640
0	80640
0	80640
0	80640
0	80640
0	80640
0	80640
0	80640
0	80640
0	80640
0	80640
0	80640
0	80640
0	80640
0	80640
0	80640
0	80640
0	80640
0	80640
0	80640
0	80640
0	80640
0	80640
0	80640
0	80640
0	80640
0	80640
0	80640
0	80640
0	80640
0	80640
0	80640
30833	87609
54431	89287
348	30000
1821	30000
527	30000
1078	30000
338	30000
184	30000
1087	30000
822	30000
1329	30000
1239	30000
56605	114000
100213	104000
108699	102400
14214	102400
0	102400
0	102400
0	102400
0	102400
0	102400
0	102400
0	102400
0	102400
0	102400
0	102400
0	102400
0	102400
0	102400
0	102400
0	102400
0	102400
0	102400
0	102400
0	102400
0	102400
0	102400
0	102400
0	102400
0	102400
0	102400
0	102400
0	102400
0	102400
0	102400
0	102400
0	102400
0	102400
0	102400
0	102400
0	102400
0	102400
0	102400
0	102400
0	102400
0	102400
0	102400
0	102400
0	102400
