0	100000
290	100000
307	100000
204	100000
363	100000
962	100000
50	100000
49	100000
29274	100000
99772	100000
73087	100000
81351	100000
364	100000
264	100000
359	100000
388	100000
384	100000
42	100000
342	100000
1664	100000
43	100000
2814	100000
1297	100000
329	100000
36	100000
27	100000
3840	100000
49	100000
52482	100000
96916	100000
23662	100000
339	100000
80250	100000
330	100000
288	100000
260	100000
3274	100000
407	100000
423	100000
261	100000
1336	100000
136	100000
55	100000
47	100000
60	100000
39	100000
121	100000
55	100000
63	100000
4449	100000
58	100000
47	100000
52	100000
33	100000
74	100000
32	100000
38	100000
30	100000
63752	100000
100941	100000
7581	100000
54	100000
38	100000
75	100000
43	100000
42	100000
39	100000
49	100000
4003	100000
79925	100000
59	100000
30	100000
55	100000
45	100000
76	100000
31	100000
44	100000
30	100000
374	100000
40	100000
37	100000
32	100000
44	100000
6328	100000
58	100000
41	100000
48	100000
37	100000
66	100000
435	100000
65	100000
54	100000
7	100000
35	100000
7	100000
11	100000
8	100000
11	100000
24	100000
9	100000
7	100000
2531	100000
55443	100000
106236	100000
8787	100000
67	100000
83	100000
31	100000
44	100000
44	100000
54453	100000
29169	100000
56	100000
43	100000
723	100000
4354	100000
43	100000
49	100000
56	100000
43	100000
1851	100000
68	100000
48	100000
30	100000
56	100000
40	100000
30	100000
30	100000
61	100000
10	100000
57	100000
7	100000
13	100000
10	100000
10	100000
12	100000
1377	100000
70	100000
66	100000
53	100000
55	100000
52	100000
52	100000
58	100000
59	100000
34	100000
52	100000
