0	100000
84161	100000
75990	100000
8979	100000
67899	100000
430	100000
548	100000
2185	100000
437	100000
424	100000
362	100000
398	100000
5224	100000
54	100000
51	100000
47	100000
53	100000
77	100000
51	100000
37	100000
57	100000
23	100000
66	100000
64	100000
36	100000
80	100000
83	100000
80	100000
76	100000
69	100000
58	100000
88	100000
92	100000
68	100000
88	100000
77	100000
36	100000
369	100000
54	100000
56	100000
33	100000
38	100000
52	100000
28	100000
38	100000
56	100000
51	100000
36	100000
68	100000
41	100000
58	100000
48	100000
52	100000
50	100000
31	100000
54	100000
38	100000
60	100000
51	100000
31	100000
49	100000
57	100000
33	100000
7	100000
50	100000
163	100000
23	100000
8	100000
1014	100000
79	100000
52	100000
40	100000
59	100000
29	100000
47	100000
32	100000
28	100000
53	100000
38	100000
64	100000
56	100000
60	100000
6	100000
7	100000
13	100000
8	100000
9	100000
7	100000
9	100000
18	100000
9	100000
6	100000
8	100000
2343	100000
53884	100000
82564	100000
3535	100000
51	100000
78	100000
53	100000
51	100000
51	100000
43	100000
38	100000
48	100000
33	100000
44	100000
0	100000
840	100000
2052	100000
41791	100000
34910	100000
23	100000
19	100000
20	100000
78	100000
26	100000
41	100000
56	100000
43	100000
29	100000
36	100000
44	100000
0	100000
0	100000
0	100000
0	100000
0	100000
9	100000
0	100000
0	100000
0	100000
0	100000
0	100000
2396	100000
43	100000
43	100000
36	100000
50	100000
85	100000
34	100000
29	100000
46	100000
40	100000
24	100000
50	100000
44	100000
47	100000
186	100000
39	100000
48	100000
39	100000
29	100000
35	100000
25	100000
49	100000
22	100000
2233	100000
90	100000
30	100000
23	100000
46	100000
0	100000
0	100000
0	100000
0	100000
0	100000
0	100000
8	100000
0	100000
0	100000
32	100000
1380	100000
68565	100000
60381	100000
1798	100000
209	100000
432	100000
458	100000
428	100000
109	100000
43	100000
43	100000
27	100000
25	100000
37	100000
4447	100000
51	100000
55	100000
39	100000
51	100000
62	100000
33	100000
212	100000
32	100000
307	100000
75	100000
56	100000
60	100000
46	100000
53	100000
50	100000
50	100000
48	100000
46	100000
51	100000
52	100000
52	100000
61	100000
333	100000
50	100000
51	100000
51	100000
26	100000
51	100000
72	100000
50	100000
47	100000
33	100000
56	100000
56	100000
52	100000
36	100000
52	100000
56	100000
26	100000
51	100000
33	100000
58	100000
36	100000
51	100000
10	100000
161	100000
13	100000
429	100000
52	100000
50	100000
54	100000
59	100000
31	100000
53	100000
52	100000
27	100000
21	100000
60	100000
37	100000
78	100000
49	100000
17	100000
12	100000
8	100000
4	100000
9	100000
7	100000
12	100000
10	100000
6	100000
9	100000
23	100000
12	100000
10	100000
9	100000
10	100000
10	100000
7	100000
7	100000
11	100000
5	100000
16	100000
15	100000
10	100000
403	100000
22	100000
41	100000
47	100000
52	100000
51	100000
35	100000
55	100000
57	100000
51	100000
47	100000
27	100000
52	100000
52	100000
8	100000
13	100000
7	100000
14	100000
7	100000
6	100000
10	100000
6	100000
11	100000
9	100000
6	100000
9	100000
11	100000
18	100000
12	100000
374	100000
9	100000
9	100000
11	100000
6	100000
215	100000
50	100000
36	100000
52	100000
1222	100000
411	100000
56	100000
50	100000
50	100000
52	100000
51	100000
41	100000
49	100000
47	100000
8	100000
9	100000
6	100000
10	100000
5	100000
9	100000
9	100000
14	100000
4	100000
16	100000
8	100000
11	100000
9	100000
10	100000
9	100000
8	100000
9	100000
9	100000
9	100000
18	100000
6	100000
9	100000
9	100000
5	100000
9	100000
8	100000
9	100000
4	100000
5	100000
15	100000
4	100000
9	100000
7	100000
199	100000
6	100000
4	100000
7	100000
7	100000
7	100000
398	100000
28	100000
49	100000
48	100000
31	100000
53	100000
21	100000
43	100000
-1	-1
0	100000
0	100000
0	100000
0	100000
0	100000
0	100000
0	100000
0	100000
0	100000
0	100000
0	100000
0	100000
0	100000
0	100000
0	100000
0	100000
0	100000
0	100000
0	100000
0	100000
0	100000
0	100000
0	100000
0	100000
0	100000
0	100000
0	100000
0	100000
0	100000
0	100000
0	100000
0	100000
0	100000
0	100000
0	100000
0	100000
0	100000
0	100000
0	100000
0	100000
0	100000
0	100000
0	100000
0	100000
0	100000
0	100000
0	100000
0	100000
0	100000
0	100000
0	100000
0	100000
0	100000
0	100000
0	100000
0	100000
0	100000
0	100000
0	100000
0	100000
0	100000
0	100000
0	100000
0	100000
0	100000
0	100000
0	100000
0	100000
0	100000
0	100000
0	100000
0	100000
0	100000
0	100000
0	100000
0	100000
0	100000
0	100000
0	100000
0	100000
0	100000
0	100000
0	100000
0	100000
0	100000
0	100000
0	100000
0	100000
0	100000
0	100000
0	100000
0	100000
0	100000
0	100000
0	100000
0	100000
0	100000
0	100000
0	100000
0	100000
0	100000
0	100000
0	100000
0	100000
0	100000
0	100000
0	100000
0	100000
0	100000
0	100000
0	100000
0	100000
0	100000
0	100000
0	100000
0	100000
0	100000
0	100000
0	100000
0	100000
0	100000
0	100000
0	100000
0	100000
0	100000
0	100000
0	100000
0	100000
0	100000
0	100000
0	100000
0	100000
0	100000
0	100000
0	100000
0	100000
0	100000
0	100000
0	100000
0	100000
0	100000
0	100000
0	100000
0	100000
0	100000
0	100000
0	100000
0	100000
0	100000
0	100000
0	100000
0	100000
0	100000
0	100000
0	100000
0	100000
0	100000
