0	100000
80564	100000
97793	100000
16893	100000
3019	100000
66250	100000
1277	100000
338	100000
376	100000
434	100000
74	100000
51	100000
39	100000
27	100000
2878	100000
50	100000
50	100000
44	100000
40	100000
69	100000
28	100000
43	100000
49	100000
441	100000
48	100000
63	100000
51	100000
53	100000
68	100000
62	100000
58	100000
52	100000
50	100000
108	100000
2902	100000
50	100000
28665	100000
94138	100000
27	100000
72324	100000
53	100000
43	100000
56	100000
43	100000
78	100000
25	100000
69	100000
38	100000
38	100000
54	100000
50	100000
48	100000
45	100000
493	100000
2543	100000
28	100000
27	100000
571	100000
53	100000
53	100000
53	100000
8	100000
9	100000
55	100000
8	100000
6	100000
10	100000
8	100000
425	100000
33	100000
12	100000
7	100000
7	100000
11	100000
1313	100000
3010	100000
42	100000
26	100000
31	100000
64	100000
43	100000
26	100000
20	100000
35	100000
29	100000
31	100000
37	100000
38	100000
0	100000
11	100000
0	100000
1184	100000
53895	100000
80011	100000
3846	100000
2853	100000
77633	100000
315	100000
405	100000
421	100000
267	100000
268	100000
36	100000
24	100000
44	100000
44	100000
38	100000
44	100000
41	100000
31	100000
42	100000
47	100000
1491	100000
4454	100000
26	100000
31	100000
35	100000
40	100000
35	100000
40	100000
1837	100000
40	100000
66	100000
41	100000
45	100000
41	100000
42	100000
28	100000
35	100000
31	100000
42	100000
3088	100000
51	100000
27	100000
45	100000
53	100000
58	100000
49	100000
53	100000
55	100000
36	100000
56	100000
52	100000
1389	100000
1785	100000
50	100000
261	100000
18852	100000
100674	100000
18679	100000
70471	100000
3060	100000
0	100000
0	100000
40	100000
0	100000
0	100000
1668	100000
40	100000
43	100000
50	100000
51	100000
43	100000
25	100000
58	100000
57	100000
49	100000
95	100000
62	100000
22	100000
26	100000
8	100000
11	100000
13	100000
7	100000
14	100000
6	100000
11	100000
26	100000
14	100000
7	100000
11	100000
10	100000
11	100000
6	100000
7	100000
11	100000
9	100000
12	100000
10	100000
11	100000
16	100000
3321	100000
23	100000
59	100000
39	100000
17	100000
61	100000
32	100000
42	100000
18691	100000
102385	100000
8416	100000
23	100000
54	100000
72	100000
0	100000
0	100000
12	100000
0	100000
0	100000
1491	100000
47682	100000
32531	100000
41	100000
42	100000
38	100000
44	100000
25	100000
42	100000
42	100000
35	100000
49	100000
22	100000
41	100000
43	100000
670	100000
1387	100000
55	100000
42	100000
36	100000
76	100000
18	100000
41	100000
44	100000
1131	100000
68	100000
26	100000
59	100000
55	100000
119	100000
10	100000
385	100000
56	100000
54	100000
94	100000
48	100000
44	100000
59	100000
54	100000
49	100000
53	100000
50	100000
49	100000
60	100000
50	100000
271	100000
16	100000
16	100000
7	100000
8	100000
4	100000
10	100000
6	100000
5	100000
8	100000
8	100000
8	100000
13	100000
8	100000
9	100000
4	100000
4	100000
215	100000
58	100000
53	100000
24	100000
248	100000
65	100000
50	100000
49	100000
416	100000
668	100000
75	100000
48	100000
29	100000
1993	100000
51	100000
59	100000
48	100000
24	100000
46	100000
33	100000
32	100000
36	100000
54	100000
49	100000
46	100000
38	100000
43	100000
8	100000
7	100000
1680	100000
78570	100000
44720	100000
47	100000
43	100000
75	100000
38	100000
43	100000
43	100000
2243	100000
69709	100000
53	100000
41	100000
38	100000
0	100000
71	100000
12	100000
0	100000
971	100000
34	100000
24	100000
43	100000
45	100000
84	100000
42	100000
24	100000
62	100000
44	100000
44	100000
2086	100000
56	100000
388	100000
4	100000
3	100000
17	100000
9	100000
24	100000
7	100000
7	100000
62	100000
4	100000
6	100000
3	100000
7	100000
8	100000
15	100000
9	100000
8	100000
6	100000
16	100000
4	100000
7	100000
8	100000
7	100000
7	100000
10	100000
15	100000
7	100000
7	100000
5	100000
5	100000
7	100000
3	100000
9	100000
7	100000
7	100000
16	100000
9	100000
8	100000
8	100000
47	100000
8	100000
8	100000
11	100000
8	100000
2	100000
15	100000
6	100000
7	100000
4	100000
4	100000
8	100000
1466	100000
486	100000
48	100000
47	100000
56	100000
49	100000
49	100000
56	100000
30	100000
75	100000
52	100000
74	100000
27	100000
52	100000
14	100000
12	100000
7	100000
7	100000
7	100000
11	100000
6	100000
10	100000
5	100000
10	100000
12	100000
3	100000
6	100000
3	100000
6	100000
6	100000
6	100000
5	100000
6	100000
5	100000
13	100000
4	100000
8	100000
6	100000
7	100000
6	100000
6	100000
5	100000
4	100000
5	100000
19	100000
7	100000
5	100000
9	100000
6	100000
6	100000
7	100000
6	100000
3	100000
6	100000
16	100000
7	100000
7	100000
6	100000
6	100000
6	100000
11	100000
8	100000
6	100000
6	100000
9	100000
7	100000
3	100000
3	100000
7	100000
3	100000
7	100000
5	100000
5	100000
6	100000
15	100000
6	100000
7	100000
6	100000
6	100000
6	100000
11	100000
6	100000
6	100000
3	100000
14	100000
7	100000
