16613376.0	45088768.0
16867328.0	45088768.0
17354752.0	45088768.0
17813504.0	45088768.0
17440768.0	45088768.0
18915328.0	45088768.0
18341888.0	45088768.0
18489344.0	45088768.0
18415616.0	45088768.0
20561920.0	45088768.0
20422656.0	45088768.0
20566016.0	45088768.0
20742144.0	45088768.0
21270528.0	45088768.0
21798912.0	45088768.0
22380544.0	45088768.0
22224896.0	45088768.0
23031808.0	45088768.0
22257664.0	45088768.0
22425600.0	45088768.0
22573056.0	45088768.0
22609920.0	45088768.0
22384640.0	45088768.0
22654976.0	45088768.0
22409216.0	45088768.0
25702400.0	45088768.0
23105536.0	45088768.0
23142400.0	45088768.0
22904832.0	45088768.0
23318528.0	45088768.0
23089152.0	45088768.0
22966272.0	45088768.0
22970368.0	45088768.0
23105536.0	45088768.0
22978560.0	45088768.0
24707072.0	45088768.0
24006656.0	45088768.0
24399872.0	45088768.0
24866816.0	45088768.0
24424448.0	45088768.0
24289280.0	45088768.0
24629248.0	45088768.0
24649728.0	45088768.0
24403968.0	45088768.0
24686592.0	45088768.0
26005504.0	45088768.0
25055232.0	45088768.0
24698880.0	45088768.0
24834048.0	45088768.0
24842240.0	45088768.0
24715264.0	45088768.0
24993792.0	45088768.0
24891392.0	45088768.0
24780800.0	45088768.0
24788992.0	45088768.0
26378240.0	45088768.0
25571328.0	45088768.0
25317376.0	45088768.0
25448448.0	45088768.0
25452544.0	45088768.0
25329664.0	45088768.0
25468928.0	45088768.0
25473024.0	45088768.0
25350144.0	45088768.0
25755648.0	45088768.0
26628096.0	45088768.0
26050560.0	45088768.0
26181632.0	45088768.0
26079232.0	45088768.0
25968640.0	45088768.0
25968640.0	45088768.0
25968640.0	45088768.0
25968640.0	45088768.0
25968640.0	45088768.0
26099712.0	45088768.0
27004928.0	45088768.0
26279936.0	45088768.0
26152960.0	45088768.0
26152960.0	45088768.0
26152960.0	45088768.0
26152960.0	45088768.0
26415104.0	45088768.0
26173440.0	45088768.0
26173440.0	45088768.0
26173440.0	45088768.0
26996736.0	45088768.0
26472448.0	45088768.0
26447872.0	45088768.0
26320896.0	45088768.0
26320896.0	45088768.0
26451968.0	45088768.0
26456064.0	45088768.0
26456064.0	45088768.0
26333184.0	45088768.0
26333184.0	45088768.0
27312128.0	45088768.0
26943488.0	45088768.0
26820608.0	45088768.0
26820608.0	45088768.0
26820608.0	45088768.0
26820608.0	45088768.0
26824704.0	45088768.0
26824704.0	45088768.0
26828800.0	45088768.0
26836992.0	45088768.0
27471872.0	45088768.0
27054080.0	45088768.0
26910720.0	45088768.0
26910720.0	45088768.0
26910720.0	45088768.0
26910720.0	45088768.0
27041792.0	45088768.0
27045888.0	45088768.0
27049984.0	45088768.0
26923008.0	45088768.0
27938816.0	45088768.0
27516928.0	45088768.0
27168768.0	45088768.0
27172864.0	45088768.0
27308032.0	45088768.0
