0	42000
79612	120000
101832	110000
85796	86752
61728	65024
226	30000
1847	30000
269	30000
5289	30000
406	30000
11390	30000
78561	114000
67612	59392
3337	33600
324	30000
358	30000
406	30000
400	30000
1770	30000
65971	114000
11101	88320
3175	30000
2570	30000
44	30000
78	30000
44	30000
39	30000
2034	30000
67672	114000
79682	92800
2789	47513
62	38010
42	30408
984	30000
17634	54000
72740	120000
30	76800
589	39321
34	31456
70	30000
33	30000
34	30000
43	30000
45	30000
37	30000
5815	34560
22	30000
43	30000
21	30000
59	30000
46	30000
36	30000
43	30000
46	30000
215	30000
52	30000
3211	30000
46	30000
14535	54000
86545	109000
45802	85120
2960	34864
27	30000
44	30000
55	30000
21	30000
30	30000
42	30000
2680	30000
48614	90000
49813	120000
4086	49152
50	30000
3660	42000
57793	114000
87651	106400
40	68096
4580	30000
11827	42000
71034	150000
57	96000
54	76800
740	39321
0	39321
34	31456
0	31456
0	31456
0	31456
0	31456
6	30000
0	30000
0	30000
0	30000
0	30000
0	30000
0	30000
0	30000
0	30000
2711	33600
1374	30000
51	30000
53	30000
41	30000
60	30000
38	30000
45	30000
2747	30000
56	30000
86	30000
8267	42000
88389	109000
64007	74240
31	59392
39	47513
68	30408
42	30000
20	30000
28	30000
21	30000
68	30000
607	30000
615	30000
44706	78000
53485	120000
21	96000
28	76800
27	61440
71	39321
29	31456
38	30000
40	30000
55	30000
41	30000
43	30000
42	30000
26	30000
42	30000
0	30000
0	30000
10	30000
1985	30000
34	30000
34	30000
20	30000
43	30000
78	30000
26	30000
375	30000
40	30000
374	30000
15540	42000
87416	114000
56263	74240
366	30000
966	30000
362	30000
6068	30000
85978	150000
43	120000
66	76800
27	61440
88	49152
46	39321
38	31456
30	30000
281	30000
37	30000
29	30000
29	30000
48	30000
25	30000
0	30000
0	30000
0	30000
1535	30000
33	30000
27	30000
58	30000
49	30000
71	30000
27	30000
52	30000
37	30000
4764	33600
590	30000
56654	114000
96787	145000
2252	74240
63	47513
58	30408
83	30000
33	30000
31	30000
34	30000
29	30000
2127	30000
81300	126000
22824	76800
29	61440
59	39321
2261	31456
93	30000
48	30000
29	30000
36	30000
40	30000
44	30000
51	30000
27	30000
3183	30000
155	30000
53	30000
46	30000
49	30000
2893	42000
39	30000
44	30000
41	30000
43	30000
1364	30000
54574	114000
96692	145000
1622	59392
49	47513
1364	30000
38409	90000
43345	88320
35	70656
16	70656
0	56524
26	45219
0	45219
0	45219
0	45219
0	45219
0	45219
870	30000
1391	30000
43	30000
54	30000
34	30000
1229	30000
27	30000
46	30000
41	30000
60	30000
7402	30000
78918	114000
68481	92800
2845	30000
67319	114000
19396	76800
989	49152
2267	30000
35	30000
41	30000
33	30000
308	30000
60	30000
34	30000
49256	102000
118769	133000
36	116000
2502	74240
42	47513
104	30408
36	30000
5335	30000
68181	138000
234	56524
28	45219
2925	30000
75	30000
51	30000
37	30000
52	30000
2000	30000
37	30000
13	30000
0	30000
0	30000
0	30000
33815	90000
119095	121000
48851	110240
36712	101273
41	81018
68	64814
40	41480
37	33184
27	30000
44	30000
30	30000
39	30000
43	30000
43	30000
0	30000
1212	30000
38	30000
40	30000
59	30000
27	30000
74	30000
40	30000
32	30000
42	30000
39	30000
32	30000
52	30000
22	30000
28	30000
0	30000
0	30000
0	30000
1624	30000
31	30000
29	30000
66	30000
55	30000
70	30000
36	30000
29	30000
49	30000
29	30000
31	30000
38	30000
65	30000
30	30000
10	30000
0	30000
0	30000
0	30000
426	30000
35	30000
40	30000
27	30000
61	30000
81	30000
50	30000
36	30000
30982	78000
110044	109000
29411	85120
3211	34864
42	30000
91	30000
0	30000
0	30000
16	30000
0	30000
0	30000
52572	102000
36501	120000
28	96000
32	76800
520	49152
78	31456
27	30000
34	30000
41	30000
2174	33600
1753	30000
58995	114000
89224	145000
495	74240
45	59392
0	59392
0	59392
1899	30000
26586	66000
56518	120000
32	76800
43	61440
31	49152
60	31456
41	30000
45	30000
75	30000
41	30000
2236	30000
43	30000
28	30000
48	30000
48	30000
619	30000
2014	30000
48	30000
50	30000
38	30000
81	30000
45	30000
33731	90000
127215	121000
5814	59392
65914	122010
15181	74756
71	38274
40	30619
16	30000
0	30000
0	30000
0	30000
0	30000
0	30000
0	30000
1349	30000
41	30000
31	30000
82	30000
34	30000
1933	30000
579	30000
45	30000
21	30000
30	30000
73	30000
30	30000
45	30000
60	30000
23198	66000
100264	109000
41930	74240
39	59392
48	47513
65	38010
41	30408
31	30000
43	30000
10218	42000
80047	150000
393	76800
29	61440
32	49152
30	39321
0	39321
0	39321
0	39321
0	39321
9	31456
0	31456
0	31456
0	31456
0	31456
0	31456
0	31456
0	31456
0	31456
0	31456
8	30000
0	30000
0	30000
0	30000
0	30000
0	30000
0	30000
1853	30000
45	30000
31	30000
38	30000
50	30000
205	30000
766	30000
60	30000
30	30000
23	30000
79	30000
42	30000
47	30000
11471	42000
88213	109000
68001	92800
37	59392
25	47513
74	38010
48	30408
33	30000
36253	78000
51680	96000
38	61440
47	49152
32	39321
82	30000
0	30000
0	30000
0	30000
0	30000
0	30000
2170	30000
753	30000
39	30000
29	30000
50	30000
59	30000
28	30000
40	30000
28	30000
891	30000
49070	102000
98719	145000
1130	74240
63	59392
0	59392
33	47513
0	47513
0	47513
6554	30000
78342	126000
38462	103680
53	66355
61	53084
48	33973
38	30000
69	30000
54	30000
32	30000
28	30000
43	30000
45	30000
60	30000
0	30000
0	30000
0	30000
727	30000
30	30000
42	30000
43	30000
38	30000
72	30000
47	30000
50	30000
49	30000
698	30000
31	30000
33	30000
48	30000
241	30000
35	30000
2323	30000
31	30000
57	30000
41	30000
20	30000
169	30000
37	30000
50	30000
48	30000
27	30000
56258	114000
95643	133000
1304	54476
43	43580
0	43580
46	34864
0	34864
0	34864
0	34864
0	34864
0	34864
10	30000
14856	42000
77418	150000
31	120000
22	96000
37	76800
307	39321
21	31456
36	30000
21	30000
63	30000
57	30000
32	30000
31	30000
951	30000
0	30000
0	30000
0	30000
0	30000
31	30000
14	30000
0	30000
0	30000
0	30000
0	30000
0	30000
0	30000
0	30000
0	30000
1144	30000
57	30000
26	30000
646	30000
42	30000
76	30000
47	30000
43	30000
44	30000
33327	78000
110298	109000
6175	34864
493	30000
2247	30000
380	30000
63110	114000
10976	88320
41	70656
28	56524
28	45219
50	36175
75	30000
376	30000
30	30000
28	30000
45	30000
41	30000
85	30000
55	30000
0	30000
0	30000
10	30000
0	30000
0	30000
0	30000
0	30000
0	30000
1010	30000
971	30000
1645	30000
46	30000
59	30000
77	30000
28	30000
40	30000
63	30000
35077	78000
108986	109000
19239	92800
63	59392
51	47513
2191	30000
55995	114000
24170	120000
43	96000
51	76800
21	61440
76	49152
36	39321
506	30000
23	30000
29	30000
20	30000
21	30000
75	30000
28	30000
0	30000
0	30000
0	30000
0	30000
0	30000
6	30000
1353	30000
42	30000
38	30000
30	30000
49	30000
86	30000
46	30000
58	30000
38	30000
606	30000
32	30000
252	30000
33	30000
618	30000
446	30000
62037	114000
96456	145000
895	74240
60	47513
66	38010
86	30000
28	30000
2066	30000
79459	126000
810	70656
42	56524
40	45219
25	36175
50	30000
10	30000
0	30000
0	30000
0	30000
0	30000
0	30000
0	30000
0	30000
1633	30000
28	30000
181	30000
59	30000
1942	30000
519	30000
465	30000
651	30000
551	30000
414	30000
243	30000
311	30000
448	30000
20972	66000
100729	109000
39882	34864
639	30000
75577	126000
586	70656
42	56524
42	45219
31	36175
3328	30832
36	30000
72	30000
1712	30000
61	30000
38	30000
19	30000
5	30000
7	30000
9	30000
