0.0	30000000.0
16400.0	30000000.0
12800.0	30000000.0
14600.0	30000000.0
17300.0	30000000.0
15000.0	30000000.0
26600.0	30000000.0
14400.0	30000000.0
14400.0	30000000.0
19200.0	30000000.0
14100.0	30000000.0
19300.0	30000000.0
14800.0	30000000.0
15100.0	30000000.0
17500.0	30000000.0
25200.0	30000000.0
15400.0	30000000.0
16900.0	30000000.0
13900.0	30000000.0
15600.0	30000000.0
13800.0	30000000.0
15000.0	30000000.0
28500.0	30000000.0
16000.0	30000000.0
17100.0	30000000.0
14600.0	30000000.0
15200.0	30000000.0
14400.0	30000000.0
26900.0	30000000.0
17300.0	30000000.0
15400.0	30000000.0
17900.0	30000000.0
17500.0	30000000.0
16200.0	30000000.0
16300.0	30000000.0
25000.0	30000000.0
21300.0	30000000.0
14500.0	30000000.0
19800.0	30000000.0
14200.0	30000000.0
14900.0	30000000.0
14100.0	30000000.0
25200.0	30000000.0
17500.0	30000000.0
14400.0	30000000.0
19900.0	30000000.0
16200.0	30000000.0
16400.0	30000000.0
13100.0	30000000.0
14400.0	30000000.0
29600.0	30000000.0
15200.0	30000000.0
14100.0	30000000.0
21800.0	30000000.0
18700.0	30000000.0
15900.0	30000000.0
17300.0	30000000.0
31600.0	30000000.0
14800.0	30000000.0
16100.0	30000000.0
19600.0	30000000.0
20200.0	30000000.0
16500.0	30000000.0
15300.0	30000000.0
19400.0	30000000.0
20100.0	30000000.0
18300.0	30000000.0
23200.0	30000000.0
14800.0	30000000.0
15400.0	30000000.0
17700.0	30000000.0
14300.0	30000000.0
22400.0	30000000.0
13700.0	30000000.0
27500.0	30000000.0
17900.0	30000000.0
15200.0	30000000.0
18100.0	30000000.0
18400.0	30000000.0
14900.0	30000000.0
20600.0	30000000.0
13200.0	30000000.0
25900.0	30000000.0
14500.0	30000000.0
13900.0	30000000.0
18600.0	30000000.0
13300.0	30000000.0
15200.0	30000000.0
15600.0	30000000.0
17800.0	30000000.0
25900.0	30000000.0
14000.0	30000000.0
16300.0	30000000.0
23300.0	30000000.0
14300.0	30000000.0
17500.0	30000000.0
14000.0	30000000.0
16500.0	30000000.0
21600.0	30000000.0
11500.0	30000000.0
18500.0	30000000.0
14800.0	30000000.0
13800.0	30000000.0
12900.0	30000000.0
15700.0	30000000.0
23200.0	30000000.0
13500.0	30000000.0
14900.0	30000000.0
17100.0	30000000.0
15500.0	30000000.0
20200.0	30000000.0
17000.0	30000000.0
28200.0	30000000.0
18100.0	30000000.0
14300.0	30000000.0
22500.0	30000000.0
13600.0	30000000.0
15200.0	30000000.0
16400.0	30000000.0
26400.0	30000000.0
18500.0	30000000.0
19600.0	30000000.0
21000.0	30000000.0
14500.0	30000000.0
14100.0	30000000.0
14200.0	30000000.0
30200.0	30000000.0
14500.0	30000000.0
22300.0	30000000.0
15100.0	30000000.0
20400.0	30000000.0
14400.0	30000000.0
13300.0	30000000.0
30400.0	30000000.0
14400.0	30000000.0
14300.0	30000000.0
20000.0	30000000.0
14200.0	30000000.0
14100.0	30000000.0
14100.0	30000000.0
