0.0	30000000.0
475100.0	30000000.0
3060100.0	30000000.0
21607700.0	30000000.0
25224100.0	30000000.0
25658300.0	30000000.0
24044600.0	30000000.0
24277500.0	30000000.0
23559900.0	30000000.0
19132300.0	30000000.0
16012700.0	30000000.0
13594400.0	30000000.0
10351800.0	30000000.0
6971200.0	30000000.0
5835000.0	30000000.0
3244500.0	30000000.0
4134800.0	30000000.0
2194300.0	30000000.0
1160000.0	30000000.0
1531300.0	30000000.0
574200.0	30000000.0
2023600.0	30000000.0
1067600.0	30000000.0
852200.0	30000000.0
1022900.0	30000000.0
2067500.0	30000000.0
873300.0	30000000.0
1006200.0	30000000.0
521900.0	30000000.0
1008500.0	30000000.0
568700.0	30000000.0
581400.0	30000000.0
539800.0	30000000.0
1131600.0	30000000.0
1489400.0	30000000.0
561700.0	30000000.0
542500.0	30000000.0
554400.0	30000000.0
558000.0	30000000.0
585600.0	30000000.0
567900.0	30000000.0
549000.0	30000000.0
2142900.0	30000000.0
783300.0	30000000.0
623600.0	30000000.0
553300.0	30000000.0
563900.0	30000000.0
555800.0	30000000.0
545500.0	30000000.0
939300.0	30000000.0
523400.0	30000000.0
1542500.0	30000000.0
524100.0	30000000.0
590100.0	30000000.0
516600.0	30000000.0
563100.0	30000000.0
866200.0	30000000.0
544700.0	30000000.0
588300.0	30000000.0
535100.0	30000000.0
1722100.0	30000000.0
527700.0	30000000.0
557400.0	30000000.0
905900.0	30000000.0
551800.0	30000000.0
540900.0	30000000.0
581400.0	30000000.0
545800.0	30000000.0
573200.0	30000000.0
1796500.0	30000000.0
539900.0	30000000.0
895700.0	30000000.0
528800.0	30000000.0
576300.0	30000000.0
539700.0	30000000.0
565700.0	30000000.0
559300.0	30000000.0
545400.0	30000000.0
1722700.0	30000000.0
833900.0	30000000.0
522900.0	30000000.0
495100.0	30000000.0
537500.0	30000000.0
505200.0	30000000.0
561300.0	30000000.0
499900.0	30000000.0
1909400.0	30000000.0
549800.0	30000000.0
571400.0	30000000.0
514100.0	30000000.0
522900.0	30000000.0
533600.0	30000000.0
513400.0	30000000.0
845100.0	30000000.0
512400.0	30000000.0
1846600.0	30000000.0
687700.0	30000000.0
508100.0	30000000.0
475300.0	30000000.0
504000.0	30000000.0
832700.0	30000000.0
510800.0	30000000.0
520500.0	30000000.0
509400.0	30000000.0
1704300.0	30000000.0
513600.0	30000000.0
516900.0	30000000.0
867300.0	30000000.0
527600.0	30000000.0
552100.0	30000000.0
588500.0	30000000.0
563800.0	30000000.0
572500.0	30000000.0
1846200.0	30000000.0
913400.0	30000000.0
542700.0	30000000.0
547100.0	30000000.0
558700.0	30000000.0
568400.0	30000000.0
607900.0	30000000.0
537400.0	30000000.0
614100.0	30000000.0
2072200.0	30000000.0
559500.0	30000000.0
574200.0	30000000.0
555700.0	30000000.0
572100.0	30000000.0
555300.0	30000000.0
582600.0	30000000.0
890300.0	30000000.0
1832500.0	30000000.0
566600.0	30000000.0
553500.0	30000000.0
548000.0	30000000.0
558100.0	30000000.0
614300.0	30000000.0
558300.0	30000000.0
583900.0	30000000.0
896900.0	30000000.0
1867100.0	30000000.0
