68628480	20000000000
68624384	22000000000
68624384	110000000
68722688	110000000
68669440	110000000
68632576	110000000
68632576	110000000
68747264	110000000
68722688	110000000
68747264	110000000
68632576	110000000
68632576	110000000
68632576	110000000
68751360	110000000
68636672	110000000
68636672	110000000
68636672	110000000
68636672	110000000
68636672	110000000
68751360	110000000
68636672	110000000
68648960	110000000
68714496	110000000
68837376	110000000
68722688	110000000
68722688	110000000
68845568	110000000
68845568	110000000
68960256	110000000
68845568	110000000
68845568	110000000
68960256	110000000
68845568	110000000
68845568	110000000
68849664	110000000
68849664	110000000
68964352	110000000
68849664	110000000
68849664	110000000
68964352	110000000
68849664	110000000
68849664	110000000
68964352	110000000
68849664	110000000
68894720	110000000
68894720	110000000
69009408	110000000
69255168	110000000
69148672	110000000
69148672	110000000
69148672	110000000
69148672	110000000
69197824	110000000
69296128	110000000
69197824	110000000
69206016	110000000
69320704	110000000
69206016	110000000
69206016	110000000
69206016	110000000
69206016	110000000
69206016	110000000
69206016	110000000
69398528	110000000
69283840	110000000
69283840	110000000
69283840	110000000
69382144	110000000
69283840	110000000
69373952	110000000
69300224	110000000
69300224	110000000
69300224	110000000
69373952	110000000
69373952	110000000
69373952	110000000
69451776	110000000
69488640	110000000
69488640	110000000
69603328	110000000
69603328	110000000
69603328	110000000
69488640	110000000
69488640	110000000
69488640	110000000
69566464	110000000
69566464	110000000
69566464	110000000
69566464	110000000
69566464	110000000
69718016	110000000
69795840	110000000
69795840	110000000
69681152	110000000
69681152	110000000
69890048	110000000
69775360	110000000
69775360	110000000
69775360	110000000
69926912	110000000
69812224	110000000
69906432	110000000
69906432	110000000
70053888	110000000
69939200	110000000
70053888	110000000
69939200	110000000
69943296	110000000
70057984	110000000
69943296	110000000
69943296	110000000
70037504	110000000
70189056	110000000
70074368	110000000
70074368	110000000
70074368	110000000
70074368	110000000
70074368	110000000
70074368	110000000
70074368	110000000
