63045632	20000000000
64667648	22000000000
64741376	110000000
64851968	110000000
64991232	110000000
65187840	110000000
65380352	110000000
65327104	110000000
65970176	110000000
65613824	110000000
66162688	110000000
65982464	110000000
66015232	110000000
66232320	110000000
66543616	110000000
66633728	110000000
66576384	110000000
66822144	110000000
66957312	110000000
67375104	110000000
67440640	110000000
67932160	110000000
67579904	110000000
68608000	110000000
69500928	110000000
68968448	110000000
69328896	110000000
69349376	110000000
69263360	110000000
69156864	110000000
69230592	110000000
69533696	110000000
69578752	110000000
69611520	110000000
69992448	110000000
70131712	110000000
69967872	110000000
70168576	110000000
70221824	110000000
70393856	110000000
70422528	110000000
70324224	110000000
70475776	110000000
70737920	110000000
70979584	110000000
70971392	110000000
71262208	110000000
72257536	110000000
72675328	110000000
72728576	110000000
72966144	110000000
73146368	110000000
73404416	110000000
73265152	110000000
73351168	110000000
73482240	110000000
73555968	110000000
73744384	110000000
73932800	110000000
74575872	110000000
74698752	110000000
75292672	110000000
75247616	110000000
75313152	110000000
75821056	110000000
75988992	110000000
76238848	110000000
76271616	110000000
76165120	110000000
76636160	110000000
76574720	110000000
77123584	110000000
77058048	110000000
78065664	110000000
78155776	110000000
78192640	110000000
78688256	110000000
79212544	110000000
79646720	110000000
79671296	110000000
79589376	110000000
79704064	110000000
79912960	110000000
80228352	110000000
80535552	110000000
80338944	110000000
81117184	110000000
81387520	110000000
81534976	110000000
82186240	110000000
82259968	110000000
82767872	110000000
82812928	110000000
82833408	110000000
82853888	110000000
82964480	110000000
83591168	110000000
83828736	110000000
83709952	110000000
84983808	110000000
85348352	110000000
85565440	110000000
86032384	110000000
86261760	110000000
86573056	110000000
86663168	110000000
86675456	110000000
86745088	110000000
86700032	110000000
86990848	110000000
87842816	110000000
88018944	110000000
88580096	110000000
88940544	110000000
89313280	110000000
89292800	110000000
89767936	110000000
90005504	110000000
89935872	110000000
90427392	110000000
