0.9984521216
0.9985980509090909
0.7154769454545454
0.7149928727272727
0.7162216727272728
0.719424
0.7194984727272727
0.7194984727272727
0.7190888727272727
0.7161844363636364
0.7149928727272727
0.7161844363636364
0.7137640727272727
0.7163706181818181
0.7183813818181818
0.7184930909090909
0.7159982545454545
0.7164078545454545
0.7168174545454545
0.7182324363636363
0.7163706181818181
0.7174877090909091
0.7151790545454545
0.7170781090909091
0.7148066909090909
0.7138757818181818
0.7174504727272727
0.7193122909090909
0.7170036363636364
0.718083490909091
0.7171525818181819
0.7182696727272727
0.7169664
0.7166312727272727
0.7156258909090909
0.7142853818181818
0.7187909818181818
0.7162216727272728
0.7141364363636363
0.7127586909090909
0.718083490909091
0.7146949818181818
0.7184186181818182
0.7176366545454546
0.7208017454545455
0.7207645090909091
0.7197963636363637
0.7188654545454546
0.7187537454545454
0.7208389818181818
0.7164450909090909
0.7164450909090909
0.7165195636363636
0.7219560727272727
0.7205038545454545
0.7205038545454545
0.7206900363636364
0.7202804363636364
0.7206155636363636
0.7208017454545455
0.7174504727272727
0.7216581818181819
0.7205783272727273
0.7186048
0.7205783272727273
0.7172270545454545
0.7183813818181818
0.7203176727272728
0.7203921454545454
0.7180462545454546
0.7213602909090909
0.7202059636363637
0.7179345454545455
0.718083490909091
0.7202432
0.7200942545454545
0.7200942545454545
0.7177856
0.7185303272727273
0.7192750545454546
0.7196474181818182
0.7165195636363636
0.7178600727272727
0.7212113454545455
0.719945309090909
0.718083490909091
0.7169291636363636
0.7211741090909091
0.7198708363636364
0.7185675636363636
0.717673890909091
0.7203921454545454
0.7198336
0.7175994181818182
0.717376
0.7188654545454546
0.7207272727272728
0.7178228363636364
0.7198336
0.7184558545454546
0.7192005818181818
0.717673890909091
0.7167802181818181
0.7201314909090909
0.7200197818181818
0.7199825454545454
0.7207272727272728
0.7198708363636364
0.7190144
0.7210251636363636
0.7188654545454546
0.7189399272727273
0.7178600727272727
0.7200570181818182
0.7200570181818182
0.7178228363636364
0.7179345454545455
0.7178600727272727
0.7177483636363636
0.7189771636363637
0.98706176
0.9882320058181818
0.21338181818181817
0.1992940606060606
0.1928645818181818
0.18282317575757576
0.17708877575757576
0.1629017212121212
0.1409074424242424
0.09511912727272727
0.06577687272727273
0.2924997818181818
0.28414021818181817
0.2680168727272727
0.2538205090909091
0.25178181818181816
0.24790923636363638
0.2438784
0.24190487272727274
0.2403130181818182
0.18484945454545454
0.14135738181818183
0.11125178181818182
0.08103447272727272
0.2578494836363636
0.25205550545454547
0.24819781818181819
0.2460306618181818
0.24637323636363637
0.24562850909090908
0.24577745454545455
0.24559872
0.24117504
0.2213727418181818
0.1943465890909091
0.15646976
0.14995339636363636
0.14372747636363636
0.1413443490909091
0.14019746909090908
0.13992192
0.13909527272727273
0.13876014545454546
0.13857396363636362
0.13664512
0.13657809454545455
0.12308363636363637
0.08820061090909091
0.20921134545454545
0.19181575757575758
0.1652476121212121
0.1430857696969697
0.13107704242424242
0.12669556363636364
0.12224581818181818
0.12118458181818181
0.12101081212121212
0.12045226666666667
0.11960203636363637
0.11966409696969697
0.11936
0.11908693333333334
0.11800087272727272
0.11651141818181818
0.09652169696969697
0.0662857696969697
0.19175812987012986
0.17013444155844157
0.15113325714285714
0.1279084051948052
0.11026368831168831
0.08716650389610389
0.19661614545454545
0.19249687272727273
0.19000669090909092
0.18910836363636363
0.18717207272727274
0.18716741818181817
0.18671127272727273
0.1869346909090909
0.1869114181818182
0.18683694545454546
0.18655767272727272
0.18604567272727274
0.18555229090909092
0.18526370909090908
0.18502167272727274
0.1767645090909091
0.1673018181818182
0.1449925818181818
0.12639767272727273
0.10825425454545455
0.0949981090909091
0.07032436363636364
0.16064271515151515
0.1481395717171717
0.1273782303030303
0.12375802828282828
0.12311673535353536
0.12147833535353535
0.11959169292929293
0.11989372121212122
0.11783744646464646
0.11813533737373737
0.11809810101010101
0.11808155151515151
0.11806500202020202
0.11805672727272727
0.11792019393939394
0.117688501010101
0.11736164848484848
0.1174526707070707
0.11732027474747475
0.11714650505050506
0.11692308686868687
0.11125902222222223
0.09859038383838384
0.09271531313131313
0.08151544242424243
0.16923438545454544
0.9965335552
0.9968516654545454
0.3696256
0.3692904727272727
0.36958836363636366
0.3703330909090909
0.36958836363636366
0.36966283636363634
0.36895534545454545
0.36895534545454545
0.36895534545454545
0.36824785454545456
0.36895534545454545
0.3679127272727273
0.36895534545454545
0.36806167272727275
0.36854574545454544
0.36806167272727275
0.36895534545454545
0.3667584
0.36616261818181817
0.36616261818181817
0.36512
0.36526894545454547
0.36597643636363636
0.36556683636363635
0.3657157818181818
0.36556683636363635
0.36556683636363635
0.3656785454545455
0.36497105454545453
0.36515723636363634
0.3641146181818182
0.36448698181818184
0.3647848727272727
0.3637794909090909
0.36482210909090906
0.3640029090909091
0.3638912
0.3647848727272727
0.3647848727272727
0.36426356363636364
0.3647476363636364
0.36370501818181816
0.3647476363636364
0.36392843636363637
0.3632581818181818
0.36355607272727275
0.36404014545454544
0.3632954181818182
0.3638167272727273
0.36296029090909093
0.36296029090909093
0.3640029090909091
0.3619176727272727
0.3617687272727273
0.3628858181818182
0.3630347636363636
0.3630347636363636
0.36355607272727275
0.36292305454545454
0.3620666181818182
0.361024
0.3600558545454545
0.36053992727272727
0.3602420363636364
0.36128465454545455
0.36050269090909093
0.36124741818181816
0.36124741818181816
0.3602048
0.35912494545454543
0.3594973090909091
0.35975796363636364
0.3594600727272727
0.35975796363636364
0.3598696727272727
0.35942283636363637
0.36046545454545453
0.35957178181818183
0.3589387636363636
0.35934836363636363
0.35730036363636364
0.35841745454545454
0.3588642909090909
0.35823127272727273
0.35841745454545454
0.35767272727272725
0.3579706181818182
0.3573376
0.35730036363636364
0.3583429818181818
0.35730036363636364
0.35800785454545453
0.35830574545454547
0.3572631272727273
0.35752378181818184
0.3521617454545454
0.35584814545454546
0.3562205090909091
0.3562205090909091
0.3565184
0.3544331636363636
0.35488
0.35454487272727275
0.35484276363636363
0.35543854545454545
0.3555874909090909
0.35488
0.3529437090909091
0.3517521454545455
0.35186385454545455
0.35186385454545455
0.3529064727272727
0.3523106909090909
0.3529064727272727
0.35186385454545455
0.3520128
0.3529064727272727
0.35186385454545455
0.999895552
0.999659101090909
0.9233675636363636
0.9169256727272728
0.9200907636363637
0.9170373818181818
0.9127179636363636
0.9111540363636363
0.9058292363636363
0.9105210181818182
0.9056430545454546
0.9089943272727272
0.9016587636363637
0.9103348363636363
0.8978978909090909
0.8991639272727273
0.899648
0.9038557090909091
0.8971904
0.8973021090909091
0.8926848
0.8985681454545454
0.8989405090909091
0.8984192
0.9005789090909091
0.8992756363636364
0.9040046545454545
0.8988288
0.9006906181818182
0.8955892363636364
0.8990894545454545
0.9010257454545455
0.8975255272727273
0.8961105454545455
0.8922007272727273
0.9010257454545455
0.8904133818181819
0.9006533818181818
0.8955892363636364
0.9008023272727272
0.8999831272727272
0.8997224727272727
0.8911581090909091
0.9043770181818181
0.9009512727272727
0.896259490909091
0.8939136
0.8996107636363636
0.9067973818181818
0.9025896727272728
0.9090688
0.9063505454545454
0.9026641454545454
0.9002437818181818
0.9038557090909091
0.9019938909090909
0.9038184727272728
0.8996107636363636
0.8951796363636364
0.9074676363636364
0.8983819636363637
0.9020311272727273
0.9042653090909091
0.9075048727272728
0.8959616
0.8984192
0.9040791272727273
0.9020311272727273
0.9043397818181819
0.9044514909090909
0.9012119272727273
0.9022173090909091
0.8938391272727273
0.9004299636363636
0.8903389090909091
0.8973765818181818
0.8903016727272727
0.8923124363636363
0.9014725818181818
0.8959616
0.8920890181818182
0.8986798545454545
0.8990894545454545
0.8958871272727272
0.8965201454545455
0.895552
0.903036509090909
0.8961105454545455
0.896259490909091
0.8946583272727273
0.8988288
0.8961477818181818
0.8952913454545455
0.8993873454545455
0.8931316363636363
0.8975255272727273
0.8987543272727273
0.8959616
0.8949562181818181
0.9015470545454546
0.8993128727272727
0.8996852363636364
0.9008395636363636
0.9008768
0.8975627636363637
0.8933178181818182
0.8995735272727273
0.900355490909091
0.9019938909090909
0.8971904
0.8974882909090909
0.8984564363636364
0.8991266909090909
0.9047493818181818
0.8967435636363636
0.8957009454545455
0.8977117090909091
0.8924241454545454
0.9013236363636363
0.8951051636363636
0.9998408704
0.9995164858181819
0.8755188363636364
0.8696354909090909
0.8696727272727273
0.8682949818181818
0.8688535272727272
0.8702312727272727
0.8665448727272728
0.8681460363636364
0.8599912727272727
0.8611456
0.8614062545454545
0.8620392727272728
0.8618158545454545
0.8609966545454546
0.8612573090909091
0.8565655272727273
0.8615179636363637
0.8618903272727273
0.8615552
0.8592093090909091
0.8590976
0.8601029818181818
0.8570496
0.8555229090909091
0.8570123636363637
0.8553367272727272
0.8561931636363637
0.8557463272727273
0.8580922181818181
0.8587624727272727
0.854480290909091
0.8637893818181818
0.8631936
0.8586507636363636
0.8536238545454545
0.8558208
0.8593582545454546
0.857570909090909
0.8595816727272727
0.8605498181818182
0.8577198545454545
0.8547781818181818
0.8581294545454545
0.8578315636363636
0.8620020363636364
0.8552994909090909
0.8605498181818182
0.8612573090909091
0.8614062545454545
0.8592093090909091
0.8527674181818182
0.8547409454545455
0.8564165818181818
0.8583528727272727
0.8549643636363636
0.8580549818181818
0.8572357818181818
0.8594699636363636
0.8583901090909091
0.8552622545454546
0.8518737454545454
0.8581294545454545
0.8582411636363636
0.8568261818181818
0.8606242909090909
0.8583528727272727
0.8536610909090909
0.8571985454545454
0.8522088727272727
0.8555973818181818
0.8529908363636364
0.8541824
0.8547409454545455
0.8567517090909091
0.857161309090909
0.8575336727272728
0.8558580363636363
0.8579060363636364
0.8594699636363636
0.8560069818181818
0.8584273454545455
0.8571240727272728
0.8577570909090909
0.8602519272727273
0.8552622545454546
0.8565655272727273
0.8597678545454546
0.8550388363636363
0.8580549818181818
0.8592465454545455
0.8586507636363636
0.8558208
0.859805090909091
0.8609594181818182
0.8608849454545454
0.8620020363636364
0.8604381090909091
0.8529908363636364
0.859805090909091
0.8603636363636363
0.8559325090909091
0.8563048727272727
0.8584645818181819
0.8602519272727273
0.8564538181818182
0.8598795636363636
0.8539589818181819
0.8577943272727273
0.8589486545454545
0.8583156363636364
0.8574219636363636
0.8573474909090909
0.8558580363636363
0.8597678545454546
0.862076509090909
0.8614434909090909
0.8606987636363637
0.8564165818181818
0.9994415104
0.9994922821818182
0.8984564363636364
0.8984564363636364
0.8984564363636364
0.8984564363636364
0.8984564363636364
0.8984564363636364
0.8984564363636364
0.8984564363636364
0.8984564363636364
0.8984564363636364
0.8984564363636364
0.8984564363636364
0.8984564363636364
0.8984564363636364
0.8984564363636364
0.8984564363636364
0.8984564363636364
0.8984564363636364
0.8984564363636364
0.8984564363636364
0.8984564363636364
0.8984564363636364
0.8984564363636364
0.8984564363636364
0.8984564363636364
0.8984564363636364
0.8984564363636364
0.8984564363636364
0.8984564363636364
0.8984564363636364
0.8984564363636364
0.8984564363636364
0.8984564363636364
0.8984564363636364
0.8984564363636364
0.8984564363636364
0.8984564363636364
0.8984564363636364
0.8984564363636364
0.8984564363636364
0.8984564363636364
0.8984564363636364
0.8984564363636364
0.8984564363636364
0.8984564363636364
0.8984564363636364
0.8984564363636364
0.8984564363636364
0.8984564363636364
0.8984564363636364
0.8984564363636364
0.8984564363636364
0.8984564363636364
0.8984564363636364
0.8984564363636364
0.8984564363636364
0.8984564363636364
0.8984564363636364
0.8984564363636364
0.8984564363636364
0.8984564363636364
0.8984564363636364
0.8984564363636364
0.8984564363636364
0.8984564363636364
0.8984564363636364
0.8984564363636364
0.8984564363636364
0.8984564363636364
0.8984564363636364
0.8984564363636364
0.8984564363636364
0.8984564363636364
0.8984564363636364
0.8984564363636364
0.8984564363636364
0.8984564363636364
0.8984564363636364
0.8984564363636364
0.8984564363636364
0.8984564363636364
0.8984564363636364
0.8984564363636364
0.8984564363636364
0.8984564363636364
0.8984564363636364
0.8984564363636364
0.8984564363636364
0.8984564363636364
0.8984564363636364
0.8984564363636364
0.8984564363636364
0.8984564363636364
0.8984564363636364
0.8984564363636364
0.8984564363636364
0.8984564363636364
0.8984564363636364
0.8984564363636364
0.8984564363636364
0.8984564363636364
0.8984564363636364
0.8984564363636364
0.8984564363636364
0.8984564363636364
0.8984564363636364
0.8984564363636364
0.8984564363636364
0.8984564363636364
0.8984564363636364
0.8984564363636364
0.8984564363636364
0.8984564363636364
0.8984564363636364
0.8984564363636364
0.8984564363636364
0.8984564363636364
0.8984564363636364
0.996587008
0.9969021207272727
0.37967941818181816
0.37967941818181816
0.37967941818181816
0.37818996363636365
0.3792325818181818
0.3792325818181818
0.3792325818181818
0.3792325818181818
0.3792325818181818
0.3792325818181818
0.37818996363636365
0.3785250909090909
0.3785250909090909
0.3785250909090909
0.3785250909090909
0.37766865454545456
0.37744523636363636
0.3784878545454545
0.37673774545454547
0.3767749818181818
0.37502487272727275
0.37193425454545453
0.3723810909090909
0.3723066181818182
0.3704075636363636
0.3704075636363636
0.3704075636363636
0.36936494545454546
0.37025861818181816
0.37025861818181816
0.37025861818181816
0.37025861818181816
0.37025861818181816
0.3702213818181818
0.3702213818181818
0.3702213818181818
0.36917876363636365
0.36917876363636365
0.3702213818181818
0.3702213818181818
0.3702213818181818
0.3702213818181818
0.3702213818181818
0.3702213818181818
0.3691042909090909
0.3700352
0.36977454545454547
0.36977454545454547
0.36977454545454547
0.36977454545454547
0.36977454545454547
0.36977454545454547
0.36973730909090907
0.3693277090909091
0.36895534545454545
0.36895534545454545
0.3679127272727273
0.36895534545454545
0.3679127272727273
0.3679127272727273
0.36895534545454545
0.36895534545454545
0.36783825454545455
0.36821061818181816
0.36821061818181816
0.36821061818181816
0.3681733818181818
0.3681361454545454
0.36709352727272726
0.36709352727272726
0.3681361454545454
0.3672052363636364
0.3672052363636364
0.3672052363636364
0.3672052363636364
0.3664232727272727
0.36616261818181817
0.3672052363636364
0.3672052363636364
0.3672052363636364
0.3668328727272727
0.3668328727272727
0.3668328727272727
0.3668328727272727
0.3668328727272727
0.3661253818181818
0.3661253818181818
0.36508276363636366
0.3661253818181818
0.36579025454545455
0.36579025454545455
0.36579025454545455
0.3647476363636364
0.36575301818181816
0.36575301818181816
0.36575301818181816
0.36575301818181816
0.36407738181818183
0.36407738181818183
0.36407738181818183
0.36407738181818183
0.36407738181818183
0.3632581818181818
0.3632581818181818
0.36221556363636365
0.36221556363636365
0.36296029090909093
0.36296029090909093
0.36296029090909093
0.36296029090909093
0.36296029090909093
0.36296029090909093
0.36296029090909093
0.36296029090909093
0.36296029090909093
0.36296029090909093
0.3621038545454546
0.3621038545454546
0.994049536
0.99459328
0.4589370181818182
0.4584157090909091
0.4584157090909091
0.4584157090909091
0.4585088
0.4589370181818182
0.4589370181818182
0.4589370181818182
0.4584157090909091
0.4586018909090909
0.4586018909090909
0.45808058181818184
0.45808058181818184
0.4581922909090909
0.45806196363636364
0.4579874909090909
0.4585088
0.45781992727272725
0.4581922909090909
0.45767098181818183
0.45781992727272725
0.4581922909090909
0.4581736727272727
0.45772683636363637
0.45787578181818184
0.4581736727272727
0.4581736727272727
0.45765236363636363
0.45772683636363637
0.45765236363636363
0.4581736727272727
0.4576151272727273
0.4576896
0.4576151272727273
0.4581364363636364
0.4581178181818182
0.4575965090909091
0.4581178181818182
0.4581178181818182
0.4581178181818182
0.4581178181818182
0.4581178181818182
0.4581178181818182
0.45754065454545456
0.4577640727272727
0.4577640727272727
0.4572427636363636
0.4572427636363636
0.45774545454545457
0.45774545454545457
0.4572241454545454
0.4572241454545454
0.4567959272727273
0.4566283636363636
0.45670283636363634
0.4566283636363636
0.45714967272727275
0.45711243636363635
0.45711243636363635
0.45711243636363635
0.45659112727272727
0.45709381818181816
0.45709381818181816
0.4565725090909091
0.45670283636363634
0.45633047272727273
0.45601396363636365
0.45655389090909093
0.4560325818181818
0.45655389090909093
0.45562298181818184
0.4558464
0.45616290909090906
0.45616290909090906
0.4556416
0.4561442909090909
0.4561442909090909
0.45579054545454545
0.45579054545454545
0.4551202909090909
0.45521338181818183
0.45469207272727274
0.45469207272727274
0.4545989818181818
0.4545989818181818
0.45374254545454545
0.45374254545454545
0.4538170181818182
0.4540962909090909
0.45372392727272726
0.4540962909090909
0.45357498181818184
0.45392872727272726
0.45357498181818184
0.4540962909090909
0.4540962909090909
0.45322123636363637
0.4534818909090909
0.4540032
0.4534818909090909
0.4540032
0.4534074181818182
0.4534074181818182
0.4528861090909091
0.4534074181818182
0.4526999272727273
0.4526999272727273
0.4526999272727273
0.4522530909090909
0.4514525090909091
0.45130356363636365
0.45184349090909093
0.45132218181818184
0.45184349090909093
0.45184349090909093
0.4513966545454545
0.45132218181818184
0.4513966545454545
0.996425216
0.9967459141818181
0.3472837818181818
0.3474327272727273
0.34773061818181816
0.3469114181818182
0.3470976
0.3476189090909091
0.3465762909090909
0.3476189090909091
0.3467252363636364
0.3472093090909091
0.3465762909090909
0.3468741818181818
0.34717207272727274
0.34754443636363636
0.34679970909090907
0.3465018181818182
0.34754443636363636
0.34434210909090907
0.3439325090909091
0.34400698181818185
0.3444538181818182
0.3429643636363636
0.34344843636363637
0.3428898909090909
0.3449751272727273
0.3439325090909091
0.3442676363636364
0.34337396363636363
0.3440814545454545
0.34378356363636364
0.34396974545454545
0.3448261818181818
0.34378356363636364
0.3441186909090909
0.34322501818181816
0.3441186909090909
0.34322501818181816
0.34322501818181816
0.34233134545454547
0.3428898909090909
0.3431133090909091
0.3429643636363636
0.3429643636363636
0.3421824
0.34225687272727273
0.34225687272727273
0.3425547636363636
0.34248029090909093
0.3427781818181818
0.34307607272727275
0.34233134545454547
0.34225687272727273
0.3432994909090909
0.3425547636363636
0.3424058181818182
0.34221963636363634
0.3428898909090909
0.34221963636363634
0.34132596363636364
0.3404695272727273
0.34203345454545453
0.34113978181818183
0.34132596363636364
0.3395758545454545
0.3390173090909091
0.33968756363636365
0.3397992727272727
0.3399482181818182
0.33812363636363635
0.3380491636363636
0.33894283636363637
0.3387938909090909
0.33983650909090907
0.33916625454545457
0.33946414545454545
0.3397620363636364
0.3397992727272727
0.3391290181818182
0.3389056
0.3392034909090909
0.33875665454545456
0.3394269090909091
0.3397620363636364
0.33886836363636363
0.33916625454545457
0.3386821818181818
0.3377885090909091
0.33763956363636366
0.3397620363636364
0.3376768
0.3382353454545455
0.33965032727272726
0.33968756363636365
0.3365597090909091
0.3373044363636364
0.33875665454545456
0.33905454545454544
0.3384587636363636
0.33771403636363634
0.3380119272727273
0.33830981818181816
0.3375650909090909
0.3378629818181818
0.338496
0.338496
0.3367458909090909
0.3358522181818182
0.3377885090909091
0.3358522181818182
0.3367458909090909
0.33719272727272726
0.3368948363636364
0.3368948363636364
0.3377885090909091
0.3368948363636364
0.33704378181818184
0.3367458909090909
0.3368948363636364
0.9967393792
0.996998562909091
0.3997498181818182
0.3983720727272727
0.3993029818181818
0.3993029818181818
0.3993029818181818
0.3993029818181818
0.3954304
0.3972549818181818
0.39621236363636364
0.39621236363636364
0.39639854545454545
0.3953559272727273
0.39528145454545455
0.3954304
0.3952442181818182
0.3962868363636364
0.3962868363636364
0.3962868363636364
0.3940154181818182
0.3951697454545455
0.3951697454545455
0.39509527272727274
0.39509527272727274
0.39505803636363634
0.3943133090909091
0.39505803636363634
0.3931589818181818
0.3938664727272727
0.3938664727272727
0.39282385454545454
0.3929728
0.3934941090909091
0.39282385454545454
0.3938664727272727
0.3938664727272727
0.39304727272727275
0.391744
0.39207912727272726
0.3929728
0.3929728
0.3915578181818182
0.39260043636363634
0.3915578181818182
0.3914461090909091
0.39226530909090906
0.3912226909090909
0.39226530909090906
0.39226530909090906
0.39226530909090906
0.39226530909090906
0.39226530909090906
0.39226530909090906
0.39148334545454544
0.39226530909090906
0.3912226909090909
0.39166952727272725
0.39226530909090906
0.39226530909090906
0.39226530909090906
0.39226530909090906
0.3912226909090909
0.3916322909090909
0.39226530909090906
0.39226530909090906
0.39137163636363637
0.39148334545454544
0.3912226909090909
0.39137163636363637
0.3912226909090909
0.39014283636363634
0.3910365090909091
0.39014283636363634
0.39036625454545454
0.39036625454545454
0.3895842909090909
0.39036625454545454
0.39036625454545454
0.39036625454545454
0.38932363636363637
0.3893608727272727
0.38831825454545454
0.38831825454545454
0.38761076363636365
0.38757352727272726
0.3868288
0.3878341818181818
0.3869405090909091
0.38708945454545457
0.3875362909090909
0.38664261818181817
0.38649367272727275
0.3875362909090909
0.3869405090909091
0.38649367272727275
0.38649367272727275
0.3842594909090909
0.38608407272727274
0.3851904
0.38608407272727274
0.3851904
0.3850414545454545
0.3858234181818182
0.3858234181818182
0.3858234181818182
0.38496698181818184
0.38463185454545457
0.38463185454545457
0.3839243636363636
0.3830306909090909
0.3816901818181818
0.3816901818181818
0.3827328
0.3816901818181818
0.3820253090909091
0.3812805818181818
0.3814295272727273
0.38157847272727274
0.3806848
0.9995142144
0.9994386618181819
0.8738059636363636
0.8687790545454546
0.8604753454545454
0.8674013090909091
0.8693003636363636
0.8653160727272727
0.8694865454545454
0.8737314909090909
0.8658746181818182
0.8648692363636363
0.8664331636363637
0.8643851636363636
0.8637521454545455
0.8608104727272727
0.8649809454545454
0.8621509818181818
0.8677736727272727
0.8587997090909091
0.8697472
0.8671778909090909
0.8703057454545454
0.8711249454545454
0.8726888727272727
0.8697472
0.8694865454545454
0.8665448727272728
0.8671778909090909
0.8691141818181818
0.872912290909091
0.8629329454545455
0.8660608
0.8719069090909091
0.8691141818181818
0.8723537454545455
0.8729867636363636
0.8668427636363636
0.8676619636363636
0.8655767272727273
0.8684811636363636
0.8642734545454546
0.8692631272727273
0.8710504727272728
0.8670289454545455
0.8696354909090909
0.8665448727272728
0.8684811636363636
0.8631191272727273
0.8697472
0.8690024727272727
0.8703802181818182
0.8697099636363637
0.8665448727272728
0.8635659636363636
0.8700078545454546
0.8690397090909091
0.8663959272727273
0.866582109090909
0.8639383272727272
0.8647202909090909
0.8653533090909091
0.8651671272727273
0.866582109090909
0.8666565818181818
0.8656884363636363
0.8682577454545455
0.8720558545454545
0.8697844363636363
0.8707898181818182
0.8723909818181819
0.8671778909090909
0.8693003636363636
0.8666193454545454
0.8701195636363637
0.8679970909090909
0.8689652363636363
0.8687418181818182
0.8680715636363636
0.8722048
0.8658373818181818
0.8645713454545455
0.8654650181818182
0.8710504727272728
0.8649437090909091
0.8703802181818182
0.8676992
0.8720186181818181
0.8679226181818182
0.8658373818181818
0.8647202909090909
0.8674013090909091
0.8674013090909091
0.8690024727272727
0.8695237818181818
0.868928
0.8666938181818182
0.8618903272727273
0.8650181818181818
0.8650554181818182
0.868816290909091
0.8656139636363637
0.8649437090909091
0.8704919272727273
0.8657256727272727
0.8680343272727272
0.8672523636363636
0.8677736727272727
0.8649809454545454
0.8685928727272727
0.8660980363636364
0.8677364363636364
0.8670661818181818
0.8651671272727273
0.8653905454545454
0.8681088
0.8690024727272727
0.8674385454545455
0.8707153454545454
0.8660980363636364
0.9990421504
0.9991292276363636
0.8258455272727273
0.8258455272727273
0.8258455272727273
0.8258455272727273
0.8258455272727273
0.8258455272727273
0.8258455272727273
0.8258455272727273
0.8258455272727273
0.8258455272727273
0.8258455272727273
0.8258455272727273
0.8258455272727273
0.8258455272727273
0.8258455272727273
0.8258455272727273
0.8258455272727273
0.8258455272727273
0.8258455272727273
0.8258455272727273
0.8258455272727273
0.8258455272727273
0.8258455272727273
0.8258455272727273
0.8258455272727273
0.8258455272727273
0.8258455272727273
0.8258455272727273
0.8258455272727273
0.8258455272727273
0.8258455272727273
0.8258455272727273
0.8258455272727273
0.8258455272727273
0.8258455272727273
0.8258455272727273
0.8258455272727273
0.8258455272727273
0.8258455272727273
0.8258455272727273
0.8258455272727273
0.8258455272727273
0.8258455272727273
0.8258455272727273
0.8258455272727273
0.8258455272727273
0.8258455272727273
0.8258455272727273
0.8258455272727273
0.8258455272727273
0.8258455272727273
0.8258455272727273
0.8258455272727273
0.8258455272727273
0.8258455272727273
0.8258455272727273
0.8258455272727273
0.8258455272727273
0.8258455272727273
0.8258455272727273
0.8258455272727273
0.8258455272727273
0.8258455272727273
0.8258455272727273
0.8258455272727273
0.8258455272727273
0.8258455272727273
0.8258455272727273
0.8258455272727273
0.8258455272727273
0.8258455272727273
0.8258455272727273
0.8258455272727273
0.8258455272727273
0.8258455272727273
0.8258455272727273
0.8258455272727273
0.8258455272727273
0.8258455272727273
0.8258455272727273
0.8258455272727273
0.8258455272727273
0.8258455272727273
0.8258455272727273
0.8258455272727273
0.8258455272727273
0.8258455272727273
0.8258455272727273
0.8258455272727273
0.8258455272727273
0.8258455272727273
0.8258455272727273
0.8258455272727273
0.8258455272727273
0.8258455272727273
0.8258455272727273
0.8258455272727273
0.8258455272727273
0.8258455272727273
0.8258455272727273
0.8258455272727273
0.8258455272727273
0.8258455272727273
0.8258455272727273
0.8258455272727273
0.8258455272727273
0.8258455272727273
0.8258455272727273
0.8258455272727273
0.8258455272727273
0.8258455272727273
0.8258455272727273
0.8258455272727273
0.8258455272727273
0.8258455272727273
0.8258455272727273
0.8258455272727273
0.8258455272727273
0.9968772096
0.9971333585454546
0.4138624
0.41311767272727273
0.4087610181818182
0.4100642909090909
0.4107717818181818
0.40838865454545453
0.4008669090909091
0.3979997090909091
0.39658472727272726
0.39598894545454544
0.39148334545454544
0.39055243636363635
0.3888768
0.38716392727272725
0.38869061818181816
0.3837754181818182
0.3820997818181818
0.38340305454545454
0.3820253090909091
0.3749504
0.3743546181818182
0.3732375272727273
0.37234385454545454
0.37275345454545455
0.36970007272727273
0.3702213818181818
0.3685085090909091
0.3678754909090909
0.3667956363636364
0.36504552727272727
0.3630347636363636
0.3636677818181818
0.3621410909090909
0.3602420363636364
0.3593111272727273
0.3574120727272727
0.35767272727272725
0.35488
0.35409803636363635
0.35450763636363636
0.3523106909090909
0.35018821818181817
0.34940625454545454
0.34869876363636365
0.3487732363636364
0.33793745454545454
0.33752785454545453
0.33894283636363637
0.3368576
0.33291054545454546
0.33332014545454547
0.3333573818181818
0.33022952727272725
0.33008058181818184
0.32836770909090907
0.3263941818181818
0.3254260363636364
0.3254260363636364
0.31991505454545455
0.3179415272727273
0.31600523636363637
0.3149626181818182
0.3119464727272727
0.3098984727272727
0.3110155636363636
0.30922821818181817
0.30807389090909093
0.30729192727272725
0.3053184
0.3039778909090909
0.3029352727272727
0.29344
0.2935517090909091
0.2923229090909091
0.29247185454545455
0.28878545454545457
0.28826414545454543
0.2850245818181818
0.28625338181818183
0.2861416727272727
0.28048174545454546
0.2782848
0.27824756363636366
0.27835927272727273
0.27314618181818184
0.27240145454545456
0.2709864727272727
0.26748625454545455
0.2682682181818182
0.2638370909090909
0.2636509090909091
0.26111883636363636
0.25977832727272726
0.2551610181818182
0.2530757818181818
0.2518469818181818
0.24965003636363636
0.24063883636363637
0.23661730909090908
0.2348672
0.23464378181818182
0.22998923636363636
0.22578152727272727
0.22797847272727273
0.22589323636363637
0.22082909090909092
0.22090356363636363
0.21822254545454545
0.21677032727272727
0.21535534545454546
0.21122210909090908
0.20671650909090908
0.20638138181818183
0.20522705454545453
0.20563665454545454
0.20407272727272727
0.20124276363636365
0.2008704
0.9968774144
0.9967209658181818
0.34315054545454543
0.3428898909090909
0.3429271272727273
0.3427409454545455
0.3428898909090909
0.34192174545454546
0.3408791272727273
0.34110254545454544
0.33886836363636363
0.3378629818181818
0.33533090909090907
0.33413934545454543
0.33417658181818183
0.3329850181818182
0.3269527272727273
0.32892625454545454
0.3264314181818182
0.32401105454545454
0.32278225454545456
0.3075898181818182
0.30714298181818184
0.3053184
0.30263738181818184
0.29861585454545453
0.29675403636363634
0.2942592
0.2938496
0.2897536
0.28398196363636363
0.28282763636363634
0.28171054545454544
0.2798114909090909
0.27482181818181817
0.27158225454545454
0.27128436363636366
0.26808203636363637
0.2628689454545455
0.26204974545454546
0.25847505454545455
0.2566504727272727
0.2548258909090909
0.2500224
0.24901701818181818
0.24693178181818182
0.2449954909090909
0.20921134545454545
0.20682821818181818
0.20492916363636363
0.20295563636363637
0.1984128
0.19845003636363637
0.19521047272727274
0.1963648
0.1940189090909091
0.18921541818181817
0.18679505454545456
0.1854173090909091
0.18299694545454545
0.1791616
0.17569861818181817
0.17573585454545454
0.1721984
0.16895883636363637
0.16698530909090908
0.16601716363636362
0.1643042909090909
0.16229352727272728
0.15741556363636364
0.156224
0.1548834909090909
0.1520162909090909
0.10643898181818182
0.10640174545454545
0.10372072727272727
0.10022050909090909
0.09757672727272727
0.09470952727272727
0.09281047272727273
0.09083694545454546
0.5430353454545455
0.5416576
0.5422347636363636
0.5408384
0.5400750545454546
0.5381573818181818
0.5369472
0.5365376
0.5360535272727273
0.5324416
0.5327022545454545
0.5317713454545454
0.5300398545454545
0.5293696
0.5275450181818182
0.5273774545454546
0.5251805090909091
0.5245288727272728
0.5020939636363636
0.5016285090909091
0.5018146909090909
0.5004928
0.4983703272727273
0.49717876363636365
0.4965271272727273
0.49509352727272726
0.4923566545454545
0.4927848727272727
0.4915746909090909
0.4903458909090909
0.4892101818181818
0.4880930909090909
0.4874786909090909
0.48546792727272725
0.48569134545454545
0.4851328
0.4842949818181818
0.4831034181818182
0.48157672727272727
0.9968518144
0.997093888
0.4093195636363636
0.40879825454545454
0.40991534545454544
0.4053725090909091
0.4062661818181818
0.40600552727272726
0.39937745454545454
0.39360581818181817
0.3920046545454545
0.3910365090909091
0.3904407272727273
0.3899194181818182
0.38757352727272726
0.3870522181818182
0.38667985454545456
0.3850042181818182
0.3829189818181818
0.37908363636363634
0.37643985454545453
0.37759418181818183
0.36724247272727273
0.3704075636363636
0.3663488
0.3679499636363636
0.3664605090909091
0.36374225454545456
0.36281134545454546
0.3622900363636364
0.36165701818181817
0.35811956363636366
0.3574493090909091
0.3590877090909091
0.35808232727272726
0.3567045818181818
0.35595985454545453
0.3542097454545455
0.3544331636363636
0.3510446545454545
0.34717207272727274
0.3484381090909091
0.34773061818181816
0.34456552727272727
0.34326225454545456
0.34117701818181817
0.3403205818181818
0.34262923636363635
0.33443723636363637
0.3334690909090909
0.33138385454545455
0.33209134545454544
0.32818152727272726
0.3267665454545455
0.3256866909090909
0.3269527272727273
0.3258728727272727
0.3211066181818182
0.32051083636363636
0.3189096727272727
0.3174946909090909
0.31015912727272726
0.3104197818181818
0.31053149090909093
0.3084834909090909
0.3053928727272727
0.30416407272727275
0.3012224
0.30356829090909093
0.3015202909090909
0.29790836363636364
0.29604654545454545
0.29626996363636365
0.29530181818181817
0.28528523636363634
0.2865512727272727
0.2841309090909091
0.28308829090909093
0.28215738181818184
0.28100305454545454
0.28007214545454545
0.2789922909090909
0.2778752
0.2758272
0.27478458181818183
0.27269934545454544
0.2694970181818182
0.2690501818181818
0.2689384727272727
0.2679330909090909
0.26685323636363634
0.26573614545454544
0.2626455272727273
0.2614912
0.2595176727272727
0.25843781818181816
0.2572090181818182
0.2538949818181818
0.25378327272727275
0.2523682909090909
0.24376669090909092
0.24134632727272728
0.24063883636363637
0.23792058181818182
0.23661730909090908
0.2333405090909091
0.23196276363636364
0.2304733090909091
0.23136698181818183
0.22581876363636363
0.22537192727272728
0.22302603636363635
0.22056843636363635
0.22008436363636363
0.21706821818181818
0.21818530909090908
0.21598836363636364
0.21431272727272727
0.2146850909090909
0.21230196363636364
