1339797504	1388634112
1246351360	1388634112
1282772992	1388634112
1283678208	1388634112
1283825664	1388634112
1293066240	1388634112
1309011968	1388634112
1308991488	1388634112
1308991488	1388634112
1316827136	1388634112
1335263232	1388634112
1356161024	1388634112
1359040512	1388634112
1322897408	1388634112
1239740416	1388634112
1239740416	1388634112
1239740416	1292316672
1239740416	1292316672
1239740416	1292316672
1239740416	1292316672
1262272512	1292316672
1290915840	1292316672
1292292096	1292316672
1293955072	1312796672
1303609344	1312796672
1303638016	1312796672
1303638016	1312796672
1303642112	1312796672
1308446720	1312796672
1367830528	1394716672
1418240000	1435676672
1423589376	1435676672
1380716544	1435676672
1317703680	1435676672
1356771328	1435676672
1358692352	1435676672
1366839296	1435676672
1384009728	1435676672
1391525888	1435676672
1400008704	1435676672
1413099520	1435676672
1314881536	1435676672
1314729984	1435676672
1314729984	1435676672
1314729984	1435676672
1314729984	1435676672
1314729984	1435676672
1314729984	1435676672
1314729984	1435676672
1314729984	1435676672
1314729984	1435676672
1314729984	1435676672
1314729984	1435676672
1314729984	1435676672
1314729984	1435676672
1314729984	1435676672
1314729984	1435676672
1314729984	1435676672
1314729984	1435676672
1314729984	1435676672
1314729984	1435676672
1314729984	1435676672
1314729984	1435676672
1314729984	1435676672
1314729984	1435676672
1314729984	1435676672
1314729984	1367158784
1314729984	1367158784
1314729984	1367158784
1314729984	1367158784
1314729984	1367158784
1314729984	1367158784
1314729984	1367158784
1314729984	1367158784
1314729984	1367158784
1314729984	1367158784
1314729984	1367158784
1314729984	1367158784
1314729984	1367158784
1314729984	1367158784
1333276672	1367158784
1367154688	1367158784
1365614592	1367158784
1365827584	1367158784
1365962752	1367158784
1367138304	1367158784
1366863872	1367158784
1370320896	1387638784
1385005056	1387638784
1460314112	1469558784
1554059264	1571958784
1515266048	1571958784
1456824320	1556815872
1491968000	1556815872
1493946368	1556815872
1494044672	1556815872
1503211520	1556815872
1511870464	1556815872
1526685696	1556815872
1545674752	1556815872
1449947136	1556815872
1449947136	1556815872
1449947136	1556815872
1449947136	1556815872
1449947136	1556815872
1449947136	1556815872
1449947136	1556815872
1449947136	1556815872
1449947136	1556815872
1449947136	1556815872
1449947136	1556815872
1449947136	1556815872
1449947136	1556815872
1449947136	1556815872
1449947136	1556815872
1449947136	1556815872
1449947136	1556815872
1449947136	1502375936
1449947136	1502375936
1449947136	1502375936
1449947136	1502375936
1449947136	1502375936
1449947136	1502375936
1449947136	1502375936
1449947136	1502375936
1449947136	1502375936
1449947136	1502375936
1449947136	1502375936
1449947136	1502375936
1449947136	1502375936
1449947136	1502375936
1449947136	1502375936
1449947136	1502375936
1449947136	1502375936
1449947136	1502375936
1449947136	1502375936
1449947136	1502375936
1449947136	1502375936
1449947136	1502375936
1449947136	1502375936
1484296192	1502375936
1501065216	1502375936
1501196288	1502375936
1502224384	1502375936
1502285824	1502375936
1512218624	1522855936
1517285376	1522855936
1541754880	1543335936
1555009536	1563815936
1534013440	1563815936
1455869952	1563815936
1455869952	1563815936
1455869952	1563815936
1455869952	1563815936
1455869952	1563815936
1471459328	1563815936
1509564416	1563815936
1510891520	1563815936
1511575552	1563815936
1511673856	1563815936
1511800832	1563815936
1518321664	1563815936
1536356352	1563815936
1552711680	1563815936
1558069248	1563815936
1651310592	1666215936
1654206464	1666215936
1533652992	1666215936
1533464576	1666215936
1533456384	1666215936
1533456384	1666215936
1533456384	1666215936
1533456384	1666215936
1533456384	1666215936
1533456384	1666215936
1533456384	1666215936
1533456384	1666215936
1533456384	1666215936
1533456384	1585885184
1533456384	1585885184
1533456384	1585885184
1533456384	1585885184
1533456384	1585885184
1533456384	1585885184
1533456384	1585885184
1533456384	1585885184
1533456384	1585885184
1533456384	1585885184
1533456384	1585885184
1533456384	1585885184
1533456384	1585885184
1533456384	1585885184
1533456384	1585885184
1533456384	1585885184
1533456384	1585885184
1533456384	1585885184
1533456384	1585885184
1533456384	1585885184
1533456384	1585885184
1533456384	1585885184
1548664832	1585885184
1586769920	1606365184
1588224000	1606365184
1588895744	1606365184
1589100544	1606365184
1589231616	1606365184
1589231616	1606365184
1597583360	1606365184
1607901184	1626845184
1657745408	1667805184
1660743680	1667805184
1754763264	1770205184
1712406528	1770205184
1636659200	1770205184
1636659200	1770205184
1655398400	1770205184
1690435584	1770205184
1692258304	1770205184
1692651520	1770205184
1693982720	1770205184
1701797888	1770205184
1718063104	1770205184
1733824512	1770205184
1745981440	1770205184
1773490176	1790685184
1776381952	1790685184
1737560064	1790685184
1655648256	1790685184
1655648256	1790685184
1655648256	1790685184
1655648256	1790685184
1655648256	1708077056
1655648256	1708077056
1655648256	1708077056
1655648256	1708077056
1655640064	1708077056
1655640064	1708077056
1655640064	1708077056
1655640064	1708077056
1655640064	1708077056
1655640064	1708077056
1655640064	1708077056
1655640064	1708077056
1655640064	1708077056
1655640064	1708077056
1655640064	1708077056
1655640064	1708077056
1655640064	1708077056
1655640064	1708077056
1655640064	1708077056
1655640064	1708077056
1655640064	1708077056
1655640064	1708077056
1655640064	1708077056
1655640064	1708077056
1655640064	1708077056
1655640064	1708077056
1655640064	1708077056
1655640064	1708077056
1655640064	1708068864
1655640064	1708068864
1655640064	1708068864
1655640064	1708068864
1655640064	1708068864
1655640064	1708068864
1655640064	1708068864
1655640064	1708068864
1655640064	1708068864
1655640064	1708068864
1655640064	1708068864
1655640064	1708068864
1655640064	1708068864
1655640064	1708068864
1655640064	1708068864
1655640064	1708068864
1655640064	1708068864
1655640064	1708068864
1655640064	1708068864
1655640064	1708068864
1655640064	1708068864
1655640064	1708068864
1655640064	1708068864
1655640064	1708068864
1655640064	1708068864
1655640064	1708068864
1655640064	1708068864
1655640064	1708068864
1655640064	1708068864
1655640064	1708068864
1655640064	1708068864
1655640064	1708068864
1655640064	1708068864
1655640064	1708068864
1655640064	1708068864
1655640064	1708068864
1655640064	1708068864
1655640064	1708068864
1655640064	1708068864
1655640064	1708068864
1655640064	1708068864
