456749056.0	501049000.0
456749056.0	501049000.0
456749056.0	501049000.0
456753152.0	501049000.0
456753152.0	501049000.0
456753152.0	501049000.0
456753152.0	501049000.0
456753152.0	501049000.0
456753152.0	501049000.0
456753152.0	501049000.0
456753152.0	501049000.0
456753152.0	501049000.0
456740864.0	501049000.0
456740864.0	501049000.0
456740864.0	501049000.0
456740864.0	501049000.0
456740864.0	501049000.0
456740864.0	501049000.0
456740864.0	501049000.0
456740864.0	501049000.0
456740864.0	501049000.0
459612160.0	501049000.0
458915840.0	501049000.0
460636160.0	501049000.0
466903040.0	501049000.0
467136512.0	501049000.0
467628032.0	501049000.0
467628032.0	501049000.0
467628032.0	501049000.0
467628032.0	501049000.0
467628032.0	501049000.0
467632128.0	501049000.0
467632128.0	501049000.0
467632128.0	501049000.0
467632128.0	501049000.0
467677184.0	501049000.0
467677184.0	501049000.0
467677184.0	501049000.0
467677184.0	501049000.0
467746816.0	501049000.0
468074496.0	501049000.0
468934656.0	501049000.0
468795392.0	501049000.0
468561920.0	501049000.0
468561920.0	501049000.0
468561920.0	501049000.0
468561920.0	501049000.0
468566016.0	501049000.0
470675456.0	501049000.0
470196224.0	501049000.0
470720512.0	501049000.0
470904832.0	501049000.0
471212032.0	501049000.0
470745088.0	501049000.0
472563712.0	501049000.0
471658496.0	501049000.0
471814144.0	501049000.0
473006080.0	501049000.0
474730496.0	501049000.0
488304640.0	501049000.0
491032576.0	501049000.0
492187648.0	563549000.0
495058944.0	563549000.0
495042560.0	563549000.0
495763456.0	563549000.0
496308224.0	563549000.0
495169536.0	563549000.0
496898048.0	563549000.0
496738304.0	563549000.0
497266688.0	563549000.0
493264896.0	563549000.0
493264896.0	563549000.0
493264896.0	563549000.0
493162496.0	563549000.0
493162496.0	563549000.0
494415872.0	563549000.0
494030848.0	563549000.0
525328384.0	563549000.0
525242368.0	563549000.0
525516800.0	563549000.0
509550592.0	563549000.0
509304832.0	563549000.0
509472768.0	563549000.0
509915136.0	563549000.0
509898752.0	563549000.0
507912192.0	563549000.0
507949056.0	563549000.0
507908096.0	563549000.0
507969536.0	563549000.0
508047360.0	563549000.0
508190720.0	563549000.0
508198912.0	563549000.0
508669952.0	563549000.0
508411904.0	563549000.0
508420096.0	563549000.0
508420096.0	563549000.0
509652992.0	563549000.0
509485056.0	563549000.0
509444096.0	563549000.0
509317120.0	563549000.0
509382656.0	563549000.0
509386752.0	563549000.0
509259776.0	563549000.0
509259776.0	563549000.0
509259776.0	563549000.0
509259776.0	563549000.0
509259776.0	563549000.0
509259776.0	563549000.0
509259776.0	563549000.0
509259776.0	563549000.0
509259776.0	563549000.0
509259776.0	563549000.0
509259776.0	563549000.0
509259776.0	563549000.0
509259776.0	563549000.0
509259776.0	563549000.0
509259776.0	563549000.0
509259776.0	563549000.0
509259776.0	563549000.0
509259776.0	563549000.0
509259776.0	563549000.0
509259776.0	563549000.0
509259776.0	563549000.0
509259776.0	563549000.0
509259776.0	563549000.0
509259776.0	563549000.0
509259776.0	563549000.0
509259776.0	563549000.0
509259776.0	563549000.0
509628416.0	563549000.0
510939136.0	563549000.0
510619648.0	563549000.0
510009344.0	563549000.0
510009344.0	563549000.0
509882368.0	563549000.0
509882368.0	563549000.0
509882368.0	563549000.0
509906944.0	563549000.0
509906944.0	563549000.0
509906944.0	563549000.0
510300160.0	563549000.0
510251008.0	563549000.0
510242816.0	563549000.0
510242816.0	563549000.0
510242816.0	563549000.0
510242816.0	563549000.0
510517248.0	563549000.0
510390272.0	563549000.0
510390272.0	563549000.0
510263296.0	563549000.0
510263296.0	563549000.0
510263296.0	563549000.0
510263296.0	563549000.0
510263296.0	563549000.0
510263296.0	563549000.0
510263296.0	563549000.0
510263296.0	563549000.0
510263296.0	563549000.0
510263296.0	563549000.0
510263296.0	563549000.0
510398464.0	563549000.0
510271488.0	563549000.0
510271488.0	563549000.0
510271488.0	563549000.0
510402560.0	563549000.0
510550016.0	563549000.0
510423040.0	563549000.0
510423040.0	563549000.0
510304256.0	563549000.0
510304256.0	563549000.0
510304256.0	563549000.0
510304256.0	563549000.0
510304256.0	563549000.0
510304256.0	563549000.0
510304256.0	563549000.0
510304256.0	563549000.0
510304256.0	563549000.0
510304256.0	563549000.0
510304256.0	563549000.0
510304256.0	563549000.0
