384258048.0	438549000.0
384258048.0	438549000.0
384258048.0	438549000.0
384258048.0	438549000.0
384258048.0	438549000.0
384258048.0	438549000.0
384262144.0	438549000.0
384262144.0	438549000.0
384262144.0	438549000.0
384262144.0	438549000.0
384262144.0	438549000.0
384262144.0	438549000.0
384262144.0	438549000.0
384262144.0	438549000.0
384262144.0	438549000.0
384393216.0	438549000.0
384393216.0	438549000.0
384266240.0	438549000.0
384266240.0	438549000.0
384266240.0	438549000.0
384266240.0	438549000.0
384266240.0	438549000.0
384266240.0	438549000.0
384266240.0	438549000.0
384266240.0	438549000.0
384266240.0	438549000.0
384266240.0	438549000.0
384266240.0	438549000.0
384266240.0	438549000.0
384266240.0	438549000.0
384266240.0	438549000.0
384266240.0	438549000.0
384266240.0	438549000.0
384266240.0	438549000.0
384266240.0	438549000.0
385478656.0	438549000.0
386203648.0	438549000.0
388698112.0	438549000.0
391180288.0	438549000.0
390578176.0	438549000.0
390684672.0	438549000.0
390774784.0	438549000.0
390774784.0	438549000.0
390774784.0	438549000.0
390774784.0	438549000.0
390778880.0	438549000.0
390778880.0	438549000.0
390778880.0	438549000.0
390803456.0	438549000.0
397565952.0	438549000.0
396636160.0	438549000.0
396529664.0	438549000.0
398225408.0	438549000.0
397901824.0	438549000.0
398245888.0	438549000.0
399089664.0	438549000.0
404246528.0	438549000.0
405843968.0	438549000.0
406974464.0	438549000.0
407584768.0	438549000.0
409448448.0	438549000.0
409419776.0	438549000.0
409788416.0	438549000.0
410984448.0	438549000.0
412008448.0	438549000.0
411901952.0	438549000.0
411947008.0	438549000.0
413220864.0	438549000.0
413884416.0	438549000.0
415625216.0	438549000.0
414511104.0	438549000.0
414478336.0	438549000.0
414478336.0	438549000.0
414478336.0	438549000.0
414396416.0	438549000.0
414396416.0	438549000.0
414920704.0	438549000.0
416641024.0	438549000.0
416296960.0	438549000.0
418828288.0	438549000.0
418582528.0	438549000.0
418017280.0	438549000.0
417775616.0	438549000.0
417775616.0	438549000.0
417775616.0	438549000.0
417775616.0	438549000.0
417693696.0	438549000.0
417693696.0	438549000.0
417693696.0	438549000.0
417759232.0	438549000.0
417759232.0	438549000.0
418009088.0	438549000.0
418017280.0	438549000.0
418418688.0	438549000.0
418816000.0	438549000.0
419057664.0	438549000.0
418361344.0	438549000.0
418594816.0	438549000.0
420192256.0	438549000.0
421056512.0	438549000.0
420110336.0	438549000.0
419983360.0	438549000.0
419782656.0	438549000.0
419782656.0	438549000.0
419663872.0	438549000.0
419663872.0	438549000.0
419467264.0	438549000.0
419467264.0	438549000.0
419467264.0	438549000.0
419467264.0	438549000.0
419467264.0	438549000.0
419467264.0	438549000.0
419467264.0	438549000.0
419467264.0	438549000.0
419467264.0	438549000.0
419467264.0	438549000.0
419467264.0	438549000.0
419467264.0	438549000.0
419467264.0	438549000.0
419467264.0	438549000.0
419467264.0	438549000.0
419467264.0	438549000.0
419467264.0	438549000.0
419467264.0	438549000.0
419467264.0	438549000.0
419467264.0	438549000.0
419467264.0	438549000.0
419467264.0	438549000.0
419467264.0	438549000.0
419647488.0	438549000.0
419688448.0	438549000.0
419983360.0	438549000.0
419856384.0	438549000.0
419856384.0	438549000.0
419729408.0	438549000.0
419729408.0	438549000.0
419729408.0	438549000.0
420311040.0	438549000.0
420442112.0	438549000.0
420630528.0	438549000.0
420655104.0	438549000.0
420995072.0	438549000.0
420777984.0	438549000.0
420593664.0	438549000.0
420593664.0	438549000.0
420593664.0	438549000.0
420597760.0	438549000.0
420597760.0	438549000.0
420597760.0	438549000.0
420515840.0	438549000.0
420515840.0	438549000.0
420515840.0	438549000.0
420515840.0	438549000.0
420515840.0	438549000.0
420515840.0	438549000.0
420515840.0	438549000.0
420515840.0	438549000.0
420515840.0	438549000.0
420515840.0	438549000.0
421163008.0	438549000.0
421109760.0	438549000.0
421044224.0	438549000.0
421044224.0	438549000.0
420917248.0	438549000.0
420810752.0	438549000.0
420810752.0	438549000.0
420810752.0	438549000.0
420810752.0	438549000.0
422559744.0	438549000.0
