0	30000
237	30000
1327	30000
10380	43200
4657	34560
181	30000
743	30000
5	30000
10	30000
17955	30000
63080	70916
74861	70914
71210	70914
86700	90432
98798	104538
85808	83024
2152	74397
0	74397
0	74397
0	74397
0	74397
0	74397
0	74397
0	74397
0	74397
0	74397
0	74397
0	74397
0	74397
0	74397
0	74397
0	74397
0	74397
0	74397
0	74397
0	74397
0	74397
0	74397
0	74397
0	74397
0	74397
0	74397
0	74397
0	74397
0	74397
0	74397
0	74397
0	74397
0	74397
0	74397
0	74397
0	74397
0	74397
0	74397
0	74397
0	74397
0	74397
0	74397
0	74397
0	74397
0	74397
0	74397
0	74397
0	74397
0	74397
0	74397
0	74397
0	74397
0	74397
0	74397
0	74397
0	74397
0	74397
0	74397
0	74397
0	74397
0	74397
0	74397
0	74397
0	74397
0	74397
0	74397
0	74397
0	74397
0	74397
0	74397
0	74397
0	74397
0	74397
0	74397
0	74397
0	74397
0	74397
0	74397
0	74397
0	74397
0	74397
0	74397
0	74397
0	74397
0	74397
0	74397
0	74397
0	74397
0	74397
0	74397
0	74397
0	74397
0	74397
0	74397
0	74397
0	74397
0	74397
0	74397
0	74397
0	74397
0	74397
0	74397
0	74397
0	74397
0	74397
0	74397
0	74397
0	74397
0	74397
0	74397
0	74397
0	74397
0	74397
0	74397
0	74397
0	74397
0	74397
0	74397
0	74397
0	74397
7915	71517
65019	95613
6958	39162
311	30000
325	30000
1123	30000
267	30000
36	30000
2211	30000
2130	30000
4037	30000
33563	36519
48209	47619
49175	47619
49761	47619
49023	47619
48423	47619
51972	47619
64235	99123
1519	50750
0	50750
0	50750
0	50750
0	50750
0	50750
0	50750
0	50750
0	50750
0	50750
0	50750
0	50750
0	50750
0	50750
0	50750
0	50750
0	50750
0	50750
0	50750
0	50750
0	50750
0	50750
0	50750
0	50750
0	50750
0	50750
0	50750
0	50750
0	50750
0	50750
0	50750
0	50750
0	50750
0	50750
0	50750
0	50750
0	50750
0	50750
0	50750
0	50750
0	50750
0	50750
0	50750
0	50750
0	50750
0	50750
0	50750
0	50750
0	50750
0	50750
0	50750
0	50750
0	50750
0	50750
0	50750
0	50750
0	50750
0	50750
0	50750
0	50750
0	50750
0	50750
0	50750
0	50750
0	50750
0	50750
0	50750
0	50750
0	50750
0	50750
0	50750
0	50750
0	50750
0	50750
0	50750
0	50750
0	50750
0	50750
0	50750
0	50750
0	50750
0	50750
0	50750
0	50750
0	50750
0	50750
0	50750
0	50750
0	50750
0	50750
0	50750
0	50750
0	50750
0	50750
0	50750
0	50750
0	50750
0	50750
0	50750
0	50750
0	50750
0	50750
0	50750
0	50750
0	50750
0	50750
0	50750
0	50750
0	50750
0	50750
0	50750
0	50750
0	50750
0	50750
0	50750
0	50750
0	50750
0	50750
0	50750
0	50750
0	50750
0	50750
0	50750
0	50750
0	50750
0	50750
0	50750
0	50750
0	50750
0	50750
0	50750
0	50750
0	50750
0	50750
0	50750
0	50750
0	50750
0	50750
0	50750
0	50750
0	50750
0	50750
0	50750
0	50750
0	50750
