0	30000
14141	30000
130	30000
574	30000
10	30000
7248	30000
35890	38449
45830	48780
63493	49729
62766	63470
75200	74654
3810	59723
0	59723
30316	48780
48415	45916
3147	30000
272	30000
2560	30000
2052	30000
1929	30000
74781	102000
99791	102000
99196	115696
54753	56675
0	56675
0	56675
0	56675
0	56675
0	56675
0	56675
0	56675
0	56675
0	56675
0	56675
0	56675
0	56675
0	56675
0	56675
0	56675
0	56675
0	56675
0	56675
0	56675
0	56675
0	56675
0	56675
0	56675
0	56675
0	56675
0	56675
0	56675
0	56675
0	56675
0	56675
0	56675
0	56675
0	56675
0	56675
0	56675
0	56675
0	56675
0	56675
0	56675
0	56675
0	56675
0	56675
0	56675
0	56675
0	56675
0	56675
0	56675
0	56675
0	56675
30849	45340
45645	66615
773	30000
711	30000
394	30000
130	30000
277	30000
2265	30000
1804	30000
1090	30000
47011	54000
65275	81699
81901	57308
48469	47619
15195	38095
0	38095
0	38095
0	38095
0	38095
0	38095
0	38095
0	38095
0	38095
0	38095
9373	42000
68620	76727
3344	30000
914	30000
220	30000
2826	30000
7804	30000
51864	51858
48680	47619
48640	47619
47792	47619
48161	47619
48659	47619
45969	47619
48450	47619
48586	47619
17775	38095
0	38095
0	38095
0	38095
0	38095
0	38095
0	38095
0	38095
0	38095
0	38095
0	38095
0	38095
0	38095
0	38095
0	38095
0	38095
0	38095
0	38095
0	38095
0	38095
34585	63523
41145	48636
2306	30000
394	30000
1172	30000
236	30000
1495	30000
899	30000
1739	30000
750	30000
19	30000
44465	59099
59068	59099
58723	59099
59490	59098
51520	47619
50790	57339
52893	47619
51345	47619
48157	47619
48522	47619
34320	47619
43070	47618
48986	47619
12750	30000
61787	64392
53374	47619
48204	47619
48149	47619
48525	47619
45698	47619
48200	47619
47783	47619
13321	38095
0	38095
0	38095
0	38095
0	38095
0	38095
0	38095
0	38095
0	38095
0	38095
0	38095
0	38095
0	38095
0	38095
0	38095
0	38095
0	38095
0	38095
0	38095
0	38095
0	38095
0	38095
0	38095
0	38095
0	38095
0	38095
0	38095
31830	66342
43469	45155
1126	30000
1297	30000
124	30000
207	30000
1244	30000
1594	30000
18952	35000
51005	59619
61305	64619
77762	79142
79191	72585
55722	47619
50220	47619
48229	47619
48593	47619
28678	30780
41853	47619
30489	30000
33820	36519
47800	47619
49019	47619
51001	47619
48634	47619
49834	57142
56103	57141
53439	51039
51066	51037
16206	40828
0	40828
0	40828
0	40828
0	40828
0	40828
0	40828
0	40828
0	40828
0	40828
0	40828
0	40828
0	40828
0	40828
0	40828
0	40828
0	40828
0	40828
0	40828
0	40828
0	40828
0	40828
0	40828
0	40828
0	40828
0	40828
0	40828
0	40828
0	40828
0	40828
0	40828
23626	30000
45428	37129
1848	30000
548	30000
1378	30000
1300	30000
346	30000
897	30000
934	30000
35042	54000
57026	59000
64638	66432
74352	75017
68595	63916
63652	64392
57023	47619
22520	47619
0	47619
0	47619
0	47619
0	47619
14446	38095
44384	47619
12794	30000
2859	30000
11396	30000
39001	40311
58243	64910
67507	70390
26912	70390
0	70390
0	70390
0	70390
0	70390
0	70390
0	70390
0	70390
0	70390
0	70390
0	70390
0	70390
0	70390
0	70390
0	70390
0	70390
0	70390
0	70390
