26353664	268435456
35549184	268435456
35524608	268435456
35524608	268435456
35655680	268435456
35561472	268435456
35606528	268435456
35737600	268435456
35827712	268435456
36089856	268435456
73940992	268435456
140394496	268435456
41025536	268435456
37683200	268435456
37838848	268435456
38440960	268435456
44531712	268435456
41168896	268435456
41156608	268435456
41152512	268435456
41099264	268435456
41119744	268435456
41119744	268435456
41021440	268435456
41037824	268435456
41037824	268435456
41037824	268435456
41037824	268435456
41037824	268435456
41021440	268435456
41037824	268435456
41037824	268435456
41037824	268435456
41037824	268435456
41037824	268435456
41037824	268435456
41037824	268435456
41037824	268435456
41037824	268435456
41021440	268435456
41021440	268435456
41021440	268435456
41021440	268435456
41021440	268435456
41021440	268435456
41021440	268435456
41021440	268435456
41021440	268435456
41021440	268435456
41021440	268435456
41021440	268435456
41021440	268435456
41021440	268435456
41021440	268435456
39813120	268435456
142721024	268435456
45707264	268435456
39821312	268435456
39571456	268435456
39555072	268435456
39555072	268435456
39555072	268435456
150880256	268435456
42450944	268435456
43106304	268435456
42553344	268435456
42553344	268435456
42553344	268435456
42553344	268435456
42553344	268435456
42553344	268435456
42614784	268435456
42598400	268435456
42598400	268435456
42598400	268435456
42598400	268435456
42598400	268435456
42598400	268435456
42598400	268435456
42598400	268435456
42598400	268435456
42598400	268435456
42598400	268435456
42598400	268435456
42598400	268435456
42598400	268435456
42598400	268435456
42598400	268435456
42598400	268435456
42598400	268435456
42598400	268435456
42598400	268435456
42598400	268435456
42598400	268435456
42598400	268435456
42631168	268435456
42618880	268435456
42618880	268435456
42618880	268435456
42618880	268435456
42618880	268435456
42618880	268435456
42618880	268435456
42618880	268435456
42618880	268435456
42618880	268435456
42618880	268435456
42618880	268435456
42618880	268435456
42618880	268435456
42618880	268435456
42618880	268435456
42618880	268435456
42618880	268435456
42618880	268435456
42618880	268435456
42618880	268435456
42618880	268435456
42618880	268435456
42618880	268435456
42618880	268435456
42618880	268435456
42618880	268435456
42602496	268435456
42602496	268435456
42602496	268435456
42602496	268435456
42602496	268435456
42602496	268435456
42602496	268435456
42602496	268435456
42602496	268435456
42602496	268435456
42602496	268435456
42602496	268435456
42602496	268435456
42602496	268435456
42602496	268435456
42602496	268435456
42602496	268435456
42864640	268435456
42602496	268435456
42864640	268435456
42602496	268435456
42602496	268435456
42602496	268435456
42602496	268435456
42602496	268435456
42602496	268435456
42602496	268435456
42602496	268435456
42602496	268435456
42602496	268435456
42602496	268435456
42602496	268435456
42602496	268435456
42864640	268435456
42602496	268435456
42602496	268435456
42602496	268435456
42602496	268435456
42602496	268435456
42602496	268435456
42602496	268435456
42602496	268435456
42602496	268435456
42602496	268435456
42602496	268435456
42602496	268435456
42602496	268435456
42602496	268435456
42602496	268435456
42602496	268435456
42602496	268435456
42602496	268435456
42602496	268435456
42602496	268435456
42602496	268435456
42602496	268435456
42864640	268435456
42606592	268435456
42999808	268435456
42606592	268435456
42606592	268435456
42606592	268435456
42606592	268435456
42606592	268435456
42606592	268435456
42606592	268435456
42606592	268435456
42606592	268435456
42606592	268435456
42606592	268435456
42606592	268435456
42606592	268435456
42606592	268435456
42606592	268435456
42606592	268435456
42606592	268435456
42606592	268435456
42606592	268435456
42606592	268435456
42606592	268435456
42606592	268435456
42606592	268435456
42606592	268435456
42606592	268435456
42606592	268435456
42606592	268435456
42606592	268435456
42606592	268435456
42606592	268435456
42606592	268435456
42606592	268435456
42606592	268435456
42606592	268435456
42606592	268435456
42606592	268435456
42606592	268435456
42606592	268435456
42606592	268435456
42606592	268435456
42606592	268435456
42606592	268435456
42606592	268435456
42606592	268435456
42606592	268435456
42606592	268435456
42606592	268435456
42606592	268435456
42606592	268435456
42606592	268435456
42606592	268435456
42606592	268435456
42606592	268435456
42606592	268435456
42606592	268435456
42606592	268435456
42606592	268435456
42606592	268435456
42606592	268435456
42606592	268435456
42606592	268435456
42606592	268435456
-1	-1
42790912	268435456
42790912	268435456
42790912	268435456
42774528	268435456
42774528	268435456
42774528	268435456
42774528	268435456
42795008	268435456
42795008	268435456
42795008	268435456
42795008	268435456
42926080	268435456
42926080	268435456
42799104	268435456
42799104	268435456
42799104	268435456
42799104	268435456
42782720	268435456
42782720	268435456
40603648	268435456
40796160	268435456
143937536	268435456
43216896	268435456
40714240	268435456
40701952	268435456
40701952	268435456
40701952	268435456
40701952	268435456
40701952	268435456
40701952	268435456
40701952	268435456
40701952	268435456
40701952	268435456
40701952	268435456
40701952	268435456
151613440	268435456
43286528	268435456
43229184	268435456
43229184	268435456
43229184	268435456
43212800	268435456
43212800	268435456
43229184	268435456
43229184	268435456
43229184	268435456
43229184	268435456
43229184	268435456
43212800	268435456
43212800	268435456
43212800	268435456
43212800	268435456
43212800	268435456
43212800	268435456
43212800	268435456
43212800	268435456
43212800	268435456
43356160	268435456
43249664	268435456
43249664	268435456
43249664	268435456
43237376	268435456
43220992	268435456
43220992	268435456
43765760	268435456
43245568	268435456
43245568	268435456
43245568	268435456
43245568	268435456
43245568	268435456
43245568	268435456
43245568	268435456
43245568	268435456
43245568	268435456
43229184	268435456
41123840	268435456
41009152	268435456
41009152	268435456
40894464	268435456
144474112	268435456
41598976	268435456
43003904	268435456
152338432	268435456
43761664	268435456
43630592	268435456
43540480	268435456
43757568	268435456
43757568	268435456
43687936	268435456
43577344	268435456
43577344	268435456
43577344	268435456
43577344	268435456
43577344	268435456
43577344	268435456
43577344	268435456
43671552	268435456
43671552	268435456
43671552	268435456
43565056	268435456
43565056	268435456
43565056	268435456
43565056	268435456
43565056	268435456
43565056	268435456
43565056	268435456
43565056	268435456
43565056	268435456
43565056	268435456
43565056	268435456
43565056	268435456
43565056	268435456
43565056	268435456
43565056	268435456
43565056	268435456
43565056	268435456
43565056	268435456
43565056	268435456
43565056	268435456
43565056	268435456
43565056	268435456
43565056	268435456
43565056	268435456
43565056	268435456
43565056	268435456
43565056	268435456
43565056	268435456
43565056	268435456
43565056	268435456
43565056	268435456
43565056	268435456
43565056	268435456
43565056	268435456
43565056	268435456
43565056	268435456
43565056	268435456
43565056	268435456
43565056	268435456
43565056	268435456
43565056	268435456
43565056	268435456
43565056	268435456
43565056	268435456
43548672	268435456
43548672	268435456
43548672	268435456
43548672	268435456
43548672	268435456
43548672	268435456
43548672	268435456
43548672	268435456
43548672	268435456
43548672	268435456
43548672	268435456
43548672	268435456
43548672	268435456
43548672	268435456
43548672	268435456
43548672	268435456
43548672	268435456
43548672	268435456
43548672	268435456
43548672	268435456
43548672	268435456
43548672	268435456
43548672	268435456
43548672	268435456
43548672	268435456
43548672	268435456
43548672	268435456
43548672	268435456
43569152	268435456
43622400	268435456
43622400	268435456
43622400	268435456
43569152	268435456
43569152	268435456
43569152	268435456
43569152	268435456
43569152	268435456
43569152	268435456
43569152	268435456
43569152	268435456
43569152	268435456
43569152	268435456
43569152	268435456
43569152	268435456
43569152	268435456
43569152	268435456
43569152	268435456
43569152	268435456
43569152	268435456
43569152	268435456
43569152	268435456
43569152	268435456
43569152	268435456
43569152	268435456
43569152	268435456
43569152	268435456
43569152	268435456
43569152	268435456
43569152	268435456
43569152	268435456
43569152	268435456
43569152	268435456
43569152	268435456
43569152	268435456
43569152	268435456
43569152	268435456
43569152	268435456
43569152	268435456
43569152	268435456
43569152	268435456
43569152	268435456
43569152	268435456
43569152	268435456
43569152	268435456
43569152	268435456
43569152	268435456
43569152	268435456
43569152	268435456
43569152	268435456
43569152	268435456
43569152	268435456
43569152	268435456
43569152	268435456
43569152	268435456
43569152	268435456
43569152	268435456
43569152	268435456
43569152	268435456
43569152	268435456
43569152	268435456
142921728	268435456
141578240	268435456
41660416	268435456
41607168	268435456
41607168	268435456
41590784	268435456
41590784	268435456
41590784	268435456
152637440	268435456
44519424	268435456
44281856	268435456
44240896	268435456
44240896	268435456
44224512	268435456
44224512	268435456
44240896	268435456
44240896	268435456
44240896	268435456
44240896	268435456
44240896	268435456
44240896	268435456
44240896	268435456
44240896	268435456
44240896	268435456
44240896	268435456
44224512	268435456
44224512	268435456
44224512	268435456
44224512	268435456
44224512	268435456
44224512	268435456
44224512	268435456
44224512	268435456
44224512	268435456
44224512	268435456
44224512	268435456
41881600	268435456
41881600	268435456
127459328	268435456
141922304	268435456
42008576	268435456
41992192	268435456
41992192	268435456
152911872	268435456
44548096	268435456
44503040	268435456
44503040	268435456
44503040	268435456
44486656	268435456
44359680	268435456
44359680	268435456
44359680	268435456
44376064	268435456
44408832	268435456
44376064	268435456
44376064	268435456
44376064	268435456
44376064	268435456
44376064	268435456
44376064	268435456
44376064	268435456
44376064	268435456
44359680	268435456
44359680	268435456
44359680	268435456
44359680	268435456
44359680	268435456
44359680	268435456
44359680	268435456
44359680	268435456
44359680	268435456
44359680	268435456
44359680	268435456
44359680	268435456
44359680	268435456
44359680	268435456
44359680	268435456
44359680	268435456
44359680	268435456
44359680	268435456
44359680	268435456
44359680	268435456
44359680	268435456
44359680	268435456
44359680	268435456
44359680	268435456
44359680	268435456
44359680	268435456
44359680	268435456
44359680	268435456
44359680	268435456
44359680	268435456
44359680	268435456
44359680	268435456
44359680	268435456
44359680	268435456
44359680	268435456
44359680	268435456
44359680	268435456
44359680	268435456
44359680	268435456
44359680	268435456
44359680	268435456
44343296	268435456
44343296	268435456
44343296	268435456
44343296	268435456
44343296	268435456
44343296	268435456
44343296	268435456
44343296	268435456
44343296	268435456
44343296	268435456
44343296	268435456
44343296	268435456
44343296	268435456
44343296	268435456
44343296	268435456
44343296	268435456
44343296	268435456
44343296	268435456
44343296	268435456
44343296	268435456
44343296	268435456
44343296	268435456
44343296	268435456
44343296	268435456
44343296	268435456
44343296	268435456
44343296	268435456
44343296	268435456
44343296	268435456
44343296	268435456
44343296	268435456
44343296	268435456
44343296	268435456
44343296	268435456
44343296	268435456
44343296	268435456
44343296	268435456
44343296	268435456
44343296	268435456
44343296	268435456
44343296	268435456
44343296	268435456
44343296	268435456
44343296	268435456
44343296	268435456
44343296	268435456
44343296	268435456
44343296	268435456
44343296	268435456
44343296	268435456
44343296	268435456
44343296	268435456
44343296	268435456
44343296	268435456
44343296	268435456
44343296	268435456
44343296	268435456
44343296	268435456
44343296	268435456
44343296	268435456
44343296	268435456
44343296	268435456
44343296	268435456
44343296	268435456
44343296	268435456
44343296	268435456
44343296	268435456
44343296	268435456
44343296	268435456
44343296	268435456
44453888	268435456
44347392	268435456
44347392	268435456
44347392	268435456
44347392	268435456
44347392	268435456
44347392	268435456
44347392	268435456
44347392	268435456
44347392	268435456
44347392	268435456
44347392	268435456
44347392	268435456
44347392	268435456
44347392	268435456
44347392	268435456
44347392	268435456
44347392	268435456
44466176	268435456
44355584	268435456
44355584	268435456
44355584	268435456
44355584	268435456
44355584	268435456
44355584	268435456
44355584	268435456
44355584	268435456
44355584	268435456
44355584	268435456
44355584	268435456
44355584	268435456
44355584	268435456
