0.0	1000.0
1160.0	1000.0
1230.0	2000.0
3385.0	2000.0
3248.0	4000.0
2052.0	4000.0
4470.0	4000.0
4889.0	5000.0
8307.0	5000.0
1315.0	9000.0
1473.0	9000.0
1132.0	9000.0
1369.0	9000.0
2994.0	9000.0
1864.0	9000.0
1571.0	9000.0
4623.0	9000.0
1375.0	9000.0
3291.0	9000.0
1324.0	9000.0
2992.0	9000.0
1744.0	9000.0
4190.0	9000.0
2401.0	9000.0
1214.0	9000.0
1637.0	9000.0
1304.0	9000.0
1898.0	9000.0
7357.0	9000.0
1354.0	9000.0
1789.0	9000.0
1378.0	9000.0
1347.0	9000.0
1867.0	9000.0
1028.0	9000.0
70434.0	9000.0
61665.0	71000.0
706989.0	71000.0
741788.0	71000.0
730397.0	71000.0
737850.0	71000.0
695540.0	71000.0
673536.0	71000.0
739758.0	71000.0
641340.0	71000.0
632746.0	71000.0
661466.0	71000.0
21159.0	71000.0
3574.0	71000.0
1301.0	71000.0
1325.0	71000.0
1620.0	71000.0
2583.0	71000.0
1308.0	71000.0
1187.0	71000.0
2121.0	71000.0
1520.0	71000.0
6765.0	71000.0
1528.0	71000.0
461220.0	71000.0
472808.0	71000.0
487617.0	568000.0
794297.0	568000.0
189779.0	142000.0
271422.0	760000.0
1660.0	544000.0
14763.0	544000.0
4265.0	544000.0
1619.0	544000.0
1331.0	544000.0
1256.0	544000.0
1146.0	544000.0
1488.0	544000.0
1008.0	544000.0
2101.0	544000.0
1110.0	544000.0
295178.0	544000.0
213455.0	592000.0
1295.0	592000.0
106934.0	592000.0
789956.0	592000.0
366171.0	592000.0
217389.0	734000.0
394730.0	734000.0
1073663.0	790000.0
265004.0	790000.0
218505.0	790000.0
2732.0	790000.0
2571.0	790000.0
1201.0	790000.0
1387.0	790000.0
2811.0	790000.0
1115.0	790000.0
3347.0	790000.0
62383.0	790000.0
618640.0	790000.0
1929.0	790000.0
2692.0	790000.0
484053.0	790000.0
99539.0	790000.0
23822.0	790000.0
30698.0	790000.0
253315.0	790000.0
1413.0	790000.0
1556.0	790000.0
1256.0	790000.0
3470.0	790000.0
3892.0	790000.0
1161.0	790000.0
1168.0	790000.0
1947.0	790000.0
40614.0	790000.0
4925.0	790000.0
1011.0	790000.0
68949.0	790000.0
1350.0	790000.0
1291.0	790000.0
4509.0	790000.0
980.0	790000.0
835.0	790000.0
873207.0	790000.0
1064363.0	790000.0
1143522.0	790000.0
426150.0	790000.0
1283786.0	790000.0
229356.0	790000.0
256800.0	790000.0
278629.0	790000.0
825605.0	790000.0
570885.0	790000.0
1341857.0	790000.0
165981.0	790000.0
3274.0	790000.0
1208.0	790000.0
134252.0	790000.0
153420.0	790000.0
1920.0	790000.0
1278.0	790000.0
1207.0	790000.0
1628.0	790000.0
1156.0	790000.0
2045.0	790000.0
1089.0	790000.0
6899.0	790000.0
1001.0	790000.0
1193.0	790000.0
1966.0	790000.0
1065.0	790000.0
1634.0	790000.0
1101.0	790000.0
1159.0	790000.0
1251.0	790000.0
1238.0	790000.0
742152.0	790000.0
119362.0	790000.0
436184.0	790000.0
174996.0	790000.0
8195.0	790000.0
1405.0	790000.0
1119.0	790000.0
923.0	790000.0
1482.0	790000.0
77602.0	790000.0
164294.0	790000.0
1146.0	790000.0
4526.0	790000.0
2133.0	790000.0
1359.0	790000.0
1946.0	790000.0
1158.0	790000.0
1505.0	790000.0
230408.0	790000.0
1446.0	790000.0
1182.0	790000.0
1029.0	790000.0
230864.0	790000.0
43256.0	790000.0
1540.0	790000.0
1266.0	790000.0
1151.0	790000.0
