136658944	268435456
42184704	268435456
42659840	268435456
40308736	268435456
40439808	268435456
40689664	268435456
40615936	268435456
40615936	268435456
40615936	268435456
40615936	268435456
40800256	268435456
40710144	268435456
40710144	268435456
40710144	268435456
40779776	268435456
40779776	268435456
40779776	268435456
40779776	268435456
40779776	268435456
40779776	268435456
40894464	268435456
40894464	268435456
40796160	268435456
40796160	268435456
40796160	268435456
40796160	268435456
40796160	268435456
40873984	268435456
40873984	268435456
40873984	268435456
40873984	268435456
40873984	268435456
40873984	268435456
40873984	268435456
40873984	268435456
40873984	268435456
40873984	268435456
40873984	268435456
40873984	268435456
41054208	268435456
41054208	268435456
40935424	268435456
40935424	268435456
40935424	268435456
40935424	268435456
40935424	268435456
40935424	268435456
40935424	268435456
40935424	268435456
40935424	268435456
40935424	268435456
40935424	268435456
40935424	268435456
40935424	268435456
40935424	268435456
40935424	268435456
40935424	268435456
40935424	268435456
40935424	268435456
40935424	268435456
40935424	268435456
40935424	268435456
40919040	268435456
40919040	268435456
40919040	268435456
40919040	268435456
40919040	268435456
40919040	268435456
40919040	268435456
40919040	268435456
40931328	268435456
40931328	268435456
40931328	268435456
40931328	268435456
40931328	268435456
40931328	268435456
40931328	268435456
40931328	268435456
40931328	268435456
40931328	268435456
40931328	268435456
40931328	268435456
40931328	268435456
40931328	268435456
40931328	268435456
40931328	268435456
40931328	268435456
40931328	268435456
40931328	268435456
40931328	268435456
40931328	268435456
40931328	268435456
40931328	268435456
40931328	268435456
40931328	268435456
40931328	268435456
40931328	268435456
38854656	268435456
38805504	268435456
38805504	268435456
38805504	268435456
38805504	268435456
38789120	268435456
38789120	268435456
38789120	268435456
38789120	268435456
38789120	268435456
38789120	268435456
38789120	268435456
41197568	268435456
40177664	268435456
139337728	268435456
44642304	268435456
43077632	268435456
151105536	268435456
42635264	268435456
42651648	268435456
42610688	268435456
42610688	268435456
42844160	268435456
42758144	268435456
42659840	268435456
42659840	268435456
42659840	268435456
42659840	268435456
42659840	268435456
42659840	268435456
42659840	268435456
42659840	268435456
42659840	268435456
42659840	268435456
42659840	268435456
42659840	268435456
42659840	268435456
42659840	268435456
44920832	268435456
42700800	268435456
42700800	268435456
42700800	268435456
42700800	268435456
42684416	268435456
42684416	268435456
42684416	268435456
42684416	268435456
42684416	268435456
42684416	268435456
42684416	268435456
42684416	268435456
42684416	268435456
42708992	268435456
42708992	268435456
42708992	268435456
42708992	268435456
42708992	268435456
42708992	268435456
42708992	268435456
42708992	268435456
42708992	268435456
42708992	268435456
42692608	268435456
144400384	268435456
48336896	268435456
41299968	268435456
41299968	268435456
41299968	268435456
41046016	268435456
41046016	268435456
41046016	268435456
41046016	268435456
41046016	268435456
41046016	268435456
41046016	268435456
41046016	268435456
41046016	268435456
41046016	268435456
41046016	268435456
41046016	268435456
41046016	268435456
41046016	268435456
111902720	268435456
44519424	268435456
44154880	268435456
44032000	268435456
44032000	268435456
44101632	268435456
44101632	268435456
44101632	268435456
44240896	268435456
44240896	268435456
44183552	268435456
44183552	268435456
44183552	268435456
44187648	268435456
44187648	268435456
44445696	268435456
44445696	268435456
44326912	268435456
44232704	268435456
44351488	268435456
44351488	268435456
44351488	268435456
44351488	268435456
44232704	268435456
44232704	268435456
44232704	268435456
44232704	268435456
44265472	268435456
44265472	268435456
44273664	268435456
44273664	268435456
44273664	268435456
44273664	268435456
44273664	268435456
44273664	268435456
44273664	268435456
44273664	268435456
44273664	268435456
44273664	268435456
44273664	268435456
44273664	268435456
44273664	268435456
44273664	268435456
44273664	268435456
44273664	268435456
44273664	268435456
44273664	268435456
44273664	268435456
44273664	268435456
44273664	268435456
44273664	268435456
44273664	268435456
44273664	268435456
44273664	268435456
44392448	268435456
44277760	268435456
44277760	268435456
44277760	268435456
44277760	268435456
44277760	268435456
44277760	268435456
44261376	268435456
44261376	268435456
44261376	268435456
44261376	268435456
44261376	268435456
44261376	268435456
44261376	268435456
44261376	268435456
44380160	268435456
44380160	268435456
44380160	268435456
44380160	268435456
44380160	268435456
44380160	268435456
44269568	268435456
44269568	268435456
44269568	268435456
44269568	268435456
44269568	268435456
44269568	268435456
44269568	268435456
44269568	268435456
44269568	268435456
44269568	268435456
44269568	268435456
44269568	268435456
44269568	268435456
44269568	268435456
44269568	268435456
44269568	268435456
44269568	268435456
44269568	268435456
44269568	268435456
44269568	268435456
44269568	268435456
44388352	268435456
44269568	268435456
44269568	268435456
44269568	268435456
44388352	268435456
44388352	268435456
44388352	268435456
44388352	268435456
44269568	268435456
44269568	268435456
44269568	268435456
44269568	268435456
44269568	268435456
44269568	268435456
44269568	268435456
44269568	268435456
44269568	268435456
44269568	268435456
44269568	268435456
44269568	268435456
44269568	268435456
44269568	268435456
44269568	268435456
44269568	268435456
44269568	268435456
44269568	268435456
44269568	268435456
44269568	268435456
44269568	268435456
44269568	268435456
44269568	268435456
44269568	268435456
44269568	268435456
44544000	268435456
44294144	268435456
44294144	268435456
44294144	268435456
44294144	268435456
44294144	268435456
44294144	268435456
44294144	268435456
44294144	268435456
44294144	268435456
44294144	268435456
44294144	268435456
44294144	268435456
44294144	268435456
44294144	268435456
44294144	268435456
44294144	268435456
44294144	268435456
44294144	268435456
44294144	268435456
44294144	268435456
44294144	268435456
44294144	268435456
44294144	268435456
44294144	268435456
44294144	268435456
44294144	268435456
44294144	268435456
44294144	268435456
44294144	268435456
44294144	268435456
44294144	268435456
44412928	268435456
44412928	268435456
44294144	268435456
44294144	268435456
44294144	268435456
44294144	268435456
44294144	268435456
44294144	268435456
44294144	268435456
44294144	268435456
44294144	268435456
44294144	268435456
44294144	268435456
44294144	268435456
44294144	268435456
44294144	268435456
44294144	268435456
44294144	268435456
44294144	268435456
44294144	268435456
44294144	268435456
44294144	268435456
44294144	268435456
44294144	268435456
44294144	268435456
44294144	268435456
44294144	268435456
44294144	268435456
44294144	268435456
-1	-1
43945984	268435456
43945984	268435456
43945984	268435456
44601344	268435456
43966464	268435456
43966464	268435456
43966464	268435456
43966464	268435456
43950080	268435456
43950080	268435456
43950080	268435456
43950080	268435456
43950080	268435456
43950080	268435456
43950080	268435456
43966464	268435456
43966464	268435456
43966464	268435456
43966464	268435456
43966464	268435456
43950080	268435456
44474368	268435456
43991040	268435456
43970560	268435456
43970560	268435456
43970560	268435456
43970560	268435456
43970560	268435456
43970560	268435456
43970560	268435456
43970560	268435456
43954176	268435456
43954176	268435456
43954176	268435456
43954176	268435456
43954176	268435456
43954176	268435456
43954176	268435456
43954176	268435456
43954176	268435456
43954176	268435456
43954176	268435456
43954176	268435456
43954176	268435456
43954176	268435456
43954176	268435456
43954176	268435456
43954176	268435456
43954176	268435456
43954176	268435456
43954176	268435456
43954176	268435456
43954176	268435456
43954176	268435456
43937792	268435456
43937792	268435456
43937792	268435456
43937792	268435456
43937792	268435456
43937792	268435456
43937792	268435456
43937792	268435456
43937792	268435456
43937792	268435456
43937792	268435456
43937792	268435456
43937792	268435456
43937792	268435456
43937792	268435456
43937792	268435456
43937792	268435456
43937792	268435456
43937792	268435456
43937792	268435456
43937792	268435456
43937792	268435456
43937792	268435456
44113920	268435456
43937792	268435456
43937792	268435456
43937792	268435456
43937792	268435456
43937792	268435456
43937792	268435456
43937792	268435456
43937792	268435456
43937792	268435456
43937792	268435456
43937792	268435456
43937792	268435456
43937792	268435456
43937792	268435456
43937792	268435456
43937792	268435456
43937792	268435456
43937792	268435456
43937792	268435456
43937792	268435456
43937792	268435456
43937792	268435456
43937792	268435456
43937792	268435456
43937792	268435456
43937792	268435456
43937792	268435456
43937792	268435456
43937792	268435456
43937792	268435456
43937792	268435456
43937792	268435456
43937792	268435456
43937792	268435456
43937792	268435456
43937792	268435456
43937792	268435456
43937792	268435456
43937792	268435456
43937792	268435456
43937792	268435456
43937792	268435456
43937792	268435456
43937792	268435456
43937792	268435456
43937792	268435456
43937792	268435456
43937792	268435456
43937792	268435456
43937792	268435456
43937792	268435456
43937792	268435456
43937792	268435456
43937792	268435456
43937792	268435456
43937792	268435456
43937792	268435456
43937792	268435456
43937792	268435456
43937792	268435456
43937792	268435456
43937792	268435456
43937792	268435456
43937792	268435456
43937792	268435456
43937792	268435456
43937792	268435456
43937792	268435456
43937792	268435456
43937792	268435456
43937792	268435456
43937792	268435456
43937792	268435456
43937792	268435456
43937792	268435456
43937792	268435456
43937792	268435456
43937792	268435456
