23838720	268435456
136462336	268435456
135950336	268435456
148107264	268435456
39575552	268435456
138211328	268435456
138059776	268435456
38535168	268435456
38445056	268435456
40116224	268435456
40706048	268435456
149905408	268435456
41754624	268435456
41549824	268435456
41549824	268435456
41553920	268435456
41533440	268435456
41533440	268435456
41533440	268435456
41566208	268435456
41566208	268435456
41566208	268435456
41566208	268435456
41566208	268435456
42991616	268435456
39391232	268435456
39391232	268435456
39391232	268435456
139485184	268435456
139505664	268435456
39755776	268435456
39698432	268435456
39575552	268435456
39706624	268435456
39723008	268435456
39624704	268435456
41799680	268435456
44208128	268435456
42688512	268435456
42688512	268435456
48717824	268435456
42803200	268435456
42803200	268435456
42803200	268435456
42803200	268435456
42803200	268435456
43761664	268435456
43745280	268435456
43745280	268435456
43745280	268435456
43745280	268435456
43745280	268435456
43745280	268435456
44400640	268435456
42680320	268435456
141955072	268435456
47247360	268435456
43020288	268435456
153395200	268435456
45023232	268435456
44838912	268435456
44838912	268435456
48377856	268435456
44871680	268435456
44834816	268435456
44834816	268435456
44834816	268435456
44834816	268435456
45006848	268435456
44879872	268435456
44879872	268435456
44879872	268435456
44879872	268435456
44879872	268435456
44879872	268435456
44879872	268435456
44879872	268435456
44879872	268435456
44863488	268435456
44863488	268435456
44863488	268435456
44863488	268435456
44863488	268435456
42692608	268435456
42524672	268435456
42524672	268435456
142708736	268435456
142757888	268435456
45244416	268435456
43057152	268435456
43020288	268435456
154259456	268435456
45846528	268435456
45838336	268435456
45686784	268435456
45830144	268435456
45719552	268435456
45719552	268435456
45719552	268435456
45719552	268435456
45719552	268435456
45719552	268435456
45780992	268435456
45780992	268435456
45813760	268435456
45707264	268435456
45793280	268435456
45793280	268435456
45711360	268435456
45711360	268435456
45711360	268435456
45711360	268435456
45711360	268435456
45711360	268435456
45711360	268435456
45711360	268435456
45711360	268435456
45711360	268435456
45711360	268435456
45711360	268435456
45711360	268435456
45711360	268435456
45711360	268435456
45711360	268435456
45711360	268435456
45711360	268435456
45711360	268435456
45711360	268435456
45711360	268435456
45711360	268435456
45711360	268435456
45711360	268435456
45711360	268435456
45711360	268435456
45711360	268435456
45711360	268435456
45711360	268435456
45711360	268435456
45711360	268435456
45711360	268435456
45711360	268435456
45711360	268435456
45711360	268435456
45711360	268435456
45711360	268435456
45711360	268435456
45711360	268435456
45711360	268435456
45711360	268435456
45711360	268435456
45801472	268435456
45801472	268435456
45809664	268435456
45694976	268435456
45694976	268435456
45694976	268435456
45694976	268435456
45694976	268435456
45694976	268435456
45694976	268435456
45694976	268435456
45694976	268435456
45694976	268435456
45694976	268435456
45694976	268435456
45694976	268435456
45842432	268435456
67411968	268435456
142884864	268435456
110743552	268435456
47370240	268435456
47325184	268435456
47079424	268435456
47063040	268435456
47034368	268435456
46952448	268435456
46968832	268435456
46968832	268435456
46968832	268435456
46968832	268435456
46968832	268435456
50491392	268435456
47505408	268435456
46981120	268435456
46981120	268435456
46981120	268435456
46981120	268435456
46981120	268435456
46981120	268435456
46981120	268435456
46981120	268435456
46964736	268435456
46964736	268435456
144887808	268435456
145002496	268435456
47566848	268435456
45187072	268435456
45309952	268435456
156434432	268435456
47992832	268435456
47992832	268435456
47828992	268435456
47828992	268435456
47820800	268435456
47820800	268435456
47820800	268435456
47890432	268435456
47890432	268435456
48021504	268435456
47931392	268435456
47931392	268435456
47931392	268435456
47931392	268435456
47935488	268435456
47935488	268435456
47935488	268435456
47919104	268435456
47919104	268435456
47919104	268435456
47919104	268435456
47919104	268435456
47919104	268435456
47919104	268435456
47919104	268435456
47919104	268435456
47919104	268435456
39755776	268435456
39649280	268435456
39649280	268435456
39649280	268435456
39649280	268435456
39649280	268435456
39649280	268435456
39649280	268435456
39649280	268435456
39649280	268435456
39632896	268435456
37593088	268435456
37593088	268435456
37486592	268435456
37470208	268435456
37621760	268435456
38658048	268435456
38682624	268435456
137527296	268435456
137641984	268435456
37998592	268435456
38109184	268435456
37916672	268435456
37822464	268435456
37756928	268435456
148934656	268435456
40730624	268435456
40464384	268435456
40464384	268435456
40464384	268435456
40448000	268435456
40448000	268435456
40448000	268435456
40448000	268435456
40476672	268435456
40476672	268435456
40476672	268435456
40488960	268435456
40488960	268435456
40521728	268435456
40521728	268435456
40521728	268435456
40521728	268435456
40521728	268435456
40505344	268435456
40505344	268435456
40505344	268435456
40505344	268435456
40505344	268435456
40505344	268435456
40505344	268435456
40505344	268435456
40505344	268435456
40505344	268435456
40505344	268435456
40505344	268435456
40505344	268435456
40505344	268435456
40505344	268435456
40505344	268435456
40505344	268435456
40505344	268435456
40505344	268435456
40505344	268435456
40505344	268435456
40505344	268435456
40505344	268435456
40505344	268435456
40505344	268435456
40505344	268435456
40505344	268435456
40505344	268435456
40505344	268435456
40505344	268435456
40505344	268435456
40505344	268435456
40505344	268435456
40505344	268435456
40505344	268435456
40505344	268435456
40505344	268435456
40505344	268435456
40505344	268435456
42061824	268435456
38420480	268435456
38293504	268435456
38277120	268435456
38277120	268435456
38133760	268435456
38133760	268435456
38600704	268435456
39223296	268435456
138502144	268435456
138469376	268435456
39268352	268435456
40607744	268435456
42369024	268435456
41242624	268435456
41205760	268435456
41082880	268435456
41082880	268435456
41082880	268435456
41082880	268435456
41082880	268435456
41082880	268435456
41082880	268435456
41082880	268435456
41082880	268435456
41082880	268435456
41082880	268435456
41082880	268435456
41082880	268435456
41082880	268435456
41082880	268435456
41381888	268435456
41107456	268435456
41107456	268435456
41107456	268435456
41107456	268435456
41091072	268435456
41091072	268435456
41091072	268435456
41091072	268435456
41091072	268435456
41091072	268435456
41091072	268435456
41091072	268435456
41091072	268435456
44519424	268435456
41119744	268435456
41119744	268435456
41119744	268435456
41119744	268435456
41119744	268435456
41119744	268435456
41119744	268435456
41119744	268435456
41119744	268435456
41103360	268435456
41103360	268435456
41103360	268435456
41103360	268435456
41103360	268435456
41103360	268435456
41103360	268435456
41103360	268435456
41103360	268435456
41103360	268435456
41103360	268435456
41103360	268435456
41103360	268435456
41103360	268435456
41103360	268435456
41103360	268435456
41103360	268435456
41103360	268435456
41086976	268435456
41086976	268435456
41086976	268435456
41086976	268435456
41086976	268435456
41086976	268435456
41086976	268435456
38973440	268435456
139321344	268435456
139079680	268435456
41984000	268435456
39251968	268435456
39235584	268435456
39235584	268435456
150175744	268435456
41713664	268435456
41713664	268435456
41644032	268435456
41644032	268435456
41644032	268435456
41644032	268435456
41644032	268435456
41644032	268435456
41644032	268435456
41627648	268435456
41627648	268435456
41627648	268435456
41627648	268435456
41627648	268435456
41627648	268435456
41627648	268435456
41627648	268435456
41627648	268435456
41627648	268435456
41627648	268435456
41627648	268435456
41627648	268435456
41627648	268435456
41627648	268435456
41627648	268435456
41627648	268435456
41627648	268435456
41627648	268435456
41627648	268435456
41627648	268435456
41627648	268435456
41627648	268435456
41627648	268435456
41627648	268435456
41627648	268435456
41627648	268435456
41627648	268435456
41627648	268435456
41627648	268435456
41627648	268435456
41627648	268435456
41627648	268435456
41627648	268435456
41627648	268435456
41627648	268435456
41627648	268435456
41627648	268435456
41627648	268435456
41627648	268435456
41627648	268435456
41627648	268435456
41627648	268435456
41627648	268435456
41627648	268435456
41627648	268435456
41627648	268435456
41627648	268435456
41627648	268435456
41627648	268435456
41627648	268435456
41611264	268435456
41611264	268435456
41611264	268435456
41611264	268435456
142999552	268435456
44654592	268435456
39776256	268435456
39616512	268435456
39616512	268435456
39600128	268435456
39600128	268435456
39600128	268435456
39600128	268435456
39600128	268435456
39600128	268435456
39600128	268435456
39600128	268435456
41156608	268435456
151015424	268435456
42680320	268435456
42557440	268435456
42557440	268435456
42303488	268435456
42287104	268435456
42287104	268435456
42287104	268435456
42287104	268435456
42287104	268435456
42287104	268435456
42287104	268435456
42287104	268435456
42287104	268435456
42287104	268435456
42405888	268435456
42311680	268435456
42311680	268435456
42311680	268435456
42311680	268435456
42295296	268435456
42295296	268435456
42295296	268435456
42295296	268435456
42319872	268435456
42319872	268435456
42319872	268435456
42319872	268435456
42319872	268435456
42319872	268435456
42319872	268435456
42319872	268435456
42319872	268435456
42303488	268435456
42303488	268435456
42303488	268435456
42303488	268435456
42303488	268435456
42303488	268435456
42303488	268435456
42303488	268435456
42303488	268435456
42303488	268435456
42303488	268435456
42303488	268435456
42303488	268435456
42303488	268435456
42303488	268435456
42303488	268435456
42303488	268435456
42303488	268435456
42303488	268435456
42303488	268435456
42303488	268435456
42303488	268435456
42303488	268435456
42303488	268435456
42303488	268435456
42303488	268435456
42303488	268435456
42303488	268435456
42287104	268435456
42287104	268435456
42287104	268435456
42549248	268435456
42373120	268435456
42373120	268435456
42373120	268435456
42291200	268435456
42291200	268435456
42291200	268435456
42291200	268435456
42291200	268435456
42291200	268435456
42291200	268435456
42291200	268435456
42291200	268435456
42291200	268435456
42291200	268435456
42291200	268435456
42291200	268435456
42291200	268435456
42291200	268435456
42291200	268435456
42291200	268435456
42291200	268435456
42291200	268435456
42291200	268435456
42291200	268435456
42291200	268435456
42291200	268435456
42291200	268435456
42291200	268435456
42291200	268435456
42291200	268435456
42291200	268435456
42291200	268435456
42291200	268435456
42291200	268435456
42291200	268435456
42291200	268435456
42291200	268435456
42291200	268435456
39936000	268435456
39936000	268435456
39936000	268435456
39936000	268435456
39936000	268435456
40443904	268435456
140173312	268435456
140021760	268435456
40181760	268435456
40181760	268435456
40181760	268435456
40165376	268435456
40165376	268435456
40165376	268435456
40165376	268435456
40165376	268435456
151232512	268435456
42889216	268435456
43470848	268435456
42672128	268435456
42672128	268435456
42655744	268435456
42655744	268435456
42786816	268435456
42786816	268435456
42786816	268435456
42672128	268435456
42672128	268435456
42672128	268435456
42672128	268435456
42672128	268435456
42672128	268435456
42672128	268435456
42655744	268435456
42655744	268435456
42655744	268435456
42655744	268435456
42655744	268435456
42655744	268435456
42655744	268435456
42655744	268435456
42655744	268435456
42655744	268435456
42655744	268435456
42655744	268435456
42655744	268435456
42655744	268435456
42655744	268435456
42655744	268435456
42655744	268435456
42655744	268435456
42655744	268435456
42655744	268435456
42655744	268435456
42917888	268435456
42766336	268435456
42655744	268435456
42655744	268435456
42655744	268435456
42655744	268435456
42655744	268435456
42655744	268435456
42655744	268435456
42655744	268435456
42655744	268435456
42655744	268435456
42655744	268435456
43048960	268435456
43053056	268435456
42663936	268435456
42663936	268435456
42663936	268435456
42663936	268435456
42663936	268435456
42663936	268435456
42663936	268435456
42663936	268435456
42647552	268435456
42647552	268435456
42647552	268435456
42647552	268435456
42647552	268435456
42647552	268435456
42647552	268435456
42647552	268435456
42647552	268435456
42647552	268435456
42647552	268435456
42647552	268435456
42647552	268435456
42647552	268435456
42647552	268435456
42647552	268435456
42647552	268435456
42647552	268435456
42647552	268435456
42647552	268435456
42647552	268435456
42647552	268435456
42647552	268435456
42647552	268435456
42647552	268435456
42647552	268435456
42647552	268435456
42647552	268435456
42647552	268435456
42647552	268435456
42647552	268435456
42647552	268435456
42647552	268435456
42647552	268435456
42647552	268435456
42647552	268435456
42647552	268435456
42647552	268435456
42647552	268435456
42647552	268435456
42647552	268435456
42647552	268435456
42647552	268435456
42647552	268435456
42647552	268435456
42647552	268435456
42647552	268435456
42647552	268435456
42647552	268435456
42647552	268435456
42647552	268435456
42647552	268435456
42647552	268435456
42647552	268435456
42647552	268435456
42647552	268435456
42647552	268435456
42647552	268435456
42647552	268435456
42647552	268435456
42647552	268435456
42647552	268435456
42647552	268435456
42647552	268435456
42647552	268435456
42647552	268435456
42647552	268435456
42647552	268435456
42647552	268435456
42647552	268435456
42647552	268435456
42647552	268435456
42647552	268435456
42647552	268435456
42647552	268435456
42647552	268435456
42647552	268435456
42647552	268435456
