33820672	268435456
35819520	268435456
35749888	268435456
35880960	268435456
36012032	268435456
35966976	268435456
35860480	268435456
36044800	268435456
36229120	268435456
36261888	268435456
140656640	268435456
43474944	268435456
37953536	268435456
37953536	268435456
38084608	268435456
38117376	268435456
37949440	268435456
37949440	268435456
37949440	268435456
40964096	268435456
40681472	268435456
44052480	268435456
41091072	268435456
40972288	268435456
41103360	268435456
41005056	268435456
40988672	268435456
40988672	268435456
40988672	268435456
41213952	268435456
41213952	268435456
41140224	268435456
41132032	268435456
41132032	268435456
41254912	268435456
41254912	268435456
41254912	268435456
41254912	268435456
41254912	268435456
41148416	268435456
41148416	268435456
41328640	268435456
41193472	268435456
41193472	268435456
41308160	268435456
41185280	268435456
41185280	268435456
41185280	268435456
41185280	268435456
41185280	268435456
41185280	268435456
41185280	268435456
41185280	268435456
41185280	268435456
41185280	268435456
41185280	268435456
41185280	268435456
41185280	268435456
41205760	268435456
41205760	268435456
41205760	268435456
