25640960	268435456
36036608	268435456
38133760	268435456
35598336	268435456
127176704	268435456
136286208	268435456
139567104	268435456
139698176	268435456
139726848	268435456
136527872	268435456
136527872	268435456
39788544	268435456
41652224	268435456
129769472	268435456
148709376	268435456
148701184	268435456
43180032	268435456
40525824	268435456
40497152	268435456
40628224	268435456
40628224	268435456
40550400	268435456
40550400	268435456
40681472	268435456
40501248	268435456
40501248	268435456
40501248	268435456
40755200	268435456
138534912	268435456
141897728	268435456
141983744	268435456
138702848	268435456
44318720	268435456
38969344	268435456
38969344	268435456
38879232	268435456
38879232	268435456
38862848	268435456
38862848	268435456
38862848	268435456
38862848	268435456
38862848	268435456
38862848	268435456
38862848	268435456
45371392	268435456
150081536	268435456
150081536	268435456
44847104	268435456
42004480	268435456
41811968	268435456
41873408	268435456
41873408	268435456
41906176	268435456
41906176	268435456
41906176	268435456
41889792	268435456
41889792	268435456
41889792	268435456
41889792	268435456
41889792	268435456
41889792	268435456
42053632	268435456
42086400	268435456
42164224	268435456
42164224	268435456
42164224	268435456
42147840	268435456
42917888	268435456
39985152	268435456
39927808	268435456
39927808	268435456
39817216	268435456
39800832	268435456
39800832	268435456
39800832	268435456
39800832	268435456
39800832	268435456
39800832	268435456
39800832	268435456
39800832	268435456
66408448	268435456
140095488	268435456
140173312	268435456
143581184	268435456
143548416	268435456
140337152	268435456
48398336	268435456
43290624	268435456
40742912	268435456
40685568	268435456
40685568	268435456
122269696	268435456
151859200	268435456
151732224	268435456
43630592	268435456
43454464	268435456
43438080	268435456
43462656	268435456
43462656	268435456
43495424	268435456
43495424	268435456
43495424	268435456
43479040	268435456
43479040	268435456
43479040	268435456
41177088	268435456
41177088	268435456
41177088	268435456
41177088	268435456
41177088	268435456
41160704	268435456
41160704	268435456
41160704	268435456
41840640	268435456
115695616	268435456
141647872	268435456
144900096	268435456
144871424	268435456
144871424	268435456
140664832	268435456
141594624	268435456
124928000	268435456
152743936	268435456
150044672	268435456
44322816	268435456
44298240	268435456
44285952	268435456
42098688	268435456
42098688	268435456
41984000	268435456
41984000	268435456
41984000	268435456
41967616	268435456
41967616	268435456
41967616	268435456
41967616	268435456
41967616	268435456
41967616	268435456
41967616	268435456
41967616	268435456
41967616	268435456
41967616	268435456
72384512	268435456
142372864	268435456
145780736	268435456
145858560	268435456
142495744	268435456
48402432	268435456
42872832	268435456
42745856	268435456
119648256	268435456
153649152	268435456
153681920	268435456
48263168	268435456
45293568	268435456
45293568	268435456
45293568	268435456
45277184	268435456
45277184	268435456
45277184	268435456
45277184	268435456
45277184	268435456
45309952	268435456
45309952	268435456
45309952	268435456
45309952	268435456
45309952	268435456
45293568	268435456
45293568	268435456
45293568	268435456
45932544	268435456
42950656	268435456
68931584	268435456
143216640	268435456
146624512	268435456
146587648	268435456
143278080	268435456
46714880	268435456
43626496	268435456
154501120	268435456
154554368	268435456
66719744	268435456
46383104	268435456
46313472	268435456
46313472	268435456
46297088	268435456
46297088	268435456
46297088	268435456
46297088	268435456
46198784	268435456
46198784	268435456
46198784	268435456
46198784	268435456
46215168	268435456
46215168	268435456
46215168	268435456
46215168	268435456
46215168	268435456
46739456	268435456
45056000	268435456
121417728	268435456
143990784	268435456
147402752	268435456
147402752	268435456
143958016	268435456
46669824	268435456
44122112	268435456
44433408	268435456
45858816	268435456
154996736	268435456
154914816	268435456
49229824	268435456
46739456	268435456
46723072	268435456
46669824	268435456
46653440	268435456
49291264	268435456
44363776	268435456
87957504	268435456
144515072	268435456
147910656	268435456
147910656	268435456
144625664	268435456
44920832	268435456
44797952	268435456
44797952	268435456
44781568	268435456
44781568	268435456
44781568	268435456
44781568	268435456
44781568	268435456
44781568	268435456
44781568	268435456
44781568	268435456
46534656	268435456
156016640	268435456
156139520	268435456
155897856	268435456
47718400	268435456
47603712	268435456
47587328	268435456
47587328	268435456
47587328	268435456
47587328	268435456
50601984	268435456
145313792	268435456
148611072	268435456
148578304	268435456
144314368	268435456
105689088	268435456
47935488	268435456
48328704	268435456
47812608	268435456
156549120	268435456
156549120	268435456
48259072	268435456
48201728	268435456
48234496	268435456
48177152	268435456
48160768	268435456
48160768	268435456
48160768	268435456
48160768	268435456
48160768	268435456
48160768	268435456
48160768	268435456
48160768	268435456
48160768	268435456
48160768	268435456
48553984	268435456
48398336	268435456
48291840	268435456
48291840	268435456
48181248	268435456
45797376	268435456
45797376	268435456
45797376	268435456
45797376	268435456
45797376	268435456
45797376	268435456
45797376	268435456
45797376	268435456
45797376	268435456
45797376	268435456
45797376	268435456
46067712	268435456
47161344	268435456
145911808	268435456
149323776	268435456
149323776	268435456
146034688	268435456
51326976	268435456
75837440	268435456
157212672	268435456
157175808	268435456
157102080	268435456
48951296	268435456
48934912	268435456
48893952	268435456
48984064	268435456
48984064	268435456
48918528	268435456
48918528	268435456
48918528	268435456
48918528	268435456
48918528	268435456
48918528	268435456
48918528	268435456
48918528	268435456
48918528	268435456
47489024	268435456
137216000	268435456
146653184	268435456
150093824	268435456
150093824	268435456
146690048	268435456
49487872	268435456
145563648	268435456
157577216	268435456
157536256	268435456
49340416	268435456
49340416	268435456
49238016	268435456
49238016	268435456
49238016	268435456
49238016	268435456
49106944	268435456
49106944	268435456
49106944	268435456
49123328	268435456
49123328	268435456
47812608	268435456
146821120	268435456
150208512	268435456
150208512	268435456
146919424	268435456
52256768	268435456
66260992	268435456
158068736	268435456
157954048	268435456
157954048	268435456
49643520	268435456
42311680	268435456
44691456	268435456
42205184	268435456
42205184	268435456
42205184	268435456
42205184	268435456
42205184	268435456
42188800	268435456
42188800	268435456
42188800	268435456
42188800	268435456
42188800	268435456
39837696	268435456
39837696	268435456
39837696	268435456
39837696	268435456
39837696	268435456
39821312	268435456
39821312	268435456
39821312	268435456
81104896	268435456
140013568	268435456
143392768	268435456
143392768	268435456
140099584	268435456
43028480	268435456
151134208	268435456
150990848	268435456
150990848	268435456
150990848	268435456
42848256	268435456
42655744	268435456
42647552	268435456
42647552	268435456
42647552	268435456
42647552	268435456
42835968	268435456
42721280	268435456
42663936	268435456
43171840	268435456
42807296	268435456
140484608	268435456
143659008	268435456
143622144	268435456
140333056	268435456
45314048	268435456
40407040	268435456
40407040	268435456
40407040	268435456
40407040	268435456
40407040	268435456
40407040	268435456
40407040	268435456
67661824	268435456
151674880	268435456
151674880	268435456
151568384	268435456
43327488	268435456
43225088	268435456
43225088	268435456
43163648	268435456
43163648	268435456
43163648	268435456
43163648	268435456
43163648	268435456
43163648	268435456
43294720	268435456
61992960	268435456
140767232	268435456
140759040	268435456
144171008	268435456
144171008	268435456
144171008	268435456
140845056	268435456
45899776	268435456
40988672	268435456
41480192	268435456
149237760	268435456
151982080	268435456
151982080	268435456
43753472	268435456
43458560	268435456
43773952	268435456
70131712	268435456
141299712	268435456
141189120	268435456
144596992	268435456
144596992	268435456
144580608	268435456
141344768	268435456
42631168	268435456
152084480	268435456
152084480	268435456
152084480	268435456
43823104	268435456
43798528	268435456
43798528	268435456
43798528	268435456
43798528	268435456
43798528	268435456
43704320	268435456
43704320	268435456
43704320	268435456
46354432	268435456
43765760	268435456
43765760	268435456
43724800	268435456
43724800	268435456
43708416	268435456
43708416	268435456
41525248	268435456
42553344	268435456
121380864	268435456
141697024	268435456
145104896	268435456
145104896	268435456
62353408	268435456
41652224	268435456
152621056	268435456
152498176	268435456
152489984	268435456
44195840	268435456
44134400	268435456
44134400	268435456
44134400	268435456
44118016	268435456
44199936	268435456
44138496	268435456
44138496	268435456
44138496	268435456
44138496	268435456
44122112	268435456
44122112	268435456
44122112	268435456
44122112	268435456
44122112	268435456
44122112	268435456
44630016	268435456
41771008	268435456
41771008	268435456
41771008	268435456
41771008	268435456
41754624	268435456
41754624	268435456
41754624	268435456
141930496	268435456
141803520	268435456
145211392	268435456
145174528	268435456
145174528	268435456
141705216	268435456
43171840	268435456
103223296	268435456
152928256	268435456
152928256	268435456
152928256	268435456
44650496	268435456
44470272	268435456
44470272	268435456
44470272	268435456
47091712	268435456
44462080	268435456
44462080	268435456
44462080	268435456
44462080	268435456
46968832	268435456
50384896	268435456
142061568	268435456
145465344	268435456
145465344	268435456
145465344	268435456
142049280	268435456
42434560	268435456
44503040	268435456
152993792	268435456
152899584	268435456
150200320	268435456
44670976	268435456
44670976	268435456
44670976	268435456
44638208	268435456
44515328	268435456
44515328	268435456
44601344	268435456
44601344	268435456
44601344	268435456
44601344	268435456
44601344	268435456
44584960	268435456
44584960	268435456
43294720	268435456
140861440	268435456
142303232	268435456
145469440	268435456
145469440	268435456
142049280	268435456
42131456	268435456
42065920	268435456
42065920	268435456
42065920	268435456
42049536	268435456
42049536	268435456
42049536	268435456
42049536	268435456
42049536	268435456
42295296	268435456
42229760	268435456
42229760	268435456
42229760	268435456
42229760	268435456
74313728	268435456
142307328	268435456
145715200	268435456
145715200	268435456
142295040	268435456
142278656	268435456
45035520	268435456
43278336	268435456
96157696	268435456
153235456	268435456
153128960	268435456
153092096	268435456
153092096	268435456
44773376	268435456
44728320	268435456
44728320	268435456
44711936	268435456
44711936	268435456
44711936	268435456
44711936	268435456
44711936	268435456
44711936	268435456
44711936	268435456
44711936	268435456
44711936	268435456
44843008	268435456
44732416	268435456
44732416	268435456
44789760	268435456
44789760	268435456
44789760	268435456
44789760	268435456
44736512	268435456
44736512	268435456
44736512	268435456
44720128	268435456
44720128	268435456
44720128	268435456
44720128	268435456
