41861120	268435456
36495360	268435456
36347904	268435456
36282368	268435456
36163584	268435456
36667392	268435456
36622336	268435456
140812288	268435456
43868160	268435456
38227968	268435456
38273024	268435456
38207488	268435456
38502400	268435456
38199296	268435456
38244352	268435456
38330368	268435456
38993920	268435456
50724864	268435456
45121536	268435456
41783296	268435456
41709568	268435456
41582592	268435456
41959424	268435456
41676800	268435456
41697280	268435456
41598976	268435456
41988096	268435456
41832448	268435456
41783296	268435456
41783296	268435456
41783296	268435456
41914368	268435456
41914368	268435456
41840640	268435456
41840640	268435456
41840640	268435456
41840640	268435456
41926656	268435456
41926656	268435456
41926656	268435456
41926656	268435456
41996288	268435456
41996288	268435456
41996288	268435456
41996288	268435456
41996288	268435456
41996288	268435456
41996288	268435456
41996288	268435456
41996288	268435456
41996288	268435456
41996288	268435456
41996288	268435456
41996288	268435456
41996288	268435456
41996288	268435456
41996288	268435456
41996288	268435456
