6918144	26214400
5341184	26214400
6279168	26214400
6410240	26214400
6500352	26214400
6410240	26214400
6541312	26214400
6504448	26214400
6615040	26214400
6615040	26214400
6615040	26214400
6586368	26214400
6664192	26214400
6615040	26214400
6545408	26214400
6524928	26214400
6619136	26214400
6619136	26214400
6619136	26214400
6619136	26214400
6619136	26214400
6619136	26214400
6619136	26214400
6619136	26214400
6619136	26214400
6553600	26214400
6623232	26214400
6623232	26214400
6541312	26214400
6631424	26214400
6631424	26214400
6631424	26214400
6631424	26214400
6631424	26214400
6631424	26214400
6631424	26214400
6631424	26214400
6631424	26214400
6631424	26214400
6631424	26214400
6631424	26214400
6631424	26214400
6631424	26214400
6631424	26214400
6631424	26214400
6631424	26214400
6631424	26214400
6561792	26214400
6537216	26214400
6631424	26214400
6631424	26214400
6631424	26214400
6631424	26214400
6537216	26214400
6631424	26214400
6631424	26214400
6631424	26214400
6631424	26214400
6631424	26214400
6631424	26214400
6631424	26214400
6631424	26214400
6631424	26214400
6631424	26214400
6631424	26214400
6631424	26214400
6631424	26214400
6631424	26214400
6631424	26214400
6631424	26214400
6631424	26214400
6631424	26214400
6631424	26214400
6631424	26214400
6631424	26214400
6631424	26214400
6631424	26214400
6631424	26214400
6631424	26214400
6631424	26214400
6631424	26214400
6631424	26214400
6631424	26214400
6631424	26214400
6631424	26214400
6631424	26214400
6631424	26214400
6631424	26214400
6631424	26214400
6606848	26214400
6766592	26214400
6651904	26214400
6651904	26214400
6561792	26214400
6660096	26214400
6795264	26214400
6668288	26214400
6668288	26214400
6615040	26214400
6578176	26214400
6668288	26214400
6709248	26214400
6668288	26214400
6574080	26214400
6668288	26214400
6668288	26214400
6799360	26214400
6578176	26214400
6672384	26214400
6590464	26214400
6709248	26214400
6619136	26214400
6713344	26214400
6725632	26214400
6631424	26214400
6733824	26214400
6737920	26214400
6778880	26214400
6778880	26214400
6651904	26214400
6750208	26214400
6656000	26214400
6758400	26214400
6762496	26214400
6766592	26214400
6766592	26214400
6672384	26214400
6766592	26214400
6766592	26214400
6766592	26214400
6737920	26214400
6766592	26214400
6766592	26214400
6676480	26214400
6766592	26214400
6672384	26214400
6692864	26214400
6672384	26214400
6766592	26214400
6807552	26214400
