0.0	100000.0
36546.0	100000.0
59682.0	100000.0
76153.0	100000.0
3319.0	100000.0
218.0	100000.0
467.0	100000.0
64153.0	100000.0
404.0	100000.0
3587.0	100000.0
343.0	100000.0
320.0	100000.0
381.0	100000.0
279.0	100000.0
138.0	100000.0
59.0	100000.0
39.0	100000.0
116.0	100000.0
6214.0	100000.0
95266.0	100000.0
51185.0	100000.0
63259.0	100000.0
332.0	100000.0
308.0	100000.0
343.0	100000.0
3462.0	100000.0
368.0	100000.0
510.0	100000.0
376.0	100000.0
385.0	100000.0
7024.0	100000.0
103309.0	100000.0
65717.0	100000.0
12504.0	100000.0
28.0	100000.0
96.0	100000.0
3392.0	100000.0
47.0	100000.0
1006.0	100000.0
69.0	100000.0
33195.0	100000.0
99002.0	100000.0
13294.0	100000.0
24.0	100000.0
51135.0	100000.0
6101.0	100000.0
2516.0	100000.0
49.0	100000.0
25.0	100000.0
56.0	100000.0
29.0	100000.0
3154.0	100000.0
47.0	100000.0
357.0	100000.0
54.0	100000.0
61.0	100000.0
70.0	100000.0
545.0	100000.0
3699.0	100000.0
22506.0	100000.0
99083.0	100000.0
10228.0	100000.0
19605.0	100000.0
45031.0	100000.0
53.0	100000.0
2170.0	100000.0
73.0	100000.0
46.0	100000.0
40.0	100000.0
60.0	100000.0
17.0	100000.0
28.0	100000.0
1722.0	100000.0
41.0	100000.0
39.0	100000.0
35.0	100000.0
46.0	100000.0
85.0	100000.0
43.0	100000.0
1446.0	100000.0
51.0	100000.0
13.0	100000.0
13.0	100000.0
158.0	100000.0
22.0	100000.0
11.0	100000.0
8087.0	100000.0
107119.0	100000.0
13858.0	100000.0
67926.0	100000.0
43.0	100000.0
46.0	100000.0
43.0	100000.0
38.0	100000.0
2118.0	100000.0
47.0	100000.0
63.0	100000.0
47.0	100000.0
48.0	100000.0
4744.0	100000.0
74458.0	100000.0
53931.0	100000.0
13329.0	100000.0
50074.0	100000.0
73.0	100000.0
46.0	100000.0
33.0	100000.0
376.0	100000.0
36.0	100000.0
40.0	100000.0
1485.0	100000.0
82.0	100000.0
21.0	100000.0
43.0	100000.0
208.0	100000.0
50.0	100000.0
53.0	100000.0
4917.0	100000.0
106102.0	100000.0
56082.0	100000.0
27092.0	100000.0
30.0	100000.0
47.0	100000.0
3016.0	100000.0
51.0	100000.0
52.0	100000.0
34.0	100000.0
51.0	100000.0
1174.0	100000.0
136.0	100000.0
51.0	100000.0
51.0	100000.0
39.0	100000.0
31.0	100000.0
49.0	100000.0
2930.0	100000.0
7695.0	100000.0
106262.0	100000.0
12680.0	100000.0
60.0	100000.0
78.0	100000.0
3086.0	100000.0
60835.0	100000.0
42.0	100000.0
1047.0	100000.0
42.0	100000.0
41.0	100000.0
67.0	100000.0
290.0	100000.0
32.0	100000.0
52.0	100000.0
48.0	100000.0
46.0	100000.0
60.0	100000.0
51.0	100000.0
50.0	100000.0
54.0	100000.0
42.0	100000.0
76.0	100000.0
34.0	100000.0
27.0	100000.0
48.0	100000.0
8.0	100000.0
9.0	100000.0
11.0	100000.0
5.0	100000.0
9.0	100000.0
12.0	100000.0
7.0	100000.0
12.0	100000.0
11.0	100000.0
10.0	100000.0
7.0	100000.0
6.0	100000.0
9.0	100000.0
9.0	100000.0
8.0	100000.0
7.0	100000.0
10.0	100000.0
19.0	100000.0
8.0	100000.0
3844.0	100000.0
83604.0	100000.0
35563.0	100000.0
398.0	100000.0
37077.0	100000.0
25848.0	100000.0
41.0	100000.0
729.0	100000.0
49.0	100000.0
26.0	100000.0
54.0	100000.0
1700.0	100000.0
235.0	100000.0
2784.0	100000.0
56.0	100000.0
51.0	100000.0
74.0	100000.0
42.0	100000.0
40185.0	100000.0
75789.0	100000.0
2273.0	100000.0
41050.0	100000.0
20644.0	100000.0
1586.0	100000.0
39.0	100000.0
59.0	100000.0
45.0	100000.0
9.0	100000.0
35.0	100000.0
9.0	100000.0
7.0	100000.0
7.0	100000.0
10.0	100000.0
51.0	100000.0
6.0	100000.0
8.0	100000.0
279.0	100000.0
15.0	100000.0
14.0	100000.0
8.0	100000.0
8.0	100000.0
8.0	100000.0
9.0	100000.0
9.0	100000.0
6.0	100000.0
6.0	100000.0
10.0	100000.0
4.0	100000.0
2448.0	100000.0
44000.0	100000.0
88083.0	100000.0
951.0	100000.0
45923.0	100000.0
20016.0	100000.0
242.0	100000.0
364.0	100000.0
347.0	100000.0
318.0	100000.0
363.0	100000.0
1567.0	100000.0
2504.0	100000.0
57.0	100000.0
45.0	100000.0
41.0	100000.0
44831.0	100000.0
79907.0	100000.0
3197.0	100000.0
42.0	100000.0
2658.0	100000.0
64323.0	100000.0
44.0	100000.0
1263.0	100000.0
50.0	100000.0
48.0	100000.0
62.0	100000.0
47.0	100000.0
57.0	100000.0
375.0	100000.0
59.0	100000.0
98.0	100000.0
54.0	100000.0
50.0	100000.0
59.0	100000.0
37.0	100000.0
49.0	100000.0
49.0	100000.0
60.0	100000.0
58.0	100000.0
55.0	100000.0
56.0	100000.0
47.0	100000.0
45.0	100000.0
29.0	100000.0
47.0	100000.0
51.0	100000.0
33.0	100000.0
49.0	100000.0
51.0	100000.0
49.0	100000.0
52.0	100000.0
51.0	100000.0
49.0	100000.0
40.0	100000.0
48.0	100000.0
54.0	100000.0
52.0	100000.0
48.0	100000.0
36.0	100000.0
53.0	100000.0
7.0	100000.0
6.0	100000.0
9.0	100000.0
9.0	100000.0
4.0	100000.0
7.0	100000.0
8.0	100000.0
7.0	100000.0
7.0	100000.0
14.0	100000.0
8.0	100000.0
5.0	100000.0
9.0	100000.0
10.0	100000.0
8.0	100000.0
10.0	100000.0
11.0	100000.0
12.0	100000.0
7.0	100000.0
22.0	100000.0
72.0	100000.0
6.0	100000.0
6.0	100000.0
8.0	100000.0
9.0	100000.0
8.0	100000.0
5.0	100000.0
8.0	100000.0
9.0	100000.0
15.0	100000.0
10.0	100000.0
9.0	100000.0
8.0	100000.0
5.0	100000.0
9.0	100000.0
8.0	100000.0
9.0	100000.0
8.0	100000.0
7.0	100000.0
18.0	100000.0
8.0	100000.0
7.0	100000.0
7.0	100000.0
1807.0	100000.0
445.0	100000.0
44.0	100000.0
45.0	100000.0
47.0	100000.0
48.0	100000.0
59.0	100000.0
50.0	100000.0
44.0	100000.0
53.0	100000.0
45.0	100000.0
48.0	100000.0
62.0	100000.0
31.0	100000.0
6.0	100000.0
7.0	100000.0
17.0	100000.0
6.0	100000.0
7.0	100000.0
6.0	100000.0
8.0	100000.0
5.0	100000.0
6.0	100000.0
7.0	100000.0
8.0	100000.0
10.0	100000.0
16.0	100000.0
5.0	100000.0
9.0	100000.0
6.0	100000.0
5.0	100000.0
7.0	100000.0
5.0	100000.0
6.0	100000.0
7.0	100000.0
7.0	100000.0
18.0	100000.0
7.0	100000.0
3.0	100000.0
10.0	100000.0
8.0	100000.0
6.0	100000.0
5.0	100000.0
7.0	100000.0
6.0	100000.0
6.0	100000.0
15.0	100000.0
8.0	100000.0
4.0	100000.0
7.0	100000.0
5.0	100000.0
6.0	100000.0
6.0	100000.0
7.0	100000.0
4.0	100000.0
7.0	100000.0
12.0	100000.0
6.0	100000.0
4.0	100000.0
8.0	100000.0
6.0	100000.0
3.0	100000.0
5.0	100000.0
8.0	100000.0
9.0	100000.0
6.0	100000.0
14.0	100000.0
6.0	100000.0
7.0	100000.0
6.0	100000.0
4.0	100000.0
6.0	100000.0
7.0	100000.0
8.0	100000.0
6.0	100000.0
10.0	100000.0
12.0	100000.0
7.0	100000.0
5.0	100000.0
6.0	100000.0
6.0	100000.0
5.0	100000.0
11.0	100000.0
9.0	100000.0
7.0	100000.0
6.0	100000.0
16.0	100000.0
8.0	100000.0
7.0	100000.0
8.0	100000.0
7.0	100000.0
5.0	100000.0
6.0	100000.0
6.0	100000.0
8.0	100000.0
6.0	100000.0
11.0	100000.0
7.0	100000.0
7.0	100000.0
-1.0	-1.0
145.0	100000.0
0.0	100000.0
0.0	100000.0
0.0	100000.0
0.0	100000.0
0.0	100000.0
0.0	100000.0
105211.0	100000.0
0.0	100000.0
0.0	100000.0
0.0	100000.0
178627.0	100000.0
0.0	100000.0
0.0	100000.0
0.0	100000.0
104117.0	100000.0
7743.0	100000.0
0.0	100000.0
0.0	100000.0
0.0	100000.0
0.0	100000.0
0.0	100000.0
0.0	100000.0
0.0	100000.0
0.0	100000.0
0.0	100000.0
0.0	100000.0
0.0	100000.0
0.0	100000.0
0.0	100000.0
0.0	100000.0
0.0	100000.0
0.0	100000.0
101365.0	100000.0
489.0	100000.0
0.0	100000.0
0.0	100000.0
0.0	100000.0
0.0	100000.0
0.0	100000.0
0.0	100000.0
0.0	100000.0
0.0	100000.0
104182.0	100000.0
0.0	100000.0
0.0	100000.0
0.0	100000.0
0.0	100000.0
0.0	100000.0
0.0	100000.0
0.0	100000.0
0.0	100000.0
79219.0	100000.0
0.0	100000.0
0.0	100000.0
105821.0	100000.0
0.0	100000.0
0.0	100000.0
0.0	100000.0
0.0	100000.0
87230.0	100000.0
0.0	100000.0
37322.0	100000.0
0.0	100000.0
0.0	100000.0
0.0	100000.0
0.0	100000.0
0.0	100000.0
0.0	100000.0
0.0	100000.0
0.0	100000.0
0.0	100000.0
0.0	100000.0
0.0	100000.0
0.0	100000.0
0.0	100000.0
84968.0	100000.0
0.0	100000.0
110339.0	100000.0
0.0	100000.0
0.0	100000.0
0.0	100000.0
41514.0	100000.0
44802.0	100000.0
108404.0	100000.0
0.0	100000.0
34718.0	100000.0
84557.0	100000.0
29411.0	100000.0
0.0	100000.0
0.0	100000.0
0.0	100000.0
0.0	100000.0
0.0	100000.0
180250.0	100000.0
0.0	100000.0
0.0	100000.0
0.0	100000.0
0.0	100000.0
0.0	100000.0
0.0	100000.0
103917.0	100000.0
0.0	100000.0
155968.0	100000.0
0.0	100000.0
0.0	100000.0
0.0	100000.0
0.0	100000.0
0.0	100000.0
0.0	100000.0
0.0	100000.0
100844.0	100000.0
0.0	100000.0
0.0	100000.0
0.0	100000.0
0.0	100000.0
0.0	100000.0
99109.0	100000.0
0.0	100000.0
0.0	100000.0
0.0	100000.0
0.0	100000.0
0.0	100000.0
0.0	100000.0
0.0	100000.0
0.0	100000.0
0.0	100000.0
8794.0	100000.0
118569.0	100000.0
0.0	100000.0
0.0	100000.0
0.0	100000.0
0.0	100000.0
0.0	100000.0
0.0	100000.0
0.0	100000.0
0.0	100000.0
0.0	100000.0
0.0	100000.0
0.0	100000.0
92277.0	100000.0
93864.0	100000.0
0.0	100000.0
0.0	100000.0
0.0	100000.0
0.0	100000.0
0.0	100000.0
0.0	100000.0
0.0	100000.0
81597.0	100000.0
26287.0	100000.0
0.0	100000.0
0.0	100000.0
0.0	100000.0
190427.0	100000.0
0.0	100000.0
0.0	100000.0
0.0	100000.0
0.0	100000.0
0.0	100000.0
0.0	100000.0
0.0	100000.0
0.0	100000.0
0.0	100000.0
0.0	100000.0
0.0	100000.0
0.0	100000.0
100494.0	100000.0
24372.0	100000.0
0.0	100000.0
0.0	100000.0
0.0	100000.0
2062.0	100000.0
0.0	100000.0
0.0	100000.0
103118.0	100000.0
39723.0	100000.0
0.0	100000.0
0.0	100000.0
0.0	100000.0
0.0	100000.0
0.0	100000.0
104769.0	100000.0
0.0	100000.0
18672.0	100000.0
0.0	100000.0
0.0	100000.0
0.0	100000.0
63028.0	100000.0
2813.0	100000.0
0.0	100000.0
0.0	100000.0
0.0	100000.0
69759.0	100000.0
0.0	100000.0
0.0	100000.0
0.0	100000.0
82213.0	100000.0
0.0	100000.0
74387.0	100000.0
0.0	100000.0
70959.0	100000.0
0.0	100000.0
0.0	100000.0
0.0	100000.0
0.0	100000.0
0.0	100000.0
0.0	100000.0
113120.0	100000.0
0.0	100000.0
0.0	100000.0
0.0	100000.0
0.0	100000.0
242571.0	100000.0
0.0	100000.0
0.0	100000.0
0.0	100000.0
0.0	100000.0
0.0	100000.0
0.0	100000.0
0.0	100000.0
0.0	100000.0
0.0	100000.0
69056.0	100000.0
0.0	100000.0
0.0	100000.0
0.0	100000.0
0.0	100000.0
0.0	100000.0
70361.0	100000.0
0.0	100000.0
0.0	100000.0
0.0	100000.0
0.0	100000.0
0.0	100000.0
0.0	100000.0
0.0	100000.0
75868.0	100000.0
0.0	100000.0
0.0	100000.0
0.0	100000.0
0.0	100000.0
3151.0	100000.0
81709.0	100000.0
171178.0	100000.0
0.0	100000.0
0.0	100000.0
0.0	100000.0
0.0	100000.0
0.0	100000.0
0.0	100000.0
0.0	100000.0
26236.0	100000.0
69975.0	100000.0
0.0	100000.0
146581.0	100000.0
0.0	100000.0
0.0	100000.0
151026.0	100000.0
0.0	100000.0
0.0	100000.0
0.0	100000.0
0.0	100000.0
557.0	100000.0
7343.0	100000.0
0.0	100000.0
0.0	100000.0
0.0	100000.0
72670.0	100000.0
0.0	100000.0
0.0	100000.0
0.0	100000.0
0.0	100000.0
0.0	100000.0
0.0	100000.0
77071.0	100000.0
31706.0	100000.0
0.0	100000.0
0.0	100000.0
0.0	100000.0
0.0	100000.0
133704.0	100000.0
0.0	100000.0
11924.0	100000.0
0.0	100000.0
0.0	100000.0
65971.0	100000.0
0.0	100000.0
123437.0	100000.0
0.0	100000.0
0.0	100000.0
0.0	100000.0
0.0	100000.0
0.0	100000.0
0.0	100000.0
71973.0	100000.0
6749.0	100000.0
6760.0	100000.0
8592.0	100000.0
125133.0	100000.0
0.0	100000.0
0.0	100000.0
0.0	100000.0
0.0	100000.0
0.0	100000.0
0.0	100000.0
152702.0	100000.0
0.0	100000.0
14530.0	100000.0
0.0	100000.0
23652.0	100000.0
0.0	100000.0
91725.0	100000.0
0.0	100000.0
0.0	100000.0
0.0	100000.0
0.0	100000.0
0.0	100000.0
3173.0	100000.0
88178.0	100000.0
0.0	100000.0
0.0	100000.0
0.0	100000.0
29880.0	100000.0
0.0	100000.0
0.0	100000.0
0.0	100000.0
0.0	100000.0
0.0	100000.0
0.0	100000.0
0.0	100000.0
0.0	100000.0
0.0	100000.0
0.0	100000.0
0.0	100000.0
85224.0	100000.0
28512.0	100000.0
145105.0	100000.0
0.0	100000.0
0.0	100000.0
0.0	100000.0
0.0	100000.0
95222.0	100000.0
80783.0	100000.0
0.0	100000.0
67905.0	100000.0
0.0	100000.0
0.0	100000.0
127683.0	100000.0
0.0	100000.0
0.0	100000.0
0.0	100000.0
141393.0	100000.0
0.0	100000.0
137683.0	100000.0
0.0	100000.0
0.0	100000.0
92919.0	100000.0
0.0	100000.0
193381.0	100000.0
0.0	100000.0
0.0	100000.0
0.0	100000.0
0.0	100000.0
99750.0	100000.0
0.0	100000.0
0.0	100000.0
0.0	100000.0
0.0	100000.0
0.0	100000.0
0.0	100000.0
119248.0	100000.0
0.0	100000.0
0.0	100000.0
0.0	100000.0
0.0	100000.0
0.0	100000.0
201290.0	100000.0
0.0	100000.0
0.0	100000.0
0.0	100000.0
0.0	100000.0
0.0	100000.0
0.0	100000.0
0.0	100000.0
0.0	100000.0
0.0	100000.0
0.0	100000.0
0.0	100000.0
0.0	100000.0
0.0	100000.0
0.0	100000.0
0.0	100000.0
0.0	100000.0
38412.0	100000.0
197981.0	100000.0
0.0	100000.0
43031.0	100000.0
0.0	100000.0
212.0	100000.0
0.0	100000.0
0.0	100000.0
0.0	100000.0
193.0	100000.0
0.0	100000.0
0.0	100000.0
0.0	100000.0
0.0	100000.0
0.0	100000.0
0.0	100000.0
0.0	100000.0
0.0	100000.0
0.0	100000.0
0.0	100000.0
0.0	100000.0
0.0	100000.0
0.0	100000.0
0.0	100000.0
0.0	100000.0
0.0	100000.0
0.0	100000.0
0.0	100000.0
0.0	100000.0
0.0	100000.0
100242.0	100000.0
33716.0	100000.0
0.0	100000.0
0.0	100000.0
0.0	100000.0
0.0	100000.0
0.0	100000.0
2093560.0	100000.0
0.0	100000.0
0.0	100000.0
0.0	100000.0
0.0	100000.0
0.0	100000.0
0.0	100000.0
0.0	100000.0
0.0	100000.0
0.0	100000.0
0.0	100000.0
0.0	100000.0
0.0	100000.0
99578.0	100000.0
0.0	100000.0
11937.0	100000.0
0.0	100000.0
99058.0	100000.0
109997.0	100000.0
0.0	100000.0
0.0	100000.0
0.0	100000.0
0.0	100000.0
0.0	100000.0
0.0	100000.0
0.0	100000.0
0.0	100000.0
0.0	100000.0
0.0	100000.0
0.0	100000.0
0.0	100000.0
0.0	100000.0
