0.0	100000.0
66311.0	100000.0
402.0	100000.0
349.0	100000.0
273.0	100000.0
575.0	100000.0
89711.0	100000.0
63097.0	100000.0
68702.0	100000.0
1504.0	100000.0
4305.0	100000.0
227.0	100000.0
226.0	100000.0
412.0	100000.0
198.0	100000.0
48.0	100000.0
111.0	100000.0
46.0	100000.0
63.0	100000.0
57.0	100000.0
52.0	100000.0
35.0	100000.0
50.0	100000.0
40.0	100000.0
49.0	100000.0
45.0	100000.0
48.0	100000.0
43.0	100000.0
47.0	100000.0
55.0	100000.0
51.0	100000.0
50.0	100000.0
48.0	100000.0
23.0	100000.0
49.0	100000.0
4437.0	100000.0
57.0	100000.0
42.0	100000.0
3346.0	100000.0
102593.0	100000.0
19816.0	100000.0
357.0	100000.0
306.0	100000.0
276.0	100000.0
60336.0	100000.0
5878.0	100000.0
372.0	100000.0
1407.0	100000.0
380.0	100000.0
467.0	100000.0
3063.0	100000.0
318.0	100000.0
42.0	100000.0
35.0	100000.0
32.0	100000.0
66.0	100000.0
49.0	100000.0
50.0	100000.0
51.0	100000.0
52.0	100000.0
107.0	100000.0
47.0	100000.0
48.0	100000.0
46.0	100000.0
49.0	100000.0
47.0	100000.0
25.0	100000.0
40.0	100000.0
50.0	100000.0
54.0	100000.0
47.0	100000.0
48.0	100000.0
355.0	100000.0
47.0	100000.0
37.0	100000.0
48.0	100000.0
50.0	100000.0
48.0	100000.0
52.0	100000.0
1364.0	100000.0
30.0	100000.0
49.0	100000.0
44.0	100000.0
37.0	100000.0
49.0	100000.0
47.0	100000.0
191.0	100000.0
50.0	100000.0
47.0	100000.0
55.0	100000.0
49.0	100000.0
47.0	100000.0
50.0	100000.0
50.0	100000.0
59.0	100000.0
50.0	100000.0
50.0	100000.0
47.0	100000.0
47.0	100000.0
51.0	100000.0
7.0	100000.0
8.0	100000.0
5.0	100000.0
8.0	100000.0
33.0	100000.0
8.0	100000.0
7.0	100000.0
10.0	100000.0
11.0	100000.0
16.0	100000.0
5.0	100000.0
6.0	100000.0
9.0	100000.0
9.0	100000.0
8.0	100000.0
8.0	100000.0
6.0	100000.0
10.0	100000.0
7.0	100000.0
3771.0	100000.0
80905.0	100000.0
54203.0	100000.0
57891.0	100000.0
37.0	100000.0
76.0	100000.0
1470.0	100000.0
38.0	100000.0
80.0	100000.0
3737.0	100000.0
52.0	100000.0
2997.0	100000.0
56.0	100000.0
37.0	100000.0
204.0	100000.0
6.0	100000.0
342.0	100000.0
49.0	100000.0
49.0	100000.0
62.0	100000.0
55.0	100000.0
61.0	100000.0
31.0	100000.0
57.0	100000.0
17.0	100000.0
65.0	100000.0
49.0	100000.0
44.0	100000.0
51.0	100000.0
47.0	100000.0
189.0	100000.0
4.0	100000.0
9.0	100000.0
6.0	100000.0
6.0	100000.0
4.0	100000.0
9.0	100000.0
7.0	100000.0
8.0	100000.0
5.0	100000.0
18.0	100000.0
7.0	100000.0
7.0	100000.0
6.0	100000.0
5.0	100000.0
7.0	100000.0
3.0	100000.0
7.0	100000.0
6.0	100000.0
5.0	100000.0
12.0	100000.0
7.0	100000.0
5.0	100000.0
226.0	100000.0
46.0	100000.0
431.0	100000.0
29.0	100000.0
49.0	100000.0
43.0	100000.0
30.0	100000.0
59.0	100000.0
47.0	100000.0
50.0	100000.0
80.0	100000.0
43.0	100000.0
22.0	100000.0
51.0	100000.0
3107.0	100000.0
24587.0	100000.0
100734.0	100000.0
7852.0	100000.0
58615.0	100000.0
6135.0	100000.0
1410.0	100000.0
383.0	100000.0
351.0	100000.0
355.0	100000.0
369.0	100000.0
4809.0	100000.0
74.0	100000.0
58.0	100000.0
67.0	100000.0
42.0	100000.0
67.0	100000.0
43.0	100000.0
44.0	100000.0
47.0	100000.0
56.0	100000.0
100.0	100000.0
55.0	100000.0
50.0	100000.0
45.0	100000.0
55.0	100000.0
56.0	100000.0
41.0	100000.0
51.0	100000.0
44.0	100000.0
57.0	100000.0
35.0	100000.0
26.0	100000.0
58.0	100000.0
45.0	100000.0
51.0	100000.0
45.0	100000.0
27.0	100000.0
64.0	100000.0
61.0	100000.0
48.0	100000.0
45.0	100000.0
44.0	100000.0
35.0	100000.0
60.0	100000.0
48.0	100000.0
47.0	100000.0
55.0	100000.0
47.0	100000.0
30.0	100000.0
49.0	100000.0
44.0	100000.0
31.0	100000.0
38.0	100000.0
36.0	100000.0
49.0	100000.0
48.0	100000.0
63.0	100000.0
43.0	100000.0
56.0	100000.0
148.0	100000.0
51.0	100000.0
5.0	100000.0
17.0	100000.0
36.0	100000.0
8.0	100000.0
7.0	100000.0
629.0	100000.0
57.0	100000.0
60.0	100000.0
65.0	100000.0
1890.0	100000.0
454.0	100000.0
60.0	100000.0
47.0	100000.0
61.0	100000.0
58.0	100000.0
50.0	100000.0
45.0	100000.0
46.0	100000.0
52.0	100000.0
5.0	100000.0
3.0	100000.0
12.0	100000.0
5.0	100000.0
7.0	100000.0
4.0	100000.0
3.0	100000.0
6.0	100000.0
7.0	100000.0
4.0	100000.0
6.0	100000.0
3.0	100000.0
11.0	100000.0
7.0	100000.0
10.0	100000.0
4.0	100000.0
6.0	100000.0
247.0	100000.0
13.0	100000.0
6.0	100000.0
6.0	100000.0
3.0	100000.0
11.0	100000.0
5.0	100000.0
4.0	100000.0
6.0	100000.0
5.0	100000.0
7.0	100000.0
4.0	100000.0
3.0	100000.0
8.0	100000.0
3.0	100000.0
12.0	100000.0
4.0	100000.0
5.0	100000.0
5.0	100000.0
3.0	100000.0
6.0	100000.0
5.0	100000.0
4.0	100000.0
4.0	100000.0
4.0	100000.0
12.0	100000.0
6.0	100000.0
4.0	100000.0
6.0	100000.0
6.0	100000.0
4.0	100000.0
7.0	100000.0
6.0	100000.0
6.0	100000.0
7.0	100000.0
16.0	100000.0
3.0	100000.0
7.0	100000.0
3.0	100000.0
6.0	100000.0
5.0	100000.0
4.0	100000.0
6.0	100000.0
6.0	100000.0
3.0	100000.0
12.0	100000.0
6.0	100000.0
4.0	100000.0
5.0	100000.0
4.0	100000.0
6.0	100000.0
8.0	100000.0
6.0	100000.0
6.0	100000.0
4.0	100000.0
17.0	100000.0
4.0	100000.0
4.0	100000.0
3.0	100000.0
5.0	100000.0
6.0	100000.0
8.0	100000.0
4.0	100000.0
7.0	100000.0
5.0	100000.0
11.0	100000.0
7.0	100000.0
8.0	100000.0
4.0	100000.0
6.0	100000.0
3.0	100000.0
7.0	100000.0
6.0	100000.0
6.0	100000.0
5.0	100000.0
14.0	100000.0
6.0	100000.0
4.0	100000.0
7.0	100000.0
9.0	100000.0
8.0	100000.0
6.0	100000.0
80.0	100000.0
8.0	100000.0
4.0	100000.0
13.0	100000.0
6.0	100000.0
5.0	100000.0
3.0	100000.0
6.0	100000.0
6.0	100000.0
7.0	100000.0
4.0	100000.0
-1.0	-1.0
0.0	100000.0
0.0	100000.0
101499.0	100000.0
0.0	100000.0
0.0	100000.0
0.0	100000.0
0.0	100000.0
115185.0	100000.0
0.0	100000.0
0.0	100000.0
0.0	100000.0
7950.0	100000.0
0.0	100000.0
0.0	100000.0
0.0	100000.0
0.0	100000.0
0.0	100000.0
100489.0	100000.0
103621.0	100000.0
89831.0	100000.0
0.0	100000.0
0.0	100000.0
0.0	100000.0
0.0	100000.0
100621.0	100000.0
99055.0	100000.0
0.0	100000.0
0.0	100000.0
0.0	100000.0
0.0	100000.0
0.0	100000.0
102709.0	100000.0
0.0	100000.0
0.0	100000.0
0.0	100000.0
0.0	100000.0
112168.0	100000.0
142028.0	100000.0
0.0	100000.0
0.0	100000.0
0.0	100000.0
103484.0	100000.0
24535.0	100000.0
0.0	100000.0
0.0	100000.0
0.0	100000.0
0.0	100000.0
0.0	100000.0
0.0	100000.0
0.0	100000.0
0.0	100000.0
0.0	100000.0
0.0	100000.0
0.0	100000.0
0.0	100000.0
0.0	100000.0
