27990.0	30000.0
28482.0	30000.0
28116.0	30000.0
22309.0	30000.0
28301.0	30000.0
29065.0	30000.0
29172.0	30000.0
29740.0	30000.0
29179.0	30000.0
19270.0	30000.0
21608.0	30000.0
29362.0	30000.0
29335.0	30000.0
28184.0	30000.0
15979.0	30000.0
377.0	30000.0
378.0	30000.0
390.0	30000.0
454.0	30000.0
98.0	30000.0
1312.0	30000.0
3764.0	30000.0
42.0	30000.0
40.0	30000.0
32.0	30000.0
418.0	30000.0
3652.0	30000.0
58.0	30000.0
61.0	30000.0
40.0	30000.0
2605.0	30000.0
31870.0	30000.0
30017.0	30000.0
30007.0	30000.0
29212.0	30000.0
27897.0	30000.0
15830.0	30000.0
39.0	30000.0
66.0	30000.0
46.0	30000.0
28.0	30000.0
40.0	30000.0
43.0	30000.0
61.0	30000.0
38.0	30000.0
43.0	30000.0
43.0	30000.0
16615.0	30000.0
30096.0	30000.0
29741.0	30000.0
20492.0	30000.0
32.0	30000.0
61.0	30000.0
42.0	30000.0
43.0	30000.0
26.0	30000.0
1104.0	30000.0
48.0	30000.0
49.0	30000.0
42.0	30000.0
45.0	30000.0
87.0	30000.0
45.0	30000.0
44.0	30000.0
25.0	30000.0
22.0	30000.0
35.0	30000.0
4488.0	30000.0
52.0	30000.0
26.0	30000.0
29.0	30000.0
26.0	30000.0
63.0	30000.0
20.0	30000.0
17.0	30000.0
18.0	30000.0
4795.0	30000.0
22558.0	30000.0
30034.0	30000.0
30024.0	30000.0
29274.0	30000.0
31066.0	30000.0
25957.0	30000.0
6801.0	30000.0
100.0	30000.0
83.0	30000.0
133.0	30000.0
54.0	30000.0
42.0	30000.0
48.0	30000.0
42.0	30000.0
13717.0	30000.0
30150.0	30000.0
29735.0	30000.0
27747.0	30000.0
51.0	30000.0
70.0	30000.0
57.0	30000.0
45.0	30000.0
43.0	30000.0
38.0	30000.0
5454.0	30000.0
30.0	30000.0
164.0	30000.0
27332.0	30000.0
29964.0	30000.0
29542.0	30000.0
29371.0	30000.0
30523.0	30000.0
20720.0	30000.0
4652.0	30000.0
29786.0	30000.0
29344.0	30000.0
29784.0	30000.0
20955.0	30000.0
1728.0	30000.0
115.0	30000.0
38.0	30000.0
26.0	30000.0
39.0	30000.0
43.0	30000.0
4179.0	30000.0
48.0	30000.0
32.0	30000.0
37.0	30000.0
331.0	30000.0
5393.0	30000.0
15565.0	30000.0
29837.0	30000.0
30096.0	30000.0
29626.0	30000.0
30733.0	30000.0
20984.0	30000.0
2394.0	30000.0
8344.0	30000.0
32901.0	30000.0
29420.0	30000.0
29747.0	30000.0
23928.0	30000.0
50.0	30000.0
34.0	30000.0
45.0	30000.0
49.0	30000.0
732.0	30000.0
2705.0	30000.0
56.0	30000.0
49.0	30000.0
46.0	30000.0
76.0	30000.0
46.0	30000.0
54.0	30000.0
45.0	30000.0
2669.0	30000.0
43.0	30000.0
42.0	30000.0
56.0	30000.0
39.0	30000.0
39.0	30000.0
1217.0	30000.0
24744.0	30000.0
29754.0	30000.0
30038.0	30000.0
29961.0	30000.0
29929.0	30000.0
30015.0	30000.0
31709.0	30000.0
19133.0	30000.0
9839.0	30000.0
31871.0	30000.0
29694.0	30000.0
30122.0	30000.0
27435.0	30000.0
44.0	30000.0
33.0	30000.0
2145.0	30000.0
59.0	30000.0
43.0	30000.0
50.0	30000.0
4122.0	30000.0
369.0	30000.0
990.0	30000.0
6408.0	30000.0
30061.0	30000.0
29616.0	30000.0
29941.0	30000.0
29076.0	30000.0
30520.0	30000.0
8840.0	30000.0
2191.0	30000.0
25594.0	30000.0
29639.0	30000.0
30067.0	30000.0
13161.0	30000.0
49.0	30000.0
69.0	30000.0
50.0	30000.0
21.0	30000.0
57.0	30000.0
51.0	30000.0
41.0	30000.0
43.0	30000.0
43.0	30000.0
1414.0	30000.0
3788.0	30000.0
22295.0	30000.0
30102.0	30000.0
30092.0	30000.0
30167.0	30000.0
31515.0	30000.0
26807.0	30000.0
18385.0	30000.0
31656.0	30000.0
30129.0	30000.0
29240.0	30000.0
29635.0	30000.0
7103.0	30000.0
3246.0	30000.0
4890.0	30000.0
29869.0	30000.0
30021.0	30000.0
29649.0	30000.0
29983.0	30000.0
29900.0	30000.0
29111.0	30000.0
22356.0	30000.0
4614.0	30000.0
28788.0	30000.0
29357.0	30000.0
29752.0	30000.0
23091.0	30000.0
2565.0	30000.0
44.0	30000.0
44.0	30000.0
39.0	30000.0
52.0	30000.0
43.0	30000.0
42.0	30000.0
41.0	30000.0
40.0	30000.0
40.0	30000.0
50.0	30000.0
43.0	30000.0
43.0	30000.0
411.0	30000.0
50.0	30000.0
38.0	30000.0
31.0	30000.0
44.0	30000.0
79.0	30000.0
3843.0	30000.0
17662.0	30000.0
30009.0	30000.0
29665.0	30000.0
30180.0	30000.0
30058.0	30000.0
23860.0	30000.0
2654.0	30000.0
398.0	30000.0
433.0	30000.0
467.0	30000.0
459.0	30000.0
51.0	30000.0
31.0	30000.0
848.0	30000.0
29931.0	30000.0
29274.0	30000.0
29307.0	30000.0
13921.0	30000.0
51.0	30000.0
93.0	30000.0
46.0	30000.0
43.0	30000.0
42.0	30000.0
43.0	30000.0
59.0	30000.0
42.0	30000.0
30.0	30000.0
54.0	30000.0
731.0	30000.0
34.0	30000.0
50.0	30000.0
66.0	30000.0
28.0	30000.0
71.0	30000.0
4322.0	30000.0
681.0	30000.0
561.0	30000.0
392.0	30000.0
134.0	30000.0
514.0	30000.0
582.0	30000.0
451.0	30000.0
9613.0	30000.0
29615.0	30000.0
30043.0	30000.0
29645.0	30000.0
29992.0	30000.0
29650.0	30000.0
30664.0	30000.0
28858.0	30000.0
9439.0	30000.0
2548.0	30000.0
24097.0	30000.0
30894.0	30000.0
29408.0	30000.0
31409.0	30000.0
2423.0	30000.0
67.0	30000.0
43.0	30000.0
43.0	30000.0
412.0	30000.0
62.0	30000.0
15.0	30000.0
44.0	30000.0
2613.0	30000.0
43.0	30000.0
38.0	30000.0
49.0	30000.0
48.0	30000.0
92.0	30000.0
23.0	30000.0
42.0	30000.0
53.0	30000.0
22408.0	30000.0
29534.0	30000.0
29906.0	30000.0
29999.0	30000.0
29437.0	30000.0
27029.0	30000.0
8205.0	30000.0
3303.0	30000.0
29771.0	30000.0
29742.0	30000.0
29343.0	30000.0
5429.0	30000.0
1508.0	30000.0
46.0	30000.0
108.0	30000.0
4744.0	30000.0
25058.0	30000.0
29675.0	30000.0
30038.0	30000.0
30006.0	30000.0
28972.0	30000.0
24133.0	30000.0
6210.0	30000.0
24711.0	30000.0
29994.0	30000.0
30024.0	30000.0
27885.0	30000.0
91.0	30000.0
78.0	30000.0
52.0	30000.0
106.0	30000.0
86.0	30000.0
43.0	30000.0
46.0	30000.0
43.0	30000.0
600.0	30000.0
41.0	30000.0
44.0	30000.0
36.0	30000.0
38.0	30000.0
1649.0	30000.0
50.0	30000.0
1519.0	30000.0
19973.0	30000.0
29727.0	30000.0
29964.0	30000.0
29618.0	30000.0
30061.0	30000.0
24586.0	30000.0
7759.0	30000.0
29790.0	30000.0
30099.0	30000.0
30103.0	30000.0
5804.0	30000.0
645.0	30000.0
106.0	30000.0
52.0	30000.0
52.0	30000.0
41.0	30000.0
42.0	30000.0
64.0	30000.0
44.0	30000.0
2132.0	30000.0
15802.0	30000.0
30289.0	30000.0
29994.0	30000.0
30021.0	30000.0
31696.0	30000.0
27458.0	30000.0
10776.0	30000.0
8534.0	30000.0
30113.0	30000.0
29849.0	30000.0
30133.0	30000.0
8916.0	30000.0
42.0	30000.0
44.0	30000.0
74.0	30000.0
51.0	30000.0
51.0	30000.0
43.0	30000.0
47.0	30000.0
52.0	30000.0
3856.0	30000.0
1939.0	30000.0
26552.0	30000.0
29922.0	30000.0
29594.0	30000.0
28581.0	30000.0
28319.0	30000.0
11774.0	30000.0
45.0	30000.0
77.0	30000.0
119.0	30000.0
79.0	30000.0
520.0	30000.0
2496.0	30000.0
19662.0	30000.0
29430.0	30000.0
29922.0	30000.0
29477.0	30000.0
27457.0	30000.0
123.0	30000.0
60.0	30000.0
42.0	30000.0
755.0	30000.0
3759.0	30000.0
9354.0	30000.0
29971.0	30000.0
30012.0	30000.0
29435.0	30000.0
36011.0	30000.0
25606.0	30000.0
12083.0	30000.0
1293.0	30000.0
16825.0	30000.0
30908.0	30000.0
29779.0	30000.0
27768.0	30000.0
949.0	30000.0
107.0	30000.0
74.0	30000.0
36.0	30000.0
52.0	30000.0
408.0	30000.0
46.0	30000.0
51.0	30000.0
3828.0	30000.0
30297.0	30000.0
29618.0	30000.0
29842.0	30000.0
29857.0	30000.0
28538.0	30000.0
18680.0	30000.0
777.0	30000.0
21832.0	30000.0
29892.0	30000.0
29438.0	30000.0
19672.0	30000.0
41.0	30000.0
10.0	30000.0
162.0	30000.0
696.0	30000.0
42.0	30000.0
25.0	30000.0
35.0	30000.0
68.0	30000.0
49.0	30000.0
38.0	30000.0
4771.0	30000.0
19842.0	30000.0
30073.0	30000.0
30094.0	30000.0
29685.0	30000.0
30985.0	30000.0
24754.0	30000.0
18682.0	30000.0
31000.0	30000.0
29722.0	30000.0
28766.0	30000.0
11101.0	30000.0
43.0	30000.0
31.0	30000.0
34.0	30000.0
1225.0	30000.0
65.0	30000.0
27.0	30000.0
53.0	30000.0
25.0	30000.0
1217.0	30000.0
1979.0	30000.0
21733.0	30000.0
30076.0	30000.0
29666.0	30000.0
29672.0	30000.0
31556.0	30000.0
25698.0	30000.0
16471.0	30000.0
81.0	30000.0
104.0	30000.0
54.0	30000.0
31.0	30000.0
43.0	30000.0
522.0	30000.0
25745.0	30000.0
29771.0	30000.0
29350.0	30000.0
13199.0	30000.0
62.0	30000.0
366.0	30000.0
45.0	30000.0
71.0	30000.0
43.0	30000.0
39.0	30000.0
282.0	30000.0
28.0	30000.0
62.0	30000.0
5761.0	30000.0
42.0	30000.0
58.0	30000.0
3831.0	30000.0
29586.0	30000.0
30409.0	30000.0
30005.0	30000.0
31160.0	30000.0
29137.0	30000.0
15513.0	30000.0
1321.0	30000.0
55.0	30000.0
915.0	30000.0
25926.0	30000.0
29673.0	30000.0
29021.0	30000.0
9531.0	30000.0
342.0	30000.0
94.0	30000.0
2889.0	30000.0
24320.0	30000.0
29649.0	30000.0
29715.0	30000.0
30004.0	30000.0
29407.0	30000.0
24465.0	30000.0
7917.0	30000.0
25289.0	30000.0
29566.0	30000.0
29885.0	30000.0
28073.0	30000.0
2324.0	30000.0
71.0	30000.0
40.0	30000.0
97.0	30000.0
39.0	30000.0
42.0	30000.0
39.0	30000.0
54.0	30000.0
53.0	30000.0
44.0	30000.0
42.0	30000.0
43.0	30000.0
1377.0	30000.0
33.0	30000.0
9.0	30000.0
9.0	30000.0
7.0	30000.0
24.0	30000.0
20.0	30000.0
10.0	30000.0
9.0	30000.0
13.0	30000.0
61.0	30000.0
7.0	30000.0
