31268864.0	268435456.0
139317248.0	268435456.0
41828352.0	268435456.0
39649280.0	268435456.0
42139648.0	268435456.0
39862272.0	268435456.0
37744640.0	268435456.0
37744640.0	268435456.0
141783040.0	268435456.0
61239296.0	268435456.0
41672704.0	268435456.0
41390080.0	268435456.0
41287680.0	268435456.0
41164800.0	268435456.0
41295872.0	268435456.0
41197568.0	268435456.0
41197568.0	268435456.0
41197568.0	268435456.0
41295872.0	268435456.0
40656896.0	268435456.0
69087232.0	268435456.0
139726848.0	268435456.0
45506560.0	268435456.0
42545152.0	268435456.0
42262528.0	268435456.0
42217472.0	268435456.0
42217472.0	268435456.0
42217472.0	268435456.0
39854080.0	268435456.0
140095488.0	268435456.0
100495360.0	268435456.0
148369408.0	268435456.0
42999808.0	268435456.0
42876928.0	268435456.0
45219840.0	268435456.0
42885120.0	268435456.0
42770432.0	268435456.0
42770432.0	268435456.0
42770432.0	268435456.0
44998656.0	268435456.0
40460288.0	268435456.0
41332736.0	268435456.0
140718080.0	268435456.0
47292416.0	268435456.0
43827200.0	268435456.0
43819008.0	268435456.0
43642880.0	268435456.0
46002176.0	268435456.0
43679744.0	268435456.0
43520000.0	268435456.0
43520000.0	268435456.0
43520000.0	268435456.0
45682688.0	268435456.0
45846528.0	268435456.0
43495424.0	268435456.0
43495424.0	268435456.0
43495424.0	268435456.0
141967360.0	268435456.0
47087616.0	268435456.0
42471424.0	268435456.0
42397696.0	268435456.0
79958016.0	268435456.0
44617728.0	268435456.0
44617728.0	268435456.0
44617728.0	268435456.0
46862336.0	268435456.0
44650496.0	268435456.0
44687360.0	268435456.0
44650496.0	268435456.0
44650496.0	268435456.0
44650496.0	268435456.0
44650496.0	268435456.0
44650496.0	268435456.0
44650496.0	268435456.0
44650496.0	268435456.0
44634112.0	268435456.0
44634112.0	268435456.0
44634112.0	268435456.0
44634112.0	268435456.0
44634112.0	268435456.0
44634112.0	268435456.0
44634112.0	268435456.0
44617728.0	268435456.0
42283008.0	268435456.0
42283008.0	268435456.0
43724800.0	268435456.0
142602240.0	268435456.0
43569152.0	268435456.0
47951872.0	268435456.0
45727744.0	268435456.0
45727744.0	268435456.0
47828992.0	268435456.0
45621248.0	268435456.0
45576192.0	268435456.0
47550464.0	268435456.0
44949504.0	268435456.0
143450112.0	268435456.0
43659264.0	268435456.0
44691456.0	268435456.0
48754688.0	268435456.0
46522368.0	268435456.0
46260224.0	268435456.0
46170112.0	268435456.0
45998080.0	268435456.0
45981696.0	268435456.0
45981696.0	268435456.0
45981696.0	268435456.0
46022656.0	268435456.0
46006272.0	268435456.0
45989888.0	268435456.0
45989888.0	268435456.0
45989888.0	268435456.0
46125056.0	268435456.0
46002176.0	268435456.0
143892480.0	268435456.0
48615424.0	268435456.0
44011520.0	268435456.0
43995136.0	268435456.0
93761536.0	268435456.0
46833664.0	268435456.0
46755840.0	268435456.0
46505984.0	268435456.0
44310528.0	268435456.0
44294144.0	268435456.0
44294144.0	268435456.0
144519168.0	268435456.0
144457728.0	268435456.0
44568576.0	268435456.0
44441600.0	268435456.0
155492352.0	268435456.0
47095808.0	268435456.0
46993408.0	268435456.0
46960640.0	268435456.0
46960640.0	268435456.0
46886912.0	268435456.0
46886912.0	268435456.0
46886912.0	268435456.0
47050752.0	268435456.0
47050752.0	268435456.0
47050752.0	268435456.0
47050752.0	268435456.0
46907392.0	268435456.0
46891008.0	268435456.0
46891008.0	268435456.0
46919680.0	268435456.0
46919680.0	268435456.0
46919680.0	268435456.0
46919680.0	268435456.0
46919680.0	268435456.0
46919680.0	268435456.0
46903296.0	268435456.0
148197376.0	268435456.0
47075328.0	268435456.0
156098560.0	268435456.0
47542272.0	268435456.0
47386624.0	268435456.0
47386624.0	268435456.0
47427584.0	268435456.0
47427584.0	268435456.0
47386624.0	268435456.0
47386624.0	268435456.0
47386624.0	268435456.0
47386624.0	268435456.0
47239168.0	268435456.0
45031424.0	268435456.0
45031424.0	268435456.0
148647936.0	268435456.0
47849472.0	268435456.0
45895680.0	268435456.0
46100480.0	268435456.0
156119040.0	268435456.0
48009216.0	268435456.0
47845376.0	268435456.0
47845376.0	268435456.0
47845376.0	268435456.0
47730688.0	268435456.0
50008064.0	268435456.0
47833088.0	268435456.0
47833088.0	268435456.0
47833088.0	268435456.0
47833088.0	268435456.0
45375488.0	268435456.0
145485824.0	268435456.0
50356224.0	268435456.0
45871104.0	268435456.0
104034304.0	268435456.0
48308224.0	268435456.0
48197632.0	268435456.0
48300032.0	268435456.0
48300032.0	268435456.0
48070656.0	268435456.0
48070656.0	268435456.0
47955968.0	268435456.0
47955968.0	268435456.0
47955968.0	268435456.0
47955968.0	268435456.0
47955968.0	268435456.0
47955968.0	268435456.0
47939584.0	268435456.0
45748224.0	268435456.0
45744128.0	268435456.0
148381696.0	268435456.0
51392512.0	268435456.0
48730112.0	268435456.0
46407680.0	268435456.0
46231552.0	268435456.0
47562752.0	268435456.0
51179520.0	268435456.0
48984064.0	268435456.0
48726016.0	268435456.0
48771072.0	268435456.0
48726016.0	268435456.0
48709632.0	268435456.0
48885760.0	268435456.0
48844800.0	268435456.0
48721920.0	268435456.0
48607232.0	268435456.0
48607232.0	268435456.0
48607232.0	268435456.0
48607232.0	268435456.0
48607232.0	268435456.0
48607232.0	268435456.0
50688000.0	268435456.0
149782528.0	268435456.0
47091712.0	268435456.0
49332224.0	268435456.0
48959488.0	268435456.0
51122176.0	268435456.0
48939008.0	268435456.0
48939008.0	268435456.0
46600192.0	268435456.0
46542848.0	268435456.0
47468544.0	268435456.0
47550464.0	268435456.0
150786048.0	268435456.0
49934336.0	268435456.0
50049024.0	268435456.0
55197696.0	268435456.0
50753536.0	268435456.0
50536448.0	268435456.0
50458624.0	268435456.0
50331648.0	268435456.0
50331648.0	268435456.0
50315264.0	268435456.0
50315264.0	268435456.0
47939584.0	268435456.0
47939584.0	268435456.0
151257088.0	268435456.0
50688000.0	268435456.0
48607232.0	268435456.0
50438144.0	268435456.0
50896896.0	268435456.0
50778112.0	268435456.0
53006336.0	268435456.0
50745344.0	268435456.0
50700288.0	268435456.0
50683904.0	268435456.0
50700288.0	268435456.0
42557440.0	268435456.0
42557440.0	268435456.0
42606592.0	268435456.0
42504192.0	268435456.0
42504192.0	268435456.0
42381312.0	268435456.0
42381312.0	268435456.0
42381312.0	268435456.0
42381312.0	268435456.0
42364928.0	268435456.0
42364928.0	268435456.0
42364928.0	268435456.0
42364928.0	268435456.0
42364928.0	268435456.0
42418176.0	268435456.0
42418176.0	268435456.0
42418176.0	268435456.0
42418176.0	268435456.0
42364928.0	268435456.0
42364928.0	268435456.0
42364928.0	268435456.0
42364928.0	268435456.0
42364928.0	268435456.0
42364928.0	268435456.0
42364928.0	268435456.0
42364928.0	268435456.0
42364928.0	268435456.0
42364928.0	268435456.0
42364928.0	268435456.0
42364928.0	268435456.0
42364928.0	268435456.0
42364928.0	268435456.0
42364928.0	268435456.0
42364928.0	268435456.0
42364928.0	268435456.0
142295040.0	268435456.0
42770432.0	268435456.0
151388160.0	268435456.0
43089920.0	268435456.0
42950656.0	268435456.0
42856448.0	268435456.0
42872832.0	268435456.0
43003904.0	268435456.0
42930176.0	268435456.0
42930176.0	268435456.0
42930176.0	268435456.0
40800256.0	268435456.0
144097280.0	268435456.0
45326336.0	268435456.0
40808448.0	268435456.0
40755200.0	268435456.0
40869888.0	268435456.0
151597056.0	268435456.0
43249664.0	268435456.0
43073536.0	268435456.0
43073536.0	268435456.0
43081728.0	268435456.0
43081728.0	268435456.0
43081728.0	268435456.0
43081728.0	268435456.0
43081728.0	268435456.0
43081728.0	268435456.0
43065344.0	268435456.0
43065344.0	268435456.0
43065344.0	268435456.0
43040768.0	268435456.0
43040768.0	268435456.0
43040768.0	268435456.0
43040768.0	268435456.0
43040768.0	268435456.0
43040768.0	268435456.0
43040768.0	268435456.0
43040768.0	268435456.0
43040768.0	268435456.0
43040768.0	268435456.0
43040768.0	268435456.0
43040768.0	268435456.0
43040768.0	268435456.0
43040768.0	268435456.0
43040768.0	268435456.0
43040768.0	268435456.0
43040768.0	268435456.0
43040768.0	268435456.0
43040768.0	268435456.0
43040768.0	268435456.0
43040768.0	268435456.0
43040768.0	268435456.0
43040768.0	268435456.0
43040768.0	268435456.0
43040768.0	268435456.0
43040768.0	268435456.0
43040768.0	268435456.0
43040768.0	268435456.0
43040768.0	268435456.0
43040768.0	268435456.0
43040768.0	268435456.0
43040768.0	268435456.0
43040768.0	268435456.0
43040768.0	268435456.0
43040768.0	268435456.0
43040768.0	268435456.0
43040768.0	268435456.0
43040768.0	268435456.0
43040768.0	268435456.0
43040768.0	268435456.0
43061248.0	268435456.0
43048960.0	268435456.0
43048960.0	268435456.0
43048960.0	268435456.0
43048960.0	268435456.0
43048960.0	268435456.0
43048960.0	268435456.0
43032576.0	268435456.0
43032576.0	268435456.0
43032576.0	268435456.0
43032576.0	268435456.0
43032576.0	268435456.0
43032576.0	268435456.0
43032576.0	268435456.0
43032576.0	268435456.0
43032576.0	268435456.0
43032576.0	268435456.0
43032576.0	268435456.0
43032576.0	268435456.0
43032576.0	268435456.0
43032576.0	268435456.0
43032576.0	268435456.0
43032576.0	268435456.0
43032576.0	268435456.0
43032576.0	268435456.0
43032576.0	268435456.0
43032576.0	268435456.0
43032576.0	268435456.0
43032576.0	268435456.0
43032576.0	268435456.0
43032576.0	268435456.0
43032576.0	268435456.0
43032576.0	268435456.0
43032576.0	268435456.0
43032576.0	268435456.0
43032576.0	268435456.0
43032576.0	268435456.0
43032576.0	268435456.0
43032576.0	268435456.0
43032576.0	268435456.0
43032576.0	268435456.0
43032576.0	268435456.0
43032576.0	268435456.0
43032576.0	268435456.0
43032576.0	268435456.0
43032576.0	268435456.0
43032576.0	268435456.0
43032576.0	268435456.0
43032576.0	268435456.0
43032576.0	268435456.0
43032576.0	268435456.0
43032576.0	268435456.0
43032576.0	268435456.0
43032576.0	268435456.0
43032576.0	268435456.0
43032576.0	268435456.0
43032576.0	268435456.0
43032576.0	268435456.0
43032576.0	268435456.0
43032576.0	268435456.0
43032576.0	268435456.0
43032576.0	268435456.0
43032576.0	268435456.0
43032576.0	268435456.0
43032576.0	268435456.0
43032576.0	268435456.0
43032576.0	268435456.0
43032576.0	268435456.0
43032576.0	268435456.0
43032576.0	268435456.0
43032576.0	268435456.0
43032576.0	268435456.0
43032576.0	268435456.0
43032576.0	268435456.0
43032576.0	268435456.0
43032576.0	268435456.0
43032576.0	268435456.0
43032576.0	268435456.0
43032576.0	268435456.0
43032576.0	268435456.0
43032576.0	268435456.0
43032576.0	268435456.0
43032576.0	268435456.0
43032576.0	268435456.0
43032576.0	268435456.0
43032576.0	268435456.0
43032576.0	268435456.0
43032576.0	268435456.0
43032576.0	268435456.0
43032576.0	268435456.0
43032576.0	268435456.0
43032576.0	268435456.0
43032576.0	268435456.0
43032576.0	268435456.0
43032576.0	268435456.0
43032576.0	268435456.0
43032576.0	268435456.0
43032576.0	268435456.0
43032576.0	268435456.0
43032576.0	268435456.0
43032576.0	268435456.0
43032576.0	268435456.0
43032576.0	268435456.0
43032576.0	268435456.0
43032576.0	268435456.0
43032576.0	268435456.0
43032576.0	268435456.0
43032576.0	268435456.0
43032576.0	268435456.0
43032576.0	268435456.0
43032576.0	268435456.0
43032576.0	268435456.0
43032576.0	268435456.0
43065344.0	268435456.0
43065344.0	268435456.0
43065344.0	268435456.0
43065344.0	268435456.0
43065344.0	268435456.0
43065344.0	268435456.0
43065344.0	268435456.0
43065344.0	268435456.0
43065344.0	268435456.0
43065344.0	268435456.0
43065344.0	268435456.0
43065344.0	268435456.0
43065344.0	268435456.0
43065344.0	268435456.0
43065344.0	268435456.0
43065344.0	268435456.0
43065344.0	268435456.0
43065344.0	268435456.0
-1.0	-1.0
44544000.0	268435456.0
44544000.0	268435456.0
155402240.0	268435456.0
46952448.0	268435456.0
46952448.0	268435456.0
46952448.0	268435456.0
44580864.0	268435456.0
44564480.0	268435456.0
44564480.0	268435456.0
44564480.0	268435456.0
147968000.0	268435456.0
47403008.0	268435456.0
44658688.0	268435456.0
44658688.0	268435456.0
155586560.0	268435456.0
47435776.0	268435456.0
47161344.0	268435456.0
47067136.0	268435456.0
148176896.0	268435456.0
45015040.0	268435456.0
45006848.0	268435456.0
44785664.0	268435456.0
44785664.0	268435456.0
47603712.0	268435456.0
47480832.0	268435456.0
47337472.0	268435456.0
47149056.0	268435456.0
47149056.0	268435456.0
47083520.0	268435456.0
47099904.0	268435456.0
47099904.0	268435456.0
47099904.0	268435456.0
49713152.0	268435456.0
44732416.0	268435456.0
44716032.0	268435456.0
44716032.0	268435456.0
144842752.0	268435456.0
49664000.0	268435456.0
45137920.0	268435456.0
47403008.0	268435456.0
47403008.0	268435456.0
47271936.0	268435456.0
47271936.0	268435456.0
47144960.0	268435456.0
47284224.0	268435456.0
44908544.0	268435456.0
147566592.0	268435456.0
47349760.0	268435456.0
44904448.0	268435456.0
44863488.0	268435456.0
44863488.0	268435456.0
47517696.0	268435456.0
47464448.0	268435456.0
47464448.0	268435456.0
47411200.0	268435456.0
147910656.0	268435456.0
145145856.0	268435456.0
47534080.0	268435456.0
124817408.0	268435456.0
48001024.0	268435456.0
47706112.0	268435456.0
47542272.0	268435456.0
45383680.0	268435456.0
148660224.0	268435456.0
47788032.0	268435456.0
48250880.0	268435456.0
48115712.0	268435456.0
47972352.0	268435456.0
48070656.0	268435456.0
47882240.0	268435456.0
47882240.0	268435456.0
47882240.0	268435456.0
47882240.0	268435456.0
47865856.0	268435456.0
45510656.0	268435456.0
45510656.0	268435456.0
45510656.0	268435456.0
45510656.0	268435456.0
45510656.0	268435456.0
104013824.0	268435456.0
145682432.0	268435456.0
158367744.0	268435456.0
47927296.0	268435456.0
47857664.0	268435456.0
47878144.0	268435456.0
47869952.0	268435456.0
145240064.0	268435456.0
81502208.0	268435456.0
48144384.0	268435456.0
45735936.0	268435456.0
78315520.0	268435456.0
145375232.0	268435456.0
45441024.0	268435456.0
45363200.0	268435456.0
45264896.0	268435456.0
45264896.0	268435456.0
46444544.0	268435456.0
156319744.0	268435456.0
48181248.0	268435456.0
48132096.0	268435456.0
48132096.0	268435456.0
48009216.0	268435456.0
48066560.0	268435456.0
47951872.0	268435456.0
145702912.0	268435456.0
48132096.0	268435456.0
48160768.0	268435456.0
47816704.0	268435456.0
47833088.0	268435456.0
47833088.0	268435456.0
47833088.0	268435456.0
48095232.0	268435456.0
45457408.0	268435456.0
45441024.0	268435456.0
148971520.0	268435456.0
50741248.0	268435456.0
48427008.0	268435456.0
48304128.0	268435456.0
48181248.0	268435456.0
48152576.0	268435456.0
148987904.0	268435456.0
48250880.0	268435456.0
45834240.0	268435456.0
156516352.0	268435456.0
48386048.0	268435456.0
48283648.0	268435456.0
48234496.0	268435456.0
48156672.0	268435456.0
48033792.0	268435456.0
48017408.0	268435456.0
45838336.0	268435456.0
149028864.0	268435456.0
47489024.0	268435456.0
48517120.0	268435456.0
48291840.0	268435456.0
48291840.0	268435456.0
48058368.0	268435456.0
48173056.0	268435456.0
48058368.0	268435456.0
48025600.0	268435456.0
45649920.0	268435456.0
45649920.0	268435456.0
45764608.0	268435456.0
149094400.0	268435456.0
113471488.0	268435456.0
48517120.0	268435456.0
48381952.0	268435456.0
48267264.0	268435456.0
48250880.0	268435456.0
48168960.0	268435456.0
48017408.0	268435456.0
50900992.0	268435456.0
145145856.0	268435456.0
48746496.0	268435456.0
46084096.0	268435456.0
46010368.0	268435456.0
45887488.0	268435456.0
156823552.0	268435456.0
48250880.0	268435456.0
48205824.0	268435456.0
48205824.0	268435456.0
48136192.0	268435456.0
48250880.0	268435456.0
48250880.0	268435456.0
48250880.0	268435456.0
48513024.0	268435456.0
45768704.0	268435456.0
45752320.0	268435456.0
45752320.0	268435456.0
45752320.0	268435456.0
149217280.0	268435456.0
47116288.0	268435456.0
48644096.0	268435456.0
48422912.0	268435456.0
48422912.0	268435456.0
46043136.0	268435456.0
46792704.0	268435456.0
47534080.0	268435456.0
149102592.0	268435456.0
49717248.0	268435456.0
48521216.0	268435456.0
48209920.0	268435456.0
48209920.0	268435456.0
48160768.0	268435456.0
48160768.0	268435456.0
149200896.0	268435456.0
48332800.0	268435456.0
47697920.0	268435456.0
48549888.0	268435456.0
48533504.0	268435456.0
48508928.0	268435456.0
146284544.0	268435456.0
51003392.0	268435456.0
48943104.0	268435456.0
48779264.0	268435456.0
46399488.0	268435456.0
144117760.0	268435456.0
146001920.0	268435456.0
46047232.0	268435456.0
45973504.0	268435456.0
81039360.0	268435456.0
48189440.0	268435456.0
146034688.0	268435456.0
146026496.0	268435456.0
114724864.0	268435456.0
48455680.0	268435456.0
48447488.0	268435456.0
48422912.0	268435456.0
48308224.0	268435456.0
48230400.0	268435456.0
48205824.0	268435456.0
102047744.0	268435456.0
106016768.0	268435456.0
45953024.0	268435456.0
45936640.0	268435456.0
45936640.0	268435456.0
156872704.0	268435456.0
48553984.0	268435456.0
48488448.0	268435456.0
48234496.0	268435456.0
48234496.0	268435456.0
48234496.0	268435456.0
45858816.0	268435456.0
45858816.0	268435456.0
46034944.0	268435456.0
46559232.0	268435456.0
145907712.0	268435456.0
145895424.0	268435456.0
45989888.0	268435456.0
48939008.0	268435456.0
48631808.0	268435456.0
48353280.0	268435456.0
146104320.0	268435456.0
145960960.0	268435456.0
48615424.0	268435456.0
48615424.0	268435456.0
48377856.0	268435456.0
48336896.0	268435456.0
48336896.0	268435456.0
48336896.0	268435456.0
149299200.0	268435456.0
48402432.0	268435456.0
46845952.0	268435456.0
48500736.0	268435456.0
48500736.0	268435456.0
46116864.0	268435456.0
149450752.0	268435456.0
59150336.0	268435456.0
48562176.0	268435456.0
46178304.0	268435456.0
145960960.0	268435456.0
46280704.0	268435456.0
49008640.0	268435456.0
48410624.0	268435456.0
48418816.0	268435456.0
48304128.0	268435456.0
149254144.0	268435456.0
45989888.0	268435456.0
156794880.0	268435456.0
48283648.0	268435456.0
50532352.0	268435456.0
149127168.0	268435456.0
48480256.0	268435456.0
48467968.0	268435456.0
48467968.0	268435456.0
48697344.0	268435456.0
48582656.0	268435456.0
48582656.0	268435456.0
48517120.0	268435456.0
48517120.0	268435456.0
46186496.0	268435456.0
146284544.0	268435456.0
48672768.0	268435456.0
48615424.0	268435456.0
48574464.0	268435456.0
48574464.0	268435456.0
48541696.0	268435456.0
46297088.0	268435456.0
149561344.0	268435456.0
48812032.0	268435456.0
49205248.0	268435456.0
46530560.0	268435456.0
46514176.0	268435456.0
46379008.0	268435456.0
149618688.0	268435456.0
146362368.0	268435456.0
48271360.0	268435456.0
49106944.0	268435456.0
49098752.0	268435456.0
149995520.0	268435456.0
46505984.0	268435456.0
142286848.0	268435456.0
49111040.0	268435456.0
48922624.0	268435456.0
48848896.0	268435456.0
48947200.0	268435456.0
46571520.0	268435456.0
46501888.0	268435456.0
149876736.0	268435456.0
46657536.0	268435456.0
46505984.0	268435456.0
46424064.0	268435456.0
49197056.0	268435456.0
49065984.0	268435456.0
48975872.0	268435456.0
48922624.0	268435456.0
48820224.0	268435456.0
48934912.0	268435456.0
46477312.0	268435456.0
146579456.0	268435456.0
67121152.0	268435456.0
48619520.0	268435456.0
49033216.0	268435456.0
47828992.0	268435456.0
146419712.0	268435456.0
134668288.0	268435456.0
49102848.0	268435456.0
48975872.0	268435456.0
48959488.0	268435456.0
49025024.0	268435456.0
48910336.0	268435456.0
47583232.0	268435456.0
150114304.0	268435456.0
157757440.0	268435456.0
49508352.0	268435456.0
47132672.0	268435456.0
48558080.0	268435456.0
146595840.0	268435456.0
46845952.0	268435456.0
157749248.0	268435456.0
49373184.0	268435456.0
49283072.0	268435456.0
49283072.0	268435456.0
49283072.0	268435456.0
49168384.0	268435456.0
49184768.0	268435456.0
46809088.0	268435456.0
46809088.0	268435456.0
136318976.0	268435456.0
146665472.0	268435456.0
53202944.0	268435456.0
49221632.0	268435456.0
49192960.0	268435456.0
49192960.0	268435456.0
51552256.0	268435456.0
150233088.0	268435456.0
93495296.0	268435456.0
49553408.0	268435456.0
150466560.0	268435456.0
49979392.0	268435456.0
50253824.0	268435456.0
147427328.0	268435456.0
49664000.0	268435456.0
49799168.0	268435456.0
49496064.0	268435456.0
123969536.0	268435456.0
146862080.0	268435456.0
118833152.0	268435456.0
49307648.0	268435456.0
49262592.0	268435456.0
146894848.0	268435456.0
49192960.0	268435456.0
157650944.0	268435456.0
49176576.0	268435456.0
49197056.0	268435456.0
46804992.0	268435456.0
46891008.0	268435456.0
150081536.0	268435456.0
49115136.0	268435456.0
157646848.0	268435456.0
49156096.0	268435456.0
48889856.0	268435456.0
48889856.0	268435456.0
48889856.0	268435456.0
146640896.0	268435456.0
51814400.0	268435456.0
157614080.0	268435456.0
49295360.0	268435456.0
49262592.0	268435456.0
49090560.0	268435456.0
149118976.0	268435456.0
146632704.0	268435456.0
46718976.0	268435456.0
46718976.0	268435456.0
113762304.0	268435456.0
49336320.0	268435456.0
49020928.0	268435456.0
49020928.0	268435456.0
49020928.0	268435456.0
49004544.0	268435456.0
49004544.0	268435456.0
49135616.0	268435456.0
49135616.0	268435456.0
49135616.0	268435456.0
46682112.0	268435456.0
46682112.0	268435456.0
46665728.0	268435456.0
71528448.0	268435456.0
146604032.0	268435456.0
46837760.0	268435456.0
49487872.0	268435456.0
49135616.0	268435456.0
49119232.0	268435456.0
49119232.0	268435456.0
49135616.0	268435456.0
49135616.0	268435456.0
49135616.0	268435456.0
49135616.0	268435456.0
46759936.0	268435456.0
46743552.0	268435456.0
46743552.0	268435456.0
46743552.0	268435456.0
150151168.0	268435456.0
47042560.0	268435456.0
47042560.0	268435456.0
47042560.0	268435456.0
47034368.0	268435456.0
157765632.0	268435456.0
49500160.0	268435456.0
49307648.0	268435456.0
49238016.0	268435456.0
49172480.0	268435456.0
49139712.0	268435456.0
49139712.0	268435456.0
49139712.0	268435456.0
49139712.0	268435456.0
49270784.0	268435456.0
147046400.0	268435456.0
51941376.0	268435456.0
157929472.0	268435456.0
49418240.0	268435456.0
49385472.0	268435456.0
49385472.0	268435456.0
47796224.0	268435456.0
145895424.0	268435456.0
158339072.0	268435456.0
49586176.0	268435456.0
49487872.0	268435456.0
49381376.0	268435456.0
49381376.0	268435456.0
49512448.0	268435456.0
150388736.0	268435456.0
47411200.0	268435456.0
49758208.0	268435456.0
49721344.0	268435456.0
67207168.0	268435456.0
147251200.0	268435456.0
158265344.0	268435456.0
49557504.0	268435456.0
51900416.0	268435456.0
47083520.0	268435456.0
150335488.0	268435456.0
157908992.0	268435456.0
49750016.0	268435456.0
49287168.0	268435456.0
49287168.0	268435456.0
49209344.0	268435456.0
49254400.0	268435456.0
49213440.0	268435456.0
49164288.0	268435456.0
49049600.0	268435456.0
49049600.0	268435456.0
49049600.0	268435456.0
49049600.0	268435456.0
49049600.0	268435456.0
49049600.0	268435456.0
