24039424.0	268435456.0
26640384.0	268435456.0
35127296.0	268435456.0
37982208.0	268435456.0
38789120.0	268435456.0
39952384.0	268435456.0
35467264.0	268435456.0
35520512.0	268435456.0
35651584.0	268435456.0
40853504.0	268435456.0
134225920.0	268435456.0
136925184.0	268435456.0
140464128.0	268435456.0
140357632.0	268435456.0
140488704.0	268435456.0
137207808.0	268435456.0
137207808.0	268435456.0
45154304.0	268435456.0
38027264.0	268435456.0
37982208.0	268435456.0
37982208.0	268435456.0
37928960.0	268435456.0
38060032.0	268435456.0
37990400.0	268435456.0
41529344.0	268435456.0
148234240.0	268435456.0
149549056.0	268435456.0
149450752.0	268435456.0
43606016.0	268435456.0
41394176.0	268435456.0
41230336.0	268435456.0
41369600.0	268435456.0
41263104.0	268435456.0
41263104.0	268435456.0
41263104.0	268435456.0
41263104.0	268435456.0
41246720.0	268435456.0
41246720.0	268435456.0
41246720.0	268435456.0
41361408.0	268435456.0
39215104.0	268435456.0
39215104.0	268435456.0
39292928.0	268435456.0
39604224.0	268435456.0
39788544.0	268435456.0
40095744.0	268435456.0
139821056.0	268435456.0
139591680.0	268435456.0
142872576.0	268435456.0
142872576.0	268435456.0
142872576.0	268435456.0
139698176.0	268435456.0
139698176.0	268435456.0
42426368.0	268435456.0
71786496.0	268435456.0
151293952.0	268435456.0
151269376.0	268435456.0
151150592.0	268435456.0
103075840.0	268435456.0
43012096.0	268435456.0
42946560.0	268435456.0
42946560.0	268435456.0
42946560.0	268435456.0
42930176.0	268435456.0
42930176.0	268435456.0
42930176.0	268435456.0
42930176.0	268435456.0
42930176.0	268435456.0
43122688.0	268435456.0
43122688.0	268435456.0
43122688.0	268435456.0
43122688.0	268435456.0
43122688.0	268435456.0
43048960.0	268435456.0
43048960.0	268435456.0
43048960.0	268435456.0
43048960.0	268435456.0
43048960.0	268435456.0
45088768.0	268435456.0
40984576.0	268435456.0
40984576.0	268435456.0
41639936.0	268435456.0
41881600.0	268435456.0
42242048.0	268435456.0
42696704.0	268435456.0
141348864.0	268435456.0
141099008.0	268435456.0
144506880.0	268435456.0
144470016.0	268435456.0
144470016.0	268435456.0
141246464.0	268435456.0
141377536.0	268435456.0
44519424.0	268435456.0
41623552.0	268435456.0
41500672.0	268435456.0
41500672.0	268435456.0
41500672.0	268435456.0
41484288.0	268435456.0
41484288.0	268435456.0
41484288.0	268435456.0
140206080.0	268435456.0
152375296.0	268435456.0
152375296.0	268435456.0
46383104.0	268435456.0
44085248.0	268435456.0
44023808.0	268435456.0
44023808.0	268435456.0
44023808.0	268435456.0
44023808.0	268435456.0
44023808.0	268435456.0
44392448.0	268435456.0
44294144.0	268435456.0
124846080.0	268435456.0
142221312.0	268435456.0
145629184.0	268435456.0
145629184.0	268435456.0
142340096.0	268435456.0
142249984.0	268435456.0
47271936.0	268435456.0
116568064.0	268435456.0
153534464.0	268435456.0
153497600.0	268435456.0
150568960.0	268435456.0
45305856.0	268435456.0
45199360.0	268435456.0
45182976.0	268435456.0
45182976.0	268435456.0
45314048.0	268435456.0
45215744.0	268435456.0
45215744.0	268435456.0
45215744.0	268435456.0
47443968.0	268435456.0
45330432.0	268435456.0
45264896.0	268435456.0
45264896.0	268435456.0
45264896.0	268435456.0
45248512.0	268435456.0
45248512.0	268435456.0
45248512.0	268435456.0
45248512.0	268435456.0
45248512.0	268435456.0
42921984.0	268435456.0
42921984.0	268435456.0
42921984.0	268435456.0
42921984.0	268435456.0
47116288.0	268435456.0
143347712.0	268435456.0
146759680.0	268435456.0
146665472.0	268435456.0
146591744.0	268435456.0
143331328.0	268435456.0
143314944.0	268435456.0
43909120.0	268435456.0
44625920.0	268435456.0
45408256.0	268435456.0
45879296.0	268435456.0
46276608.0	268435456.0
154673152.0	268435456.0
154877952.0	268435456.0
155009024.0	268435456.0
152424448.0	268435456.0
46936064.0	268435456.0
46698496.0	268435456.0
46669824.0	268435456.0
46669824.0	268435456.0
46669824.0	268435456.0
46669824.0	268435456.0
46669824.0	268435456.0
46669824.0	268435456.0
46690304.0	268435456.0
46804992.0	268435456.0
46718976.0	268435456.0
46718976.0	268435456.0
46718976.0	268435456.0
48697344.0	268435456.0
109035520.0	268435456.0
144424960.0	268435456.0
144424960.0	268435456.0
147750912.0	268435456.0
147750912.0	268435456.0
144457728.0	268435456.0
144424960.0	268435456.0
47063040.0	268435456.0
44765184.0	268435456.0
44748800.0	268435456.0
44683264.0	268435456.0
44683264.0	268435456.0
44683264.0	268435456.0
44683264.0	268435456.0
44683264.0	268435456.0
44683264.0	268435456.0
44683264.0	268435456.0
45457408.0	268435456.0
58253312.0	268435456.0
154935296.0	268435456.0
155602944.0	268435456.0
155602944.0	268435456.0
155602944.0	268435456.0
49614848.0	268435456.0
47370240.0	268435456.0
47263744.0	268435456.0
47263744.0	268435456.0
47263744.0	268435456.0
47263744.0	268435456.0
47394816.0	268435456.0
47280128.0	268435456.0
47280128.0	268435456.0
47280128.0	268435456.0
49397760.0	268435456.0
47267840.0	268435456.0
47267840.0	268435456.0
47267840.0	268435456.0
47267840.0	268435456.0
47267840.0	268435456.0
47267840.0	268435456.0
53407744.0	268435456.0
145260544.0	268435456.0
148668416.0	268435456.0
148668416.0	268435456.0
148668416.0	268435456.0
145297408.0	268435456.0
145297408.0	268435456.0
48041984.0	268435456.0
45633536.0	268435456.0
45539328.0	268435456.0
45522944.0	268435456.0
45522944.0	268435456.0
45522944.0	268435456.0
45522944.0	268435456.0
45522944.0	268435456.0
45522944.0	268435456.0
45522944.0	268435456.0
45522944.0	268435456.0
82493440.0	268435456.0
156889088.0	268435456.0
156770304.0	268435456.0
156770304.0	268435456.0
48689152.0	268435456.0
48336896.0	268435456.0
48336896.0	268435456.0
48336896.0	268435456.0
48336896.0	268435456.0
48336896.0	268435456.0
48336896.0	268435456.0
48357376.0	268435456.0
50585600.0	268435456.0
48361472.0	268435456.0
48361472.0	268435456.0
48361472.0	268435456.0
48345088.0	268435456.0
47411200.0	268435456.0
105725952.0	268435456.0
146235392.0	268435456.0
149516288.0	268435456.0
149516288.0	268435456.0
149483520.0	268435456.0
146194432.0	268435456.0
146194432.0	268435456.0
48599040.0	268435456.0
46485504.0	268435456.0
46469120.0	268435456.0
46469120.0	268435456.0
46469120.0	268435456.0
46436352.0	268435456.0
46436352.0	268435456.0
46436352.0	268435456.0
46436352.0	268435456.0
46436352.0	268435456.0
46436352.0	268435456.0
46788608.0	268435456.0
48529408.0	268435456.0
48877568.0	268435456.0
87400448.0	268435456.0
157380608.0	268435456.0
157380608.0	268435456.0
157380608.0	268435456.0
49201152.0	268435456.0
49065984.0	268435456.0
49065984.0	268435456.0
49065984.0	268435456.0
49000448.0	268435456.0
49000448.0	268435456.0
49000448.0	268435456.0
49000448.0	268435456.0
48205824.0	268435456.0
146890752.0	268435456.0
146845696.0	268435456.0
150253568.0	268435456.0
150134784.0	268435456.0
150134784.0	268435456.0
150134784.0	268435456.0
146882560.0	268435456.0
146882560.0	268435456.0
51777536.0	268435456.0
102408192.0	268435456.0
158543872.0	268435456.0
158457856.0	268435456.0
110063616.0	268435456.0
49864704.0	268435456.0
49840128.0	268435456.0
49840128.0	268435456.0
49840128.0	268435456.0
49823744.0	268435456.0
49823744.0	268435456.0
49823744.0	268435456.0
49823744.0	268435456.0
49823744.0	268435456.0
49823744.0	268435456.0
49823744.0	268435456.0
49979392.0	268435456.0
73093120.0	268435456.0
147648512.0	268435456.0
151056384.0	268435456.0
151056384.0	268435456.0
150859776.0	268435456.0
147546112.0	268435456.0
68227072.0	268435456.0
50307072.0	268435456.0
50085888.0	268435456.0
50069504.0	268435456.0
48640000.0	268435456.0
104714240.0	268435456.0
158760960.0	268435456.0
158760960.0	268435456.0
158760960.0	268435456.0
50470912.0	268435456.0
50524160.0	268435456.0
50524160.0	268435456.0
50458624.0	268435456.0
50458624.0	268435456.0
50442240.0	268435456.0
50442240.0	268435456.0
50442240.0	268435456.0
50442240.0	268435456.0
50442240.0	268435456.0
50577408.0	268435456.0
50757632.0	268435456.0
148508672.0	268435456.0
148258816.0	268435456.0
148258816.0	268435456.0
151666688.0	268435456.0
151666688.0	268435456.0
151666688.0	268435456.0
148439040.0	268435456.0
148353024.0	268435456.0
53346304.0	268435456.0
50884608.0	268435456.0
77586432.0	268435456.0
159461376.0	268435456.0
159408128.0	268435456.0
159408128.0	268435456.0
51306496.0	268435456.0
51134464.0	268435456.0
51126272.0	268435456.0
51040256.0	268435456.0
51023872.0	268435456.0
51023872.0	268435456.0
51023872.0	268435456.0
43675648.0	268435456.0
43560960.0	268435456.0
43560960.0	268435456.0
45858816.0	268435456.0
141684736.0	268435456.0
141529088.0	268435456.0
144793600.0	268435456.0
144793600.0	268435456.0
141467648.0	268435456.0
141467648.0	268435456.0
46452736.0	268435456.0
152825856.0	268435456.0
152719360.0	268435456.0
152608768.0	268435456.0
46731264.0	268435456.0
44470272.0	268435456.0
44470272.0	268435456.0
44470272.0	268435456.0
44404736.0	268435456.0
44281856.0	268435456.0
44412928.0	268435456.0
44412928.0	268435456.0
44412928.0	268435456.0
46538752.0	268435456.0
44425216.0	268435456.0
44298240.0	268435456.0
44298240.0	268435456.0
44183552.0	268435456.0
68833280.0	268435456.0
142540800.0	268435456.0
141754368.0	268435456.0
145752064.0	268435456.0
145752064.0	268435456.0
142331904.0	268435456.0
142278656.0	268435456.0
46669824.0	268435456.0
42455040.0	268435456.0
42438656.0	268435456.0
42438656.0	268435456.0
42311680.0	268435456.0
42311680.0	268435456.0
42311680.0	268435456.0
42311680.0	268435456.0
42311680.0	268435456.0
42311680.0	268435456.0
42311680.0	268435456.0
42311680.0	268435456.0
42311680.0	268435456.0
42311680.0	268435456.0
130121728.0	268435456.0
153231360.0	268435456.0
153182208.0	268435456.0
150519808.0	268435456.0
45088768.0	268435456.0
44843008.0	268435456.0
44843008.0	268435456.0
44843008.0	268435456.0
44843008.0	268435456.0
44974080.0	268435456.0
44859392.0	268435456.0
44859392.0	268435456.0
44859392.0	268435456.0
44859392.0	268435456.0
74625024.0	268435456.0
142807040.0	268435456.0
146190336.0	268435456.0
146190336.0	268435456.0
146190336.0	268435456.0
142770176.0	268435456.0
142749696.0	268435456.0
42901504.0	268435456.0
99307520.0	268435456.0
153931776.0	268435456.0
153718784.0	268435456.0
153718784.0	268435456.0
45895680.0	268435456.0
45809664.0	268435456.0
45490176.0	268435456.0
45473792.0	268435456.0
45359104.0	268435456.0
45359104.0	268435456.0
45359104.0	268435456.0
45359104.0	268435456.0
45359104.0	268435456.0
45359104.0	268435456.0
47603712.0	268435456.0
45539328.0	268435456.0
45539328.0	268435456.0
45539328.0	268435456.0
45539328.0	268435456.0
45522944.0	268435456.0
45522944.0	268435456.0
45522944.0	268435456.0
44937216.0	268435456.0
82173952.0	268435456.0
143253504.0	268435456.0
146485248.0	268435456.0
146485248.0	268435456.0
146485248.0	268435456.0
146485248.0	268435456.0
143065088.0	268435456.0
143065088.0	268435456.0
43130880.0	268435456.0
43114496.0	268435456.0
43114496.0	268435456.0
43114496.0	268435456.0
43114496.0	268435456.0
43114496.0	268435456.0
126865408.0	268435456.0
154132480.0	268435456.0
154005504.0	268435456.0
151474176.0	268435456.0
45973504.0	268435456.0
45842432.0	268435456.0
45842432.0	268435456.0
45568000.0	268435456.0
45568000.0	268435456.0
45568000.0	268435456.0
45559808.0	268435456.0
45559808.0	268435456.0
47804416.0	268435456.0
45588480.0	268435456.0
45588480.0	268435456.0
45588480.0	268435456.0
45588480.0	268435456.0
45572096.0	268435456.0
45572096.0	268435456.0
45584384.0	268435456.0
125165568.0	268435456.0
143540224.0	268435456.0
146837504.0	268435456.0
146837504.0	268435456.0
143433728.0	268435456.0
143433728.0	268435456.0
48160768.0	268435456.0
154046464.0	268435456.0
154681344.0	268435456.0
154681344.0	268435456.0
154681344.0	268435456.0
50683904.0	268435456.0
46354432.0	268435456.0
46354432.0	268435456.0
46338048.0	268435456.0
46338048.0	268435456.0
46338048.0	268435456.0
46338048.0	268435456.0
46338048.0	268435456.0
46338048.0	268435456.0
45359104.0	268435456.0
144019456.0	268435456.0
144019456.0	268435456.0
147423232.0	268435456.0
147296256.0	268435456.0
143941632.0	268435456.0
143941632.0	268435456.0
48824320.0	268435456.0
44191744.0	268435456.0
44109824.0	268435456.0
44093440.0	268435456.0
44093440.0	268435456.0
44093440.0	268435456.0
44093440.0	268435456.0
57520128.0	268435456.0
155062272.0	268435456.0
155062272.0	268435456.0
154988544.0	268435456.0
152551424.0	268435456.0
46821376.0	268435456.0
46723072.0	268435456.0
46682112.0	268435456.0
46682112.0	268435456.0
46682112.0	268435456.0
46698496.0	268435456.0
46698496.0	268435456.0
46698496.0	268435456.0
46698496.0	268435456.0
44347392.0	268435456.0
44331008.0	268435456.0
44822528.0	268435456.0
82989056.0	268435456.0
144457728.0	268435456.0
144457728.0	268435456.0
147820544.0	268435456.0
147697664.0	268435456.0
147697664.0	268435456.0
144277504.0	268435456.0
144248832.0	268435456.0
44404736.0	268435456.0
44404736.0	268435456.0
44388352.0	268435456.0
44388352.0	268435456.0
44388352.0	268435456.0
45223936.0	268435456.0
135725056.0	268435456.0
155197440.0	268435456.0
155111424.0	268435456.0
46837760.0	268435456.0
46837760.0	268435456.0
49123328.0	268435456.0
49008640.0	268435456.0
46989312.0	268435456.0
144773120.0	268435456.0
144703488.0	268435456.0
147992576.0	268435456.0
147992576.0	268435456.0
144580608.0	268435456.0
144580608.0	268435456.0
47345664.0	268435456.0
47329280.0	268435456.0
44843008.0	268435456.0
44740608.0	268435456.0
44740608.0	268435456.0
44740608.0	268435456.0
44740608.0	268435456.0
44838912.0	268435456.0
44838912.0	268435456.0
44838912.0	268435456.0
44838912.0	268435456.0
44838912.0	268435456.0
44838912.0	268435456.0
45510656.0	268435456.0
155754496.0	268435456.0
155754496.0	268435456.0
155684864.0	268435456.0
47349760.0	268435456.0
47259648.0	268435456.0
51699712.0	268435456.0
47390720.0	268435456.0
49618944.0	268435456.0
47403008.0	268435456.0
47357952.0	268435456.0
47357952.0	268435456.0
