39817216.0	268435456.0
35438592.0	268435456.0
35360768.0	268435456.0
37126144.0	268435456.0
140124160.0	268435456.0
42541056.0	268435456.0
42852352.0	268435456.0
40329216.0	268435456.0
42557440.0	268435456.0
40448000.0	268435456.0
40448000.0	268435456.0
40480768.0	268435456.0
40349696.0	268435456.0
40349696.0	268435456.0
40349696.0	268435456.0
40349696.0	268435456.0
40333312.0	268435456.0
40275968.0	268435456.0
40275968.0	268435456.0
40275968.0	268435456.0
40275968.0	268435456.0
40185856.0	268435456.0
40185856.0	268435456.0
40185856.0	268435456.0
40185856.0	268435456.0
40185856.0	268435456.0
40185856.0	268435456.0
40185856.0	268435456.0
40185856.0	268435456.0
40185856.0	268435456.0
40185856.0	268435456.0
40185856.0	268435456.0
40185856.0	268435456.0
40185856.0	268435456.0
42414080.0	268435456.0
40304640.0	268435456.0
40304640.0	268435456.0
40189952.0	268435456.0
40189952.0	268435456.0
40189952.0	268435456.0
40189952.0	268435456.0
40189952.0	268435456.0
40189952.0	268435456.0
40189952.0	268435456.0
40321024.0	268435456.0
40321024.0	268435456.0
40321024.0	268435456.0
40321024.0	268435456.0
40222720.0	268435456.0
40222720.0	268435456.0
40222720.0	268435456.0
40222720.0	268435456.0
40222720.0	268435456.0
40222720.0	268435456.0
40222720.0	268435456.0
40222720.0	268435456.0
40222720.0	268435456.0
40222720.0	268435456.0
40222720.0	268435456.0
40222720.0	268435456.0
40206336.0	268435456.0
38096896.0	268435456.0
38096896.0	268435456.0
40509440.0	268435456.0
138379264.0	268435456.0
43171840.0	268435456.0
149909504.0	268435456.0
41439232.0	268435456.0
41357312.0	268435456.0
41488384.0	268435456.0
41472000.0	268435456.0
41426944.0	268435456.0
43573248.0	268435456.0
143708160.0	268435456.0
139472896.0	268435456.0
41857024.0	268435456.0
44658688.0	268435456.0
42291200.0	268435456.0
42258432.0	268435456.0
42246144.0	268435456.0
42246144.0	268435456.0
42246144.0	268435456.0
42246144.0	268435456.0
48930816.0	268435456.0
42618880.0	268435456.0
42553344.0	268435456.0
42532864.0	268435456.0
42418176.0	268435456.0
42418176.0	268435456.0
42418176.0	268435456.0
42418176.0	268435456.0
42418176.0	268435456.0
42418176.0	268435456.0
42401792.0	268435456.0
42401792.0	268435456.0
42401792.0	268435456.0
42401792.0	268435456.0
42401792.0	268435456.0
42401792.0	268435456.0
42401792.0	268435456.0
42401792.0	268435456.0
42401792.0	268435456.0
42401792.0	268435456.0
42401792.0	268435456.0
42401792.0	268435456.0
42401792.0	268435456.0
42401792.0	268435456.0
42401792.0	268435456.0
42401792.0	268435456.0
42401792.0	268435456.0
42401792.0	268435456.0
42401792.0	268435456.0
42401792.0	268435456.0
42401792.0	268435456.0
42401792.0	268435456.0
42401792.0	268435456.0
42401792.0	268435456.0
42401792.0	268435456.0
42401792.0	268435456.0
42401792.0	268435456.0
42401792.0	268435456.0
42401792.0	268435456.0
42401792.0	268435456.0
42401792.0	268435456.0
42401792.0	268435456.0
42401792.0	268435456.0
42401792.0	268435456.0
42401792.0	268435456.0
42401792.0	268435456.0
44761088.0	268435456.0
42651648.0	268435456.0
44761088.0	268435456.0
42532864.0	268435456.0
42463232.0	268435456.0
42463232.0	268435456.0
42463232.0	268435456.0
42446848.0	268435456.0
42446848.0	268435456.0
42446848.0	268435456.0
42446848.0	268435456.0
42446848.0	268435456.0
42446848.0	268435456.0
42446848.0	268435456.0
42446848.0	268435456.0
42446848.0	268435456.0
44675072.0	268435456.0
42565632.0	268435456.0
42508288.0	268435456.0
42508288.0	268435456.0
42516480.0	268435456.0
42516480.0	268435456.0
42516480.0	268435456.0
42516480.0	268435456.0
42516480.0	268435456.0
42516480.0	268435456.0
42516480.0	268435456.0
42516480.0	268435456.0
42516480.0	268435456.0
42516480.0	268435456.0
42516480.0	268435456.0
42516480.0	268435456.0
42516480.0	268435456.0
42516480.0	268435456.0
42516480.0	268435456.0
42516480.0	268435456.0
42516480.0	268435456.0
42516480.0	268435456.0
42516480.0	268435456.0
44744704.0	268435456.0
42516480.0	268435456.0
44744704.0	268435456.0
42520576.0	268435456.0
42520576.0	268435456.0
42520576.0	268435456.0
42520576.0	268435456.0
42520576.0	268435456.0
42520576.0	268435456.0
42520576.0	268435456.0
42520576.0	268435456.0
42520576.0	268435456.0
42520576.0	268435456.0
42520576.0	268435456.0
42520576.0	268435456.0
42520576.0	268435456.0
42520576.0	268435456.0
42520576.0	268435456.0
42520576.0	268435456.0
42520576.0	268435456.0
44748800.0	268435456.0
42520576.0	268435456.0
42520576.0	268435456.0
42520576.0	268435456.0
42520576.0	268435456.0
42520576.0	268435456.0
42520576.0	268435456.0
42520576.0	268435456.0
42520576.0	268435456.0
42520576.0	268435456.0
42520576.0	268435456.0
42520576.0	268435456.0
42520576.0	268435456.0
42520576.0	268435456.0
42520576.0	268435456.0
42520576.0	268435456.0
42520576.0	268435456.0
42520576.0	268435456.0
42520576.0	268435456.0
42520576.0	268435456.0
42520576.0	268435456.0
42520576.0	268435456.0
42520576.0	268435456.0
42520576.0	268435456.0
42520576.0	268435456.0
42520576.0	268435456.0
42520576.0	268435456.0
42520576.0	268435456.0
42520576.0	268435456.0
42520576.0	268435456.0
42520576.0	268435456.0
42524672.0	268435456.0
42524672.0	268435456.0
42524672.0	268435456.0
42524672.0	268435456.0
44883968.0	268435456.0
42676224.0	268435456.0
42676224.0	268435456.0
42676224.0	268435456.0
42676224.0	268435456.0
42557440.0	268435456.0
42557440.0	268435456.0
42557440.0	268435456.0
42557440.0	268435456.0
42557440.0	268435456.0
42557440.0	268435456.0
42557440.0	268435456.0
42557440.0	268435456.0
42557440.0	268435456.0
42557440.0	268435456.0
42557440.0	268435456.0
42557440.0	268435456.0
42557440.0	268435456.0
42557440.0	268435456.0
42557440.0	268435456.0
42672128.0	268435456.0
133087232.0	268435456.0
141205504.0	268435456.0
152064000.0	268435456.0
43700224.0	268435456.0
43819008.0	268435456.0
43692032.0	268435456.0
43692032.0	268435456.0
43540480.0	268435456.0
43487232.0	268435456.0
43470848.0	268435456.0
43470848.0	268435456.0
43470848.0	268435456.0
43470848.0	268435456.0
43470848.0	268435456.0
43470848.0	268435456.0
43470848.0	268435456.0
43470848.0	268435456.0
43470848.0	268435456.0
43470848.0	268435456.0
43470848.0	268435456.0
43470848.0	268435456.0
43470848.0	268435456.0
43470848.0	268435456.0
43470848.0	268435456.0
43470848.0	268435456.0
43470848.0	268435456.0
43470848.0	268435456.0
43470848.0	268435456.0
43470848.0	268435456.0
43470848.0	268435456.0
43470848.0	268435456.0
43470848.0	268435456.0
43470848.0	268435456.0
43470848.0	268435456.0
43470848.0	268435456.0
43470848.0	268435456.0
43470848.0	268435456.0
43470848.0	268435456.0
43470848.0	268435456.0
43470848.0	268435456.0
43470848.0	268435456.0
43470848.0	268435456.0
43470848.0	268435456.0
43589632.0	268435456.0
43470848.0	268435456.0
43470848.0	268435456.0
43470848.0	268435456.0
43470848.0	268435456.0
43470848.0	268435456.0
43470848.0	268435456.0
43470848.0	268435456.0
43470848.0	268435456.0
43470848.0	268435456.0
43470848.0	268435456.0
43470848.0	268435456.0
43470848.0	268435456.0
43470848.0	268435456.0
43470848.0	268435456.0
43470848.0	268435456.0
43470848.0	268435456.0
43470848.0	268435456.0
43470848.0	268435456.0
43470848.0	268435456.0
43454464.0	268435456.0
43454464.0	268435456.0
43454464.0	268435456.0
43454464.0	268435456.0
43454464.0	268435456.0
43454464.0	268435456.0
43454464.0	268435456.0
43454464.0	268435456.0
43454464.0	268435456.0
43454464.0	268435456.0
43454464.0	268435456.0
43454464.0	268435456.0
43454464.0	268435456.0
43454464.0	268435456.0
43454464.0	268435456.0
43454464.0	268435456.0
43454464.0	268435456.0
43454464.0	268435456.0
43454464.0	268435456.0
43454464.0	268435456.0
43454464.0	268435456.0
43454464.0	268435456.0
43454464.0	268435456.0
43454464.0	268435456.0
43454464.0	268435456.0
43454464.0	268435456.0
43454464.0	268435456.0
43454464.0	268435456.0
43454464.0	268435456.0
43454464.0	268435456.0
43454464.0	268435456.0
43454464.0	268435456.0
43454464.0	268435456.0
43454464.0	268435456.0
43454464.0	268435456.0
43454464.0	268435456.0
43454464.0	268435456.0
43454464.0	268435456.0
43454464.0	268435456.0
43454464.0	268435456.0
43454464.0	268435456.0
43454464.0	268435456.0
43454464.0	268435456.0
43454464.0	268435456.0
43454464.0	268435456.0
43454464.0	268435456.0
43454464.0	268435456.0
43454464.0	268435456.0
43454464.0	268435456.0
36405248.0	268435456.0
36192256.0	268435456.0
36192256.0	268435456.0
36167680.0	268435456.0
36167680.0	268435456.0
36167680.0	268435456.0
36167680.0	268435456.0
36167680.0	268435456.0
36167680.0	268435456.0
36167680.0	268435456.0
36151296.0	268435456.0
36151296.0	268435456.0
36151296.0	268435456.0
36151296.0	268435456.0
36151296.0	268435456.0
36151296.0	268435456.0
36151296.0	268435456.0
36151296.0	268435456.0
36151296.0	268435456.0
36151296.0	268435456.0
36151296.0	268435456.0
36151296.0	268435456.0
36151296.0	268435456.0
36151296.0	268435456.0
36151296.0	268435456.0
36151296.0	268435456.0
36151296.0	268435456.0
36151296.0	268435456.0
36151296.0	268435456.0
36151296.0	268435456.0
36151296.0	268435456.0
36151296.0	268435456.0
36151296.0	268435456.0
36151296.0	268435456.0
36151296.0	268435456.0
36151296.0	268435456.0
36151296.0	268435456.0
36151296.0	268435456.0
36151296.0	268435456.0
36151296.0	268435456.0
36151296.0	268435456.0
36151296.0	268435456.0
36151296.0	268435456.0
36151296.0	268435456.0
36151296.0	268435456.0
36151296.0	268435456.0
36151296.0	268435456.0
36151296.0	268435456.0
36151296.0	268435456.0
36151296.0	268435456.0
36151296.0	268435456.0
36151296.0	268435456.0
36151296.0	268435456.0
36151296.0	268435456.0
36151296.0	268435456.0
36151296.0	268435456.0
36151296.0	268435456.0
36151296.0	268435456.0
36151296.0	268435456.0
36151296.0	268435456.0
36151296.0	268435456.0
36270080.0	268435456.0
36151296.0	268435456.0
36151296.0	268435456.0
36151296.0	268435456.0
36151296.0	268435456.0
36151296.0	268435456.0
36151296.0	268435456.0
36151296.0	268435456.0
36151296.0	268435456.0
36151296.0	268435456.0
36151296.0	268435456.0
-1.0	-1.0
46952448.0	268435456.0
49573888.0	268435456.0
44580864.0	268435456.0
44564480.0	268435456.0
44564480.0	268435456.0
44564480.0	268435456.0
147968000.0	268435456.0
44904448.0	268435456.0
44658688.0	268435456.0
44658688.0	268435456.0
152662016.0	268435456.0
47435776.0	268435456.0
47161344.0	268435456.0
47198208.0	268435456.0
148176896.0	268435456.0
45015040.0	268435456.0
45006848.0	268435456.0
44785664.0	268435456.0
62205952.0	268435456.0
47603712.0	268435456.0
47480832.0	268435456.0
47337472.0	268435456.0
47149056.0	268435456.0
47083520.0	268435456.0
47083520.0	268435456.0
47099904.0	268435456.0
47099904.0	268435456.0
47099904.0	268435456.0
47108096.0	268435456.0
44732416.0	268435456.0
44716032.0	268435456.0
44716032.0	268435456.0
144842752.0	268435456.0
47382528.0	268435456.0
46645248.0	268435456.0
47403008.0	268435456.0
47403008.0	268435456.0
47271936.0	268435456.0
47271936.0	268435456.0
47144960.0	268435456.0
47284224.0	268435456.0
44908544.0	268435456.0
148201472.0	268435456.0
44912640.0	268435456.0
44879872.0	268435456.0
44863488.0	268435456.0
45256704.0	268435456.0
47472640.0	268435456.0
47464448.0	268435456.0
47464448.0	268435456.0
47411200.0	268435456.0
145326080.0	268435456.0
50069504.0	268435456.0
47534080.0	268435456.0
158384128.0	268435456.0
48001024.0	268435456.0
47583232.0	268435456.0
47542272.0	268435456.0
45776896.0	268435456.0
148660224.0	268435456.0
45543424.0	268435456.0
48250880.0	268435456.0
48115712.0	268435456.0
47972352.0	268435456.0
48070656.0	268435456.0
47882240.0	268435456.0
47882240.0	268435456.0
47882240.0	268435456.0
47882240.0	268435456.0
50475008.0	268435456.0
45510656.0	268435456.0
45510656.0	268435456.0
45510656.0	268435456.0
45510656.0	268435456.0
45494272.0	268435456.0
145563648.0	268435456.0
50130944.0	268435456.0
156184576.0	268435456.0
47927296.0	268435456.0
47857664.0	268435456.0
47878144.0	268435456.0
50745344.0	268435456.0
145186816.0	268435456.0
156401664.0	268435456.0
48144384.0	268435456.0
45527040.0	268435456.0
145481728.0	268435456.0
47902720.0	268435456.0
45441024.0	268435456.0
45363200.0	268435456.0
45264896.0	268435456.0
45264896.0	268435456.0
46444544.0	268435456.0
48205824.0	268435456.0
48181248.0	268435456.0
48132096.0	268435456.0
48132096.0	268435456.0
48009216.0	268435456.0
47951872.0	268435456.0
47951872.0	268435456.0
148979712.0	268435456.0
46018560.0	268435456.0
48033792.0	268435456.0
47816704.0	268435456.0
47833088.0	268435456.0
47833088.0	268435456.0
47833088.0	268435456.0
47943680.0	268435456.0
45457408.0	268435456.0
45441024.0	268435456.0
148971520.0	268435456.0
48320512.0	268435456.0
48312320.0	268435456.0
48304128.0	268435456.0
48181248.0	268435456.0
48050176.0	268435456.0
148987904.0	268435456.0
48250880.0	268435456.0
45826048.0	268435456.0
156516352.0	268435456.0
48386048.0	268435456.0
48283648.0	268435456.0
48234496.0	268435456.0
48033792.0	268435456.0
48033792.0	268435456.0
48017408.0	268435456.0
47149056.0	268435456.0
145739776.0	268435456.0
89157632.0	268435456.0
48418816.0	268435456.0
48291840.0	268435456.0
48291840.0	268435456.0
48189440.0	268435456.0
48173056.0	268435456.0
48058368.0	268435456.0
48025600.0	268435456.0
45649920.0	268435456.0
45633536.0	268435456.0
48508928.0	268435456.0
145805312.0	268435456.0
156786688.0	268435456.0
48517120.0	268435456.0
48381952.0	268435456.0
48250880.0	268435456.0
48250880.0	268435456.0
48062464.0	268435456.0
48017408.0	268435456.0
50900992.0	268435456.0
146063360.0	268435456.0
48746496.0	268435456.0
46010368.0	268435456.0
46010368.0	268435456.0
45887488.0	268435456.0
48386048.0	268435456.0
48250880.0	268435456.0
48205824.0	268435456.0
48205824.0	268435456.0
48136192.0	268435456.0
48250880.0	268435456.0
48250880.0	268435456.0
48136192.0	268435456.0
48513024.0	268435456.0
45768704.0	268435456.0
45752320.0	268435456.0
45752320.0	268435456.0
45752320.0	268435456.0
149217280.0	268435456.0
135839744.0	268435456.0
48431104.0	268435456.0
48422912.0	268435456.0
48365568.0	268435456.0
46043136.0	268435456.0
46792704.0	268435456.0
47534080.0	268435456.0
145809408.0	268435456.0
156643328.0	268435456.0
48422912.0	268435456.0
48209920.0	268435456.0
48177152.0	268435456.0
48160768.0	268435456.0
48275456.0	268435456.0
149200896.0	268435456.0
48279552.0	268435456.0
78487552.0	268435456.0
48549888.0	268435456.0
48533504.0	268435456.0
50999296.0	268435456.0
149561344.0	268435456.0
48578560.0	268435456.0
48934912.0	268435456.0
51662848.0	268435456.0
46366720.0	268435456.0
146345984.0	268435456.0
51392512.0	268435456.0
46047232.0	268435456.0
45973504.0	268435456.0
156721152.0	268435456.0
48189440.0	268435456.0
146034688.0	268435456.0
50987008.0	268435456.0
159473664.0	268435456.0
48455680.0	268435456.0
48447488.0	268435456.0
48422912.0	268435456.0
48308224.0	268435456.0
48205824.0	268435456.0
48205824.0	268435456.0
145825792.0	268435456.0
48234496.0	268435456.0
45953024.0	268435456.0
45936640.0	268435456.0
45936640.0	268435456.0
156872704.0	268435456.0
48553984.0	268435456.0
48390144.0	268435456.0
48234496.0	268435456.0
48234496.0	268435456.0
48234496.0	268435456.0
45858816.0	268435456.0
45858816.0	268435456.0
46166016.0	268435456.0
46575616.0	268435456.0
145907712.0	268435456.0
50753536.0	268435456.0
45989888.0	268435456.0
48795648.0	268435456.0
48467968.0	268435456.0
48353280.0	268435456.0
149381120.0	268435456.0
48406528.0	268435456.0
51236864.0	268435456.0
48615424.0	268435456.0
48377856.0	268435456.0
48336896.0	268435456.0
48336896.0	268435456.0
48336896.0	268435456.0
149299200.0	268435456.0
46026752.0	268435456.0
94806016.0	268435456.0
48500736.0	268435456.0
48500736.0	268435456.0
47296512.0	268435456.0
146030592.0	268435456.0
157118464.0	268435456.0
48562176.0	268435456.0
59535360.0	268435456.0
145960960.0	268435456.0
48721920.0	268435456.0
48541696.0	268435456.0
48336896.0	268435456.0
48418816.0	268435456.0
48566272.0	268435456.0
149254144.0	268435456.0
46120960.0	268435456.0
50806784.0	268435456.0
48283648.0	268435456.0
48517120.0	268435456.0
149127168.0	268435456.0
67588096.0	268435456.0
48467968.0	268435456.0
48467968.0	268435456.0
48599040.0	268435456.0
48582656.0	268435456.0
48582656.0	268435456.0
48517120.0	268435456.0
48517120.0	268435456.0
46186496.0	268435456.0
149557248.0	268435456.0
48640000.0	268435456.0
48574464.0	268435456.0
48574464.0	268435456.0
48574464.0	268435456.0
48541696.0	268435456.0
48132096.0	268435456.0
146137088.0	268435456.0
157347840.0	268435456.0
49205248.0	268435456.0
46530560.0	268435456.0
46514176.0	268435456.0
47165440.0	268435456.0
149655552.0	268435456.0
48926720.0	268435456.0
92037120.0	268435456.0
49106944.0	268435456.0
48041984.0	268435456.0
146505728.0	268435456.0
46505984.0	268435456.0
157216768.0	268435456.0
49061888.0	268435456.0
48922624.0	268435456.0
48848896.0	268435456.0
48947200.0	268435456.0
46571520.0	268435456.0
46501888.0	268435456.0
146448384.0	268435456.0
46657536.0	268435456.0
46505984.0	268435456.0
46424064.0	268435456.0
49188864.0	268435456.0
49065984.0	268435456.0
48975872.0	268435456.0
48922624.0	268435456.0
48820224.0	268435456.0
48820224.0	268435456.0
46477312.0	268435456.0
149987328.0	268435456.0
49127424.0	268435456.0
150319104.0	268435456.0
48979968.0	268435456.0
58433536.0	268435456.0
146419712.0	268435456.0
157663232.0	268435456.0
49102848.0	268435456.0
48959488.0	268435456.0
48893952.0	268435456.0
48910336.0	268435456.0
48910336.0	268435456.0
48762880.0	268435456.0
146546688.0	268435456.0
155090944.0	268435456.0
49508352.0	268435456.0
47132672.0	268435456.0
146849792.0	268435456.0
146595840.0	268435456.0
46845952.0	268435456.0
157749248.0	268435456.0
49373184.0	268435456.0
49283072.0	268435456.0
49283072.0	268435456.0
49283072.0	268435456.0
49168384.0	268435456.0
49184768.0	268435456.0
46809088.0	268435456.0
46809088.0	268435456.0
146935808.0	268435456.0
146665472.0	268435456.0
160165888.0	268435456.0
49221632.0	268435456.0
49192960.0	268435456.0
49192960.0	268435456.0
51625984.0	268435456.0
150233088.0	268435456.0
160403456.0	268435456.0
49684480.0	268435456.0
150466560.0	268435456.0
50896896.0	268435456.0
50122752.0	268435456.0
150708224.0	268435456.0
49778688.0	268435456.0
49618944.0	268435456.0
49487872.0	268435456.0
147271680.0	268435456.0
111316992.0	268435456.0
157683712.0	268435456.0
49307648.0	268435456.0
49262592.0	268435456.0
150151168.0	268435456.0
49192960.0	268435456.0
154857472.0	268435456.0
49176576.0	268435456.0
46821376.0	268435456.0
46804992.0	268435456.0
47415296.0	268435456.0
150081536.0	268435456.0
49115136.0	268435456.0
49364992.0	268435456.0
49098752.0	268435456.0
48889856.0	268435456.0
48889856.0	268435456.0
48889856.0	268435456.0
150052864.0	268435456.0
51814400.0	268435456.0
157614080.0	268435456.0
49295360.0	268435456.0
49123328.0	268435456.0
49090560.0	268435456.0
150200320.0	268435456.0
49328128.0	268435456.0
46718976.0	268435456.0
46718976.0	268435456.0
157601792.0	268435456.0
49328128.0	268435456.0
49020928.0	268435456.0
49020928.0	268435456.0
49020928.0	268435456.0
49004544.0	268435456.0
49004544.0	268435456.0
49135616.0	268435456.0
49135616.0	268435456.0
49135616.0	268435456.0
46682112.0	268435456.0
46682112.0	268435456.0
46665728.0	268435456.0
146632704.0	268435456.0
146604032.0	268435456.0
46837760.0	268435456.0
49487872.0	268435456.0
49135616.0	268435456.0
49119232.0	268435456.0
49119232.0	268435456.0
49135616.0	268435456.0
49135616.0	268435456.0
49135616.0	268435456.0
49135616.0	268435456.0
46759936.0	268435456.0
46743552.0	268435456.0
46743552.0	268435456.0
47267840.0	268435456.0
146731008.0	268435456.0
47042560.0	268435456.0
47042560.0	268435456.0
47034368.0	268435456.0
47001600.0	268435456.0
154968064.0	268435456.0
49491968.0	268435456.0
49238016.0	268435456.0
49238016.0	268435456.0
49156096.0	268435456.0
49139712.0	268435456.0
49139712.0	268435456.0
49139712.0	268435456.0
49139712.0	268435456.0
49270784.0	268435456.0
150323200.0	268435456.0
49590272.0	268435456.0
157929472.0	268435456.0
49418240.0	268435456.0
49385472.0	268435456.0
49385472.0	268435456.0
53923840.0	268435456.0
147206144.0	268435456.0
158339072.0	268435456.0
49586176.0	268435456.0
49487872.0	268435456.0
49381376.0	268435456.0
49381376.0	268435456.0
47267840.0	268435456.0
150388736.0	268435456.0
66928640.0	268435456.0
49758208.0	268435456.0
49721344.0	268435456.0
147337216.0	268435456.0
147251200.0	268435456.0
158265344.0	268435456.0
52310016.0	268435456.0
47099904.0	268435456.0
47435776.0	268435456.0
146866176.0	268435456.0
157896704.0	268435456.0
49598464.0	268435456.0
49287168.0	268435456.0
49287168.0	268435456.0
49209344.0	268435456.0
49254400.0	268435456.0
49213440.0	268435456.0
49049600.0	268435456.0
49049600.0	268435456.0
49049600.0	268435456.0
49049600.0	268435456.0
49049600.0	268435456.0
49049600.0	268435456.0
49049600.0	268435456.0
