41033728.0	268435456.0
139739136.0	268435456.0
41185280.0	268435456.0
40628224.0	268435456.0
40976384.0	268435456.0
141852672.0	268435456.0
39858176.0	268435456.0
42536960.0	268435456.0
41410560.0	268435456.0
41680896.0	268435456.0
44650496.0	268435456.0
142462976.0	268435456.0
71725056.0	268435456.0
43335680.0	268435456.0
42201088.0	268435456.0
47947776.0	268435456.0
143577088.0	268435456.0
46637056.0	268435456.0
47067136.0	268435456.0
43520000.0	268435456.0
43495424.0	268435456.0
43376640.0	268435456.0
45219840.0	268435456.0
141488128.0	268435456.0
155746304.0	268435456.0
44359680.0	268435456.0
47501312.0	268435456.0
145256448.0	268435456.0
45043712.0	268435456.0
152928256.0	268435456.0
44691456.0	268435456.0
44625920.0	268435456.0
44441600.0	268435456.0
44318720.0	268435456.0
44568576.0	268435456.0
44466176.0	268435456.0
43155456.0	268435456.0
42491904.0	268435456.0
145670144.0	268435456.0
44986368.0	268435456.0
45797376.0	268435456.0
45031424.0	268435456.0
45019136.0	268435456.0
45019136.0	268435456.0
45002752.0	268435456.0
45002752.0	268435456.0
42962944.0	268435456.0
43134976.0	268435456.0
43364352.0	268435456.0
43540480.0	268435456.0
146292736.0	268435456.0
46616576.0	268435456.0
43200512.0	268435456.0
45559808.0	268435456.0
45854720.0	268435456.0
45854720.0	268435456.0
147030016.0	268435456.0
46473216.0	268435456.0
46329856.0	268435456.0
46833664.0	268435456.0
46772224.0	268435456.0
46718976.0	268435456.0
46649344.0	268435456.0
46649344.0	268435456.0
45084672.0	268435456.0
144396288.0	268435456.0
50139136.0	268435456.0
44482560.0	268435456.0
48336896.0	268435456.0
47071232.0	268435456.0
47071232.0	268435456.0
47071232.0	268435456.0
47857664.0	268435456.0
49238016.0	268435456.0
148393984.0	268435456.0
46702592.0	268435456.0
156037120.0	268435456.0
47775744.0	268435456.0
47693824.0	268435456.0
47570944.0	268435456.0
47570944.0	268435456.0
47198208.0	268435456.0
148926464.0	268435456.0
51478528.0	268435456.0
45662208.0	268435456.0
45568000.0	268435456.0
45551616.0	268435456.0
51609600.0	268435456.0
48144384.0	268435456.0
48140288.0	268435456.0
48140288.0	268435456.0
48070656.0	268435456.0
47988736.0	268435456.0
48381952.0	268435456.0
45703168.0	268435456.0
72560640.0	268435456.0
145715200.0	268435456.0
45846528.0	268435456.0
45748224.0	268435456.0
47190016.0	268435456.0
48635904.0	268435456.0
48349184.0	268435456.0
48369664.0	268435456.0
146317312.0	268435456.0
51200000.0	268435456.0
49758208.0	268435456.0
48861184.0	268435456.0
48713728.0	268435456.0
48615424.0	268435456.0
48644096.0	268435456.0
48721920.0	268435456.0
48721920.0	268435456.0
49389568.0	268435456.0
46276608.0	268435456.0
46276608.0	268435456.0
46243840.0	268435456.0
149590016.0	268435456.0
48889856.0	268435456.0
46309376.0	268435456.0
157286400.0	268435456.0
48885760.0	268435456.0
48746496.0	268435456.0
48877568.0	268435456.0
48877568.0	268435456.0
48877568.0	268435456.0
48824320.0	268435456.0
49086464.0	268435456.0
49483776.0	268435456.0
48414720.0	268435456.0
146694144.0	268435456.0
104837120.0	268435456.0
49430528.0	268435456.0
49319936.0	268435456.0
49319936.0	268435456.0
49319936.0	268435456.0
49319936.0	268435456.0
49205248.0	268435456.0
49205248.0	268435456.0
49414144.0	268435456.0
49430528.0	268435456.0
49303552.0	268435456.0
49303552.0	268435456.0
49303552.0	268435456.0
49287168.0	268435456.0
49287168.0	268435456.0
46927872.0	268435456.0
46927872.0	268435456.0
46927872.0	268435456.0
49156096.0	268435456.0
147181568.0	268435456.0
47570944.0	268435456.0
53268480.0	268435456.0
49688576.0	268435456.0
49664000.0	268435456.0
49664000.0	268435456.0
49647616.0	268435456.0
49647616.0	268435456.0
49664000.0	268435456.0
49672192.0	268435456.0
49672192.0	268435456.0
48840704.0	268435456.0
150962176.0	268435456.0
51032064.0	268435456.0
50307072.0	268435456.0
50233344.0	268435456.0
50151424.0	268435456.0
49967104.0	268435456.0
49946624.0	268435456.0
49946624.0	268435456.0
50475008.0	268435456.0
49979392.0	268435456.0
47673344.0	268435456.0
47583232.0	268435456.0
147685376.0	268435456.0
50819072.0	268435456.0
53145600.0	268435456.0
50221056.0	268435456.0
53198848.0	268435456.0
148107264.0	268435456.0
148160512.0	268435456.0
50282496.0	268435456.0
51294208.0	268435456.0
50262016.0	268435456.0
50253824.0	268435456.0
50253824.0	268435456.0
53571584.0	268435456.0
148004864.0	268435456.0
50946048.0	268435456.0
48238592.0	268435456.0
159174656.0	268435456.0
50618368.0	268435456.0
51023872.0	268435456.0
151728128.0	268435456.0
49254400.0	268435456.0
159621120.0	268435456.0
51159040.0	268435456.0
51126272.0	268435456.0
51126272.0	268435456.0
51138560.0	268435456.0
51138560.0	268435456.0
51036160.0	268435456.0
51036160.0	268435456.0
51216384.0	268435456.0
48803840.0	268435456.0
48689152.0	268435456.0
148918272.0	268435456.0
53870592.0	268435456.0
159760384.0	268435456.0
54595584.0	268435456.0
50909184.0	268435456.0
149266432.0	268435456.0
50176000.0	268435456.0
49209344.0	268435456.0
49127424.0	268435456.0
49651712.0	268435456.0
55177216.0	268435456.0
51564544.0	268435456.0
51564544.0	268435456.0
51564544.0	268435456.0
51564544.0	268435456.0
51548160.0	268435456.0
51548160.0	268435456.0
52203520.0	268435456.0
49356800.0	268435456.0
49246208.0	268435456.0
152637440.0	268435456.0
52088832.0	268435456.0
160215040.0	268435456.0
51875840.0	268435456.0
44490752.0	268435456.0
44281856.0	268435456.0
44281856.0	268435456.0
45436928.0	268435456.0
145293312.0	268435456.0
150544384.0	268435456.0
44630016.0	268435456.0
44441600.0	268435456.0
42971136.0	268435456.0
142102528.0	268435456.0
44630016.0	268435456.0
45453312.0	268435456.0
44990464.0	268435456.0
44867584.0	268435456.0
44888064.0	268435456.0
44580864.0	268435456.0
44523520.0	268435456.0
44400640.0	268435456.0
44544000.0	268435456.0
44425216.0	268435456.0
41951232.0	268435456.0
42082304.0	268435456.0
142442496.0	268435456.0
47357952.0	268435456.0
44716032.0	268435456.0
42733568.0	268435456.0
153214976.0	268435456.0
44732416.0	268435456.0
44609536.0	268435456.0
44556288.0	268435456.0
44556288.0	268435456.0
44556288.0	268435456.0
44556288.0	268435456.0
44556288.0	268435456.0
45211648.0	268435456.0
145924096.0	268435456.0
45436928.0	268435456.0
44802048.0	268435456.0
154054656.0	268435456.0
45568000.0	268435456.0
45404160.0	268435456.0
45535232.0	268435456.0
45453312.0	268435456.0
45453312.0	268435456.0
45572096.0	268435456.0
42983424.0	268435456.0
81260544.0	268435456.0
142921728.0	268435456.0
42967040.0	268435456.0
42942464.0	268435456.0
45740032.0	268435456.0
45592576.0	268435456.0
45543424.0	268435456.0
45469696.0	268435456.0
45490176.0	268435456.0
47321088.0	268435456.0
142991360.0	268435456.0
151207936.0	268435456.0
45527040.0	268435456.0
45494272.0	268435456.0
45494272.0	268435456.0
45494272.0	268435456.0
45305856.0	268435456.0
45420544.0	268435456.0
45420544.0	268435456.0
45420544.0	268435456.0
43044864.0	268435456.0
142888960.0	268435456.0
48713728.0	268435456.0
43237376.0	268435456.0
43368448.0	268435456.0
43360256.0	268435456.0
153903104.0	268435456.0
45486080.0	268435456.0
45449216.0	268435456.0
45449216.0	268435456.0
45412352.0	268435456.0
45412352.0	268435456.0
45395968.0	268435456.0
45395968.0	268435456.0
45789184.0	268435456.0
45563904.0	268435456.0
45563904.0	268435456.0
143937536.0	268435456.0
48365568.0	268435456.0
45899776.0	268435456.0
43266048.0	268435456.0
46215168.0	268435456.0
46907392.0	268435456.0
143192064.0	268435456.0
69812224.0	268435456.0
45969408.0	268435456.0
45813760.0	268435456.0
45797376.0	268435456.0
146755584.0	268435456.0
43835392.0	268435456.0
151482368.0	268435456.0
45932544.0	268435456.0
146989056.0	268435456.0
46850048.0	268435456.0
154624000.0	268435456.0
46669824.0	268435456.0
100278272.0	268435456.0
143491072.0	268435456.0
154513408.0	268435456.0
46039040.0	268435456.0
146857984.0	268435456.0
46374912.0	268435456.0
46292992.0	268435456.0
45977600.0	268435456.0
147263488.0	268435456.0
75796480.0	268435456.0
46256128.0	268435456.0
45998080.0	268435456.0
147238912.0	268435456.0
44343296.0	268435456.0
47349760.0	268435456.0
144257024.0	268435456.0
46837760.0	268435456.0
47124480.0	268435456.0
143904768.0	268435456.0
46366720.0	268435456.0
46387200.0	268435456.0
46358528.0	268435456.0
143966208.0	268435456.0
154861568.0	268435456.0
46411776.0	268435456.0
46993408.0	268435456.0
143974400.0	268435456.0
152469504.0	268435456.0
46481408.0	268435456.0
46325760.0	268435456.0
46325760.0	268435456.0
147410944.0	268435456.0
49704960.0	268435456.0
47697920.0	268435456.0
47304704.0	268435456.0
147947520.0	268435456.0
45477888.0	268435456.0
47198208.0	268435456.0
44679168.0	268435456.0
148008960.0	268435456.0
155897856.0	268435456.0
50343936.0	268435456.0
144982016.0	268435456.0
48402432.0	268435456.0
47706112.0	268435456.0
145137664.0	268435456.0
155910144.0	268435456.0
48001024.0	268435456.0
148389888.0	268435456.0
58990592.0	268435456.0
47980544.0	268435456.0
148688896.0	268435456.0
69672960.0	268435456.0
48271360.0	268435456.0
47882240.0	268435456.0
148893696.0	268435456.0
48254976.0	268435456.0
48156672.0	268435456.0
145887232.0	268435456.0
48177152.0	268435456.0
48279552.0	268435456.0
48156672.0	268435456.0
48816128.0	268435456.0
145580032.0	268435456.0
48480256.0	268435456.0
47255552.0	268435456.0
149266432.0	268435456.0
48631808.0	268435456.0
48623616.0	268435456.0
48357376.0	268435456.0
145776640.0	268435456.0
156532736.0	268435456.0
48312320.0	268435456.0
149139456.0	268435456.0
45879296.0	268435456.0
48410624.0	268435456.0
48152576.0	268435456.0
149114880.0	268435456.0
157081600.0	268435456.0
48365568.0	268435456.0
146124800.0	268435456.0
49606656.0	268435456.0
49192960.0	268435456.0
49549312.0	268435456.0
49405952.0	268435456.0
149401600.0	268435456.0
46067712.0	268435456.0
48431104.0	268435456.0
48513024.0	268435456.0
45981696.0	268435456.0
45965312.0	268435456.0
45867008.0	268435456.0
149221376.0	268435456.0
46301184.0	268435456.0
49074176.0	268435456.0
48697344.0	268435456.0
48443392.0	268435456.0
48967680.0	268435456.0
48517120.0	268435456.0
46579712.0	268435456.0
146079744.0	268435456.0
158191616.0	268435456.0
48680960.0	268435456.0
48668672.0	268435456.0
48807936.0	268435456.0
46325760.0	268435456.0
70823936.0	268435456.0
146132992.0	268435456.0
47845376.0	268435456.0
48762880.0	268435456.0
48619520.0	268435456.0
48521216.0	268435456.0
48521216.0	268435456.0
48521216.0	268435456.0
48635904.0	268435456.0
48635904.0	268435456.0
48635904.0	268435456.0
46272512.0	268435456.0
149508096.0	268435456.0
47333376.0	268435456.0
49250304.0	268435456.0
48816128.0	268435456.0
48816128.0	268435456.0
48697344.0	268435456.0
53686272.0	268435456.0
146292736.0	268435456.0
46551040.0	268435456.0
46522368.0	268435456.0
157224960.0	268435456.0
48902144.0	268435456.0
46444544.0	268435456.0
46444544.0	268435456.0
149798912.0	268435456.0
48869376.0	268435456.0
46600192.0	268435456.0
46395392.0	268435456.0
48889856.0	268435456.0
48758784.0	268435456.0
48701440.0	268435456.0
48701440.0	268435456.0
48701440.0	268435456.0
48816128.0	268435456.0
46325760.0	268435456.0
146628608.0	268435456.0
49586176.0	268435456.0
157499392.0	268435456.0
49127424.0	268435456.0
49373184.0	268435456.0
46583808.0	268435456.0
150167552.0	268435456.0
46989312.0	268435456.0
49299456.0	268435456.0
49176576.0	268435456.0
49250304.0	268435456.0
49008640.0	268435456.0
146722816.0	268435456.0
51523584.0	268435456.0
46669824.0	268435456.0
46784512.0	268435456.0
99168256.0	268435456.0
49000448.0	268435456.0
48955392.0	268435456.0
48955392.0	268435456.0
48955392.0	268435456.0
46690304.0	268435456.0
48111616.0	268435456.0
150016000.0	268435456.0
48496640.0	268435456.0
49020928.0	268435456.0
48971776.0	268435456.0
48971776.0	268435456.0
49090560.0	268435456.0
49090560.0	268435456.0
49090560.0	268435456.0
48971776.0	268435456.0
46596096.0	268435456.0
149950464.0	268435456.0
46567424.0	268435456.0
46567424.0	268435456.0
47353856.0	268435456.0
49356800.0	268435456.0
49233920.0	268435456.0
49074176.0	268435456.0
49074176.0	268435456.0
146845696.0	268435456.0
51761152.0	268435456.0
47742976.0	268435456.0
49553408.0	268435456.0
49414144.0	268435456.0
49385472.0	268435456.0
49262592.0	268435456.0
48943104.0	268435456.0
48926720.0	268435456.0
48926720.0	268435456.0
48926720.0	268435456.0
48926720.0	268435456.0
149925888.0	268435456.0
46997504.0	268435456.0
49299456.0	268435456.0
49299456.0	268435456.0
49070080.0	268435456.0
49053696.0	268435456.0
48914432.0	268435456.0
49045504.0	268435456.0
49045504.0	268435456.0
48930816.0	268435456.0
48930816.0	268435456.0
48930816.0	268435456.0
46563328.0	268435456.0
149950464.0	268435456.0
49094656.0	268435456.0
49111040.0	268435456.0
49020928.0	268435456.0
48971776.0	268435456.0
48971776.0	268435456.0
48971776.0	268435456.0
49102848.0	268435456.0
49102848.0	268435456.0
49106944.0	268435456.0
115253248.0	268435456.0
146599936.0	268435456.0
46686208.0	268435456.0
46788608.0	268435456.0
46919680.0	268435456.0
47181824.0	268435456.0
157659136.0	268435456.0
49315840.0	268435456.0
49156096.0	268435456.0
49156096.0	268435456.0
49156096.0	268435456.0
49065984.0	268435456.0
49049600.0	268435456.0
49049600.0	268435456.0
52195328.0	268435456.0
49078272.0	268435456.0
49078272.0	268435456.0
49078272.0	268435456.0
49078272.0	268435456.0
49061888.0	268435456.0
49209344.0	268435456.0
46997504.0	268435456.0
46735360.0	268435456.0
46735360.0	268435456.0
46735360.0	268435456.0
47120384.0	268435456.0
150237184.0	268435456.0
73945088.0	268435456.0
49319936.0	268435456.0
46944256.0	268435456.0
150347776.0	268435456.0
49397760.0	268435456.0
49815552.0	268435456.0
49684480.0	268435456.0
49573888.0	268435456.0
49319936.0	268435456.0
146948096.0	268435456.0
47067136.0	268435456.0
47067136.0	268435456.0
47067136.0	268435456.0
158044160.0	268435456.0
49729536.0	268435456.0
49729536.0	268435456.0
49508352.0	268435456.0
49352704.0	268435456.0
150343680.0	268435456.0
47767552.0	268435456.0
47923200.0	268435456.0
48259072.0	268435456.0
158294016.0	268435456.0
49696768.0	268435456.0
49520640.0	268435456.0
49491968.0	268435456.0
49491968.0	268435456.0
49475584.0	268435456.0
49606656.0	268435456.0
49606656.0	268435456.0
147361792.0	268435456.0
49967104.0	268435456.0
158945280.0	268435456.0
50188288.0	268435456.0
49889280.0	268435456.0
49876992.0	268435456.0
49688576.0	268435456.0
147447808.0	268435456.0
52273152.0	268435456.0
158261248.0	268435456.0
49786880.0	268435456.0
49786880.0	268435456.0
49684480.0	268435456.0
49684480.0	268435456.0
49684480.0	268435456.0
49688576.0	268435456.0
150884352.0	268435456.0
49831936.0	268435456.0
47366144.0	268435456.0
47292416.0	268435456.0
158068736.0	268435456.0
49795072.0	268435456.0
147546112.0	268435456.0
147476480.0	268435456.0
49430528.0	268435456.0
158490624.0	268435456.0
49987584.0	268435456.0
49942528.0	268435456.0
49725440.0	268435456.0
49856512.0	268435456.0
49643520.0	268435456.0
49643520.0	268435456.0
49643520.0	268435456.0
49684480.0	268435456.0
47308800.0	268435456.0
47308800.0	268435456.0
47267840.0	268435456.0
47267840.0	268435456.0
47267840.0	268435456.0
47251456.0	268435456.0
49086464.0	268435456.0
147243008.0	268435456.0
48345088.0	268435456.0
49983488.0	268435456.0
49893376.0	268435456.0
49741824.0	268435456.0
51036160.0	268435456.0
49868800.0	268435456.0
49729536.0	268435456.0
102699008.0	268435456.0
147238912.0	268435456.0
158433280.0	268435456.0
49819648.0	268435456.0
49774592.0	268435456.0
49688576.0	268435456.0
49610752.0	268435456.0
49594368.0	268435456.0
49676288.0	268435456.0
147394560.0	268435456.0
49926144.0	268435456.0
47460352.0	268435456.0
49463296.0	268435456.0
50118656.0	268435456.0
50053120.0	268435456.0
49958912.0	268435456.0
49958912.0	268435456.0
50089984.0	268435456.0
50073600.0	268435456.0
49950720.0	268435456.0
49164288.0	268435456.0
150929408.0	268435456.0
47558656.0	268435456.0
47550464.0	268435456.0
47550464.0	268435456.0
158404608.0	268435456.0
49864704.0	268435456.0
49864704.0	268435456.0
49844224.0	268435456.0
49229824.0	268435456.0
147628032.0	268435456.0
48422912.0	268435456.0
50049024.0	268435456.0
49950720.0	268435456.0
49901568.0	268435456.0
49864704.0	268435456.0
48398336.0	268435456.0
150994944.0	268435456.0
47845376.0	268435456.0
47788032.0	268435456.0
47706112.0	268435456.0
50380800.0	268435456.0
49991680.0	268435456.0
48009216.0	268435456.0
151183360.0	268435456.0
48959488.0	268435456.0
47964160.0	268435456.0
47775744.0	268435456.0
47767552.0	268435456.0
48664576.0	268435456.0
50364416.0	268435456.0
50061312.0	268435456.0
50012160.0	268435456.0
50012160.0	268435456.0
50012160.0	268435456.0
49995776.0	268435456.0
50913280.0	268435456.0
50069504.0	268435456.0
50069504.0	268435456.0
50069504.0	268435456.0
50069504.0	268435456.0
49999872.0	268435456.0
50024448.0	268435456.0
48697344.0	268435456.0
147800064.0	268435456.0
50339840.0	268435456.0
47923200.0	268435456.0
47906816.0	268435456.0
47779840.0	268435456.0
158720000.0	268435456.0
50421760.0	268435456.0
53776384.0	268435456.0
50262016.0	268435456.0
148094976.0	268435456.0
147861504.0	268435456.0
158691328.0	268435456.0
50147328.0	268435456.0
50147328.0	268435456.0
50073600.0	268435456.0
50253824.0	268435456.0
50155520.0	268435456.0
50040832.0	268435456.0
142155776.0	268435456.0
122609664.0	268435456.0
47763456.0	268435456.0
51253248.0	268435456.0
50311168.0	268435456.0
50237440.0	268435456.0
50237440.0	268435456.0
50237440.0	268435456.0
50089984.0	268435456.0
47714304.0	268435456.0
47681536.0	268435456.0
47669248.0	268435456.0
151080960.0	268435456.0
47824896.0	268435456.0
47816704.0	268435456.0
158642176.0	268435456.0
50425856.0	268435456.0
50425856.0	268435456.0
50282496.0	268435456.0
50290688.0	268435456.0
151154688.0	268435456.0
50282496.0	268435456.0
158748672.0	268435456.0
50270208.0	268435456.0
50135040.0	268435456.0
50135040.0	268435456.0
50135040.0	268435456.0
50135040.0	268435456.0
50126848.0	268435456.0
50126848.0	268435456.0
47751168.0	268435456.0
47751168.0	268435456.0
47751168.0	268435456.0
47865856.0	268435456.0
151273472.0	268435456.0
51060736.0	268435456.0
50675712.0	268435456.0
50651136.0	268435456.0
148049920.0	268435456.0
50647040.0	268435456.0
48136192.0	268435456.0
47931392.0	268435456.0
49897472.0	268435456.0
50515968.0	268435456.0
50548736.0	268435456.0
50548736.0	268435456.0
50311168.0	268435456.0
50311168.0	268435456.0
50311168.0	268435456.0
50294784.0	268435456.0
48050176.0	268435456.0
48050176.0	268435456.0
50425856.0	268435456.0
148033536.0	268435456.0
156172288.0	268435456.0
50839552.0	268435456.0
50688000.0	268435456.0
48205824.0	268435456.0
51277824.0	268435456.0
148033536.0	268435456.0
49213440.0	268435456.0
50401280.0	268435456.0
50462720.0	268435456.0
50462720.0	268435456.0
50221056.0	268435456.0
147939328.0	268435456.0
51421184.0	268435456.0
51863552.0	268435456.0
50442240.0	268435456.0
50442240.0	268435456.0
151949312.0	268435456.0
148381696.0	268435456.0
159117312.0	268435456.0
50827264.0	268435456.0
48177152.0	268435456.0
86159360.0	268435456.0
148410368.0	268435456.0
159096832.0	268435456.0
50855936.0	268435456.0
50667520.0	268435456.0
50667520.0	268435456.0
48730112.0	268435456.0
48422912.0	268435456.0
151638016.0	268435456.0
48664576.0	268435456.0
139051008.0	268435456.0
51175424.0	268435456.0
50933760.0	268435456.0
50774016.0	268435456.0
77721600.0	268435456.0
148164608.0	268435456.0
48177152.0	268435456.0
158908416.0	268435456.0
50675712.0	268435456.0
51200000.0	268435456.0
50651136.0	268435456.0
50782208.0	268435456.0
50622464.0	268435456.0
50552832.0	268435456.0
151732224.0	268435456.0
58654720.0	268435456.0
50892800.0	268435456.0
50896896.0	268435456.0
50896896.0	268435456.0
50880512.0	268435456.0
151834624.0	268435456.0
48640000.0	268435456.0
159436800.0	268435456.0
50843648.0	268435456.0
151814144.0	268435456.0
159731712.0	268435456.0
51036160.0	268435456.0
50966528.0	268435456.0
50970624.0	268435456.0
50855936.0	268435456.0
48357376.0	268435456.0
148615168.0	268435456.0
50950144.0	268435456.0
50876416.0	268435456.0
50892800.0	268435456.0
50757632.0	268435456.0
48381952.0	268435456.0
48381952.0	268435456.0
148639744.0	268435456.0
53424128.0	268435456.0
159182848.0	268435456.0
51060736.0	268435456.0
50839552.0	268435456.0
148512768.0	268435456.0
53334016.0	268435456.0
95395840.0	268435456.0
51113984.0	268435456.0
50761728.0	268435456.0
48209920.0	268435456.0
48635904.0	268435456.0
151760896.0	268435456.0
48619520.0	268435456.0
48586752.0	268435456.0
160178176.0	268435456.0
51404800.0	268435456.0
50987008.0	268435456.0
50864128.0	268435456.0
50835456.0	268435456.0
50835456.0	268435456.0
50966528.0	268435456.0
151752704.0	268435456.0
50827264.0	268435456.0
50114560.0	268435456.0
50946048.0	268435456.0
50884608.0	268435456.0
50851840.0	268435456.0
50851840.0	268435456.0
50827264.0	268435456.0
50728960.0	268435456.0
50728960.0	268435456.0
50712576.0	268435456.0
50769920.0	268435456.0
151896064.0	268435456.0
49172480.0	268435456.0
48472064.0	268435456.0
48390144.0	268435456.0
51388416.0	268435456.0
51036160.0	268435456.0
50946048.0	268435456.0
50823168.0	268435456.0
50720768.0	268435456.0
50704384.0	268435456.0
50704384.0	268435456.0
50692096.0	268435456.0
50692096.0	268435456.0
50708480.0	268435456.0
50708480.0	268435456.0
48226304.0	268435456.0
151715840.0	268435456.0
50683904.0	268435456.0
48218112.0	268435456.0
48218112.0	268435456.0
48218112.0	268435456.0
159186944.0	268435456.0
51179520.0	268435456.0
50786304.0	268435456.0
50786304.0	268435456.0
50786304.0	268435456.0
50769920.0	268435456.0
50769920.0	268435456.0
50790400.0	268435456.0
49967104.0	268435456.0
151756800.0	268435456.0
48816128.0	268435456.0
159514624.0	268435456.0
51175424.0	268435456.0
51175424.0	268435456.0
51175424.0	268435456.0
51052544.0	268435456.0
51032064.0	268435456.0
50970624.0	268435456.0
50970624.0	268435456.0
50987008.0	268435456.0
50987008.0	268435456.0
50987008.0	268435456.0
50987008.0	268435456.0
152080384.0	268435456.0
51417088.0	268435456.0
48914432.0	268435456.0
51458048.0	268435456.0
51355648.0	268435456.0
51355648.0	268435456.0
51470336.0	268435456.0
51396608.0	268435456.0
51396608.0	268435456.0
51281920.0	268435456.0
48906240.0	268435456.0
48889856.0	268435456.0
152363008.0	268435456.0
51789824.0	268435456.0
51605504.0	268435456.0
51355648.0	268435456.0
51355648.0	268435456.0
51339264.0	268435456.0
51339264.0	268435456.0
51294208.0	268435456.0
51294208.0	268435456.0
51294208.0	268435456.0
51294208.0	268435456.0
51294208.0	268435456.0
