35504128	268435456
38842368	268435456
40329216	268435456
35565568	268435456
35651584	268435456
35782656	268435456
35872768	268435456
36700160	268435456
43651072	268435456
137134080	268435456
137068544	268435456
140439552	268435456
140439552	268435456
140439552	268435456
137281536	268435456
44953600	268435456
38068224	268435456
111546368	268435456
149585920	268435456
149291008	268435456
41164800	268435456
41271296	268435456
41172992	268435456
41156608	268435456
41156608	268435456
41156608	268435456
41156608	268435456
41156608	268435456
43646976	268435456
41287680	268435456
41189376	268435456
41189376	268435456
41189376	268435456
41172992	268435456
41172992	268435456
41172992	268435456
41172992	268435456
41172992	268435456
41172992	268435456
41172992	268435456
41324544	268435456
41324544	268435456
41324544	268435456
41209856	268435456
39755776	268435456
139255808	268435456
142663680	268435456
142487552	268435456
139362304	268435456
44269568	268435456
39616512	268435456
39604224	268435456
39604224	268435456
39686144	268435456
39641088	268435456
39624704	268435456
39624704	268435456
39624704	268435456
86302720	268435456
150798336	268435456
150786048	268435456
45006848	268435456
42659840	268435456
42508288	268435456
42508288	268435456
42508288	268435456
42508288	268435456
42508288	268435456
42790912	268435456
40980480	268435456
98660352	268435456
141000704	268435456
144265216	268435456
144150528	268435456
140992512	268435456
43855872	268435456
43569152	268435456
41308160	268435456
90169344	268435456
152535040	268435456
104198144	268435456
44007424	268435456
43978752	268435456
43995136	268435456
46567424	268435456
141950976	268435456
145227776	268435456
145227776	268435456
141946880	268435456
47083520	268435456
44654592	268435456
42180608	268435456
42180608	268435456
42180608	268435456
42164224	268435456
42164224	268435456
42164224	268435456
43520000	268435456
131731456	268435456
153124864	268435456
153100288	268435456
47439872	268435456
44830720	268435456
44773376	268435456
44773376	268435456
44773376	268435456
44773376	268435456
44773376	268435456
44773376	268435456
44773376	268435456
44814336	268435456
44797952	268435456
42561536	268435456
82583552	268435456
142909440	268435456
146149376	268435456
146149376	268435456
142872576	268435456
47669248	268435456
43130880	268435456
152870912	268435456
154374144	268435456
48537600	268435456
45932544	268435456
45932544	268435456
45916160	268435456
45916160	268435456
45916160	268435456
45916160	268435456
45916160	268435456
45899776	268435456
45899776	268435456
45899776	268435456
45899776	268435456
45899776	268435456
45899776	268435456
46014464	268435456
45879296	268435456
144289792	268435456
147386368	268435456
147341312	268435456
144179200	268435456
48939008	268435456
44417024	268435456
46731264	268435456
94048256	268435456
155197440	268435456
155197440	268435456
49340416	268435456
46891008	268435456
46927872	268435456
46911488	268435456
46911488	268435456
46874624	268435456
49098752	268435456
46895104	268435456
46895104	268435456
46895104	268435456
46895104	268435456
46878720	268435456
46878720	268435456
46878720	268435456
46878720	268435456
46878720	268435456
44896256	268435456
145047552	268435456
143634432	268435456
148271104	268435456
144982016	268435456
144920576	268435456
47448064	268435456
45268992	268435456
45367296	268435456
46841856	268435456
94597120	268435456
156098560	268435456
156098560	268435456
47849472	268435456
47837184	268435456
47820800	268435456
47820800	268435456
47820800	268435456
47607808	268435456
47607808	268435456
47607808	268435456
47607808	268435456
47607808	268435456
47591424	268435456
50081792	268435456
46596096	268435456
145530880	268435456
148807680	268435456
148795392	268435456
145502208	268435456
50552832	268435456
156758016	268435456
157085696	268435456
51003392	268435456
48545792	268435456
48611328	268435456
48611328	268435456
48611328	268435456
48611328	268435456
48611328	268435456
48611328	268435456
48611328	268435456
48611328	268435456
48611328	268435456
48611328	268435456
48611328	268435456
48611328	268435456
48611328	268435456
48611328	268435456
51101696	268435456
48635904	268435456
48635904	268435456
48635904	268435456
48635904	268435456
48619520	268435456
48619520	268435456
46280704	268435456
46280704	268435456
46280704	268435456
46280704	268435456
46280704	268435456
104415232	268435456
146489344	268435456
146489344	268435456
149856256	268435456
149856256	268435456
146485248	268435456
49147904	268435456
157814784	268435456
157933568	268435456
157933568	268435456
49487872	268435456
49377280	268435456
49377280	268435456
49377280	268435456
49377280	268435456
49377280	268435456
49377280	268435456
49377280	268435456
49377280	268435456
49377280	268435456
49377280	268435456
49377280	268435456
49377280	268435456
49377280	268435456
49377280	268435456
47251456	268435456
48087040	268435456
117350400	268435456
147091456	268435456
150503424	268435456
150503424	268435456
150466560	268435456
147083264	268435456
52166656	268435456
141955072	268435456
158429184	268435456
158224384	268435456
49946624	268435456
49975296	268435456
49934336	268435456
49823744	268435456
49823744	268435456
49823744	268435456
49823744	268435456
52183040	268435456
49954816	268435456
49840128	268435456
49840128	268435456
49840128	268435456
49823744	268435456
49823744	268435456
49823744	268435456
49823744	268435456
49815552	268435456
147472384	268435456
150822912	268435456
150822912	268435456
150822912	268435456
147533824	268435456
52621312	268435456
48467968	268435456
48828416	268435456
99487744	268435456
158564352	268435456
158531584	268435456
50647040	268435456
50212864	268435456
145051648	268435456
147935232	268435456
151212032	268435456
146612224	268435456
147898368	268435456
50601984	268435456
50630656	268435456
48840704	268435456
158896128	268435456
158859264	268435456
50655232	268435456
50597888	268435456
50573312	268435456
50511872	268435456
50511872	268435456
50511872	268435456
50388992	268435456
50524160	268435456
50524160	268435456
50524160	268435456
50524160	268435456
50524160	268435456
50507776	268435456
50397184	268435456
50397184	268435456
52772864	268435456
50425856	268435456
50425856	268435456
50417664	268435456
50417664	268435456
43040768	268435456
43040768	268435456
43040768	268435456
43040768	268435456
43040768	268435456
43024384	268435456
43048960	268435456
140943360	268435456
144113664	268435456
144113664	268435456
140693504	268435456
43376640	268435456
40964096	268435456
40812544	268435456
40812544	268435456
40812544	268435456
40796160	268435456
40796160	268435456
40796160	268435456
40796160	268435456
40796160	268435456
122974208	268435456
151801856	268435456
151801856	268435456
43618304	268435456
43569152	268435456
43552768	268435456
45768704	268435456
43380736	268435456
43380736	268435456
43380736	268435456
43380736	268435456
43364352	268435456
43364352	268435456
43503616	268435456
43388928	268435456
43388928	268435456
43388928	268435456
43388928	268435456
43372544	268435456
43372544	268435456
43372544	268435456
41017344	268435456
41017344	268435456
41017344	268435456
41017344	268435456
41017344	268435456
41000960	268435456
41000960	268435456
41000960	268435456
41000960	268435456
41623552	268435456
141070336	268435456
144478208	268435456
144478208	268435456
144478208	268435456
140992512	268435456
43495424	268435456
43495424	268435456
41054208	268435456
41054208	268435456
41017344	268435456
41000960	268435456
41000960	268435456
41000960	268435456
41000960	268435456
41000960	268435456
41000960	268435456
97566720	268435456
151867392	268435456
151867392	268435456
45756416	268435456
43462656	268435456
43446272	268435456
43462656	268435456
41312256	268435456
133906432	268435456
141152256	268435456
144527360	268435456
144527360	268435456
141205504	268435456
45920256	268435456
41816064	268435456
111529984	268435456
152371200	268435456
152371200	268435456
44109824	268435456
44093440	268435456
43974656	268435456
43958272	268435456
43958272	268435456
43986944	268435456
43872256	268435456
43872256	268435456
43872256	268435456
43872256	268435456
43855872	268435456
43855872	268435456
43855872	268435456
43855872	268435456
43855872	268435456
43855872	268435456
43855872	268435456
43855872	268435456
