24600576	268435456
34463744	268435456
37523456	268435456
93003776	268435456
135602176	268435456
139001856	268435456
139038720	268435456
135901184	268435456
41357312	268435456
147587072	268435456
147664896	268435456
147750912	268435456
39911424	268435456
39882752	268435456
39915520	268435456
39952384	268435456
39952384	268435456
39952384	268435456
39952384	268435456
39952384	268435456
40091648	268435456
137715712	268435456
141123584	268435456
141148160	268435456
137945088	268435456
43393024	268435456
38854656	268435456
39960576	268435456
137453568	268435456
149467136	268435456
149594112	268435456
42143744	268435456
41476096	268435456
41377792	268435456
41418752	268435456
41402368	268435456
41402368	268435456
41402368	268435456
41402368	268435456
41402368	268435456
41402368	268435456
41402368	268435456
41500672	268435456
41431040	268435456
41431040	268435456
41431040	268435456
41431040	268435456
41414656	268435456
41414656	268435456
39301120	268435456
39190528	268435456
39190528	268435456
39190528	268435456
39190528	268435456
39174144	268435456
39067648	268435456
39067648	268435456
39067648	268435456
39559168	268435456
139587584	268435456
139587584	268435456
142864384	268435456
139706368	268435456
60575744	268435456
40189952	268435456
149118976	268435456
150945792	268435456
150978560	268435456
46129152	268435456
42758144	268435456
42713088	268435456
42713088	268435456
42713088	268435456
42713088	268435456
42713088	268435456
42713088	268435456
42713088	268435456
42713088	268435456
42831872	268435456
140935168	268435456
144343040	268435456
144396288	268435456
141238272	268435456
46944256	268435456
43831296	268435456
44634112	268435456
43192320	268435456
152498176	268435456
152395776	268435456
152395776	268435456
44212224	268435456
44212224	268435456
44212224	268435456
44068864	268435456
44023808	268435456
44023808	268435456
44023808	268435456
44023808	268435456
44023808	268435456
44023808	268435456
44113920	268435456
44052480	268435456
44052480	268435456
44052480	268435456
44052480	268435456
44093440	268435456
44093440	268435456
44072960	268435456
44072960	268435456
44072960	268435456
44072960	268435456
44072960	268435456
44072960	268435456
44072960	268435456
44072960	268435456
42549248	268435456
43753472	268435456
142028800	268435456
141938688	268435456
145317888	268435456
145317888	268435456
142155776	268435456
47570944	268435456
42500096	268435456
42283008	268435456
42266624	268435456
42397696	268435456
42397696	268435456
42397696	268435456
42397696	268435456
42397696	268435456
42397696	268435456
42299392	268435456
42299392	268435456
42299392	268435456
43741184	268435456
153620480	268435456
153497600	268435456
153464832	268435456
151064576	268435456
45150208	268435456
46166016	268435456
124956672	268435456
143171584	268435456
146448384	268435456
146448384	268435456
48623616	268435456
46120960	268435456
43601920	268435456
115896320	268435456
154402816	268435456
49430528	268435456
46129152	268435456
46002176	268435456
46002176	268435456
45928448	268435456
45912064	268435456
45912064	268435456
45912064	268435456
45948928	268435456
45932544	268435456
45932544	268435456
45932544	268435456
45932544	268435456
45916160	268435456
45916160	268435456
43905024	268435456
102342656	268435456
143761408	268435456
147173376	268435456
147099648	268435456
143810560	268435456
143781888	268435456
46813184	268435456
43937792	268435456
43937792	268435456
43921408	268435456
43921408	268435456
43921408	268435456
43921408	268435456
43921408	268435456
43921408	268435456
43921408	268435456
43921408	268435456
103907328	268435456
155185152	268435456
155099136	268435456
46686208	268435456
46657536	268435456
46518272	268435456
46518272	268435456
46518272	268435456
46518272	268435456
46518272	268435456
46518272	268435456
46518272	268435456
46518272	268435456
46641152	268435456
46641152	268435456
46641152	268435456
46641152	268435456
46641152	268435456
44257280	268435456
45125632	268435456
46018560	268435456
144207872	268435456
147615744	268435456
147615744	268435456
144293888	268435456
49917952	268435456
44515328	268435456
44515328	268435456
44515328	268435456
44515328	268435456
44515328	268435456
44498944	268435456
44498944	268435456
44908544	268435456
46452736	268435456
155324416	268435456
155303936	268435456
155303936	268435456
50372608	268435456
47116288	268435456
47001600	268435456
47001600	268435456
47001600	268435456
47001600	268435456
47001600	268435456
47001600	268435456
47001600	268435456
47001600	268435456
47001600	268435456
47001600	268435456
47001600	268435456
47001600	268435456
50147328	268435456
47165440	268435456
47165440	268435456
47091712	268435456
47091712	268435456
47075328	268435456
47075328	268435456
47075328	268435456
47935488	268435456
145051648	268435456
145014784	268435456
148291584	268435456
148291584	268435456
50192384	268435456
45109248	268435456
45109248	268435456
45109248	268435456
45109248	268435456
45092864	268435456
156114944	268435456
156237824	268435456
156237824	268435456
47861760	268435456
47861760	268435456
47722496	268435456
47616000	268435456
47616000	268435456
47616000	268435456
47616000	268435456
47616000	268435456
47616000	268435456
47616000	268435456
47616000	268435456
45858816	268435456
46104576	268435456
90222592	268435456
145461248	268435456
148840448	268435456
148840448	268435456
145547264	268435456
93892608	268435456
156602368	268435456
156602368	268435456
156516352	268435456
108359680	268435456
48246784	268435456
40882176	268435456
40882176	268435456
40865792	268435456
40787968	268435456
40787968	268435456
40787968	268435456
40787968	268435456
44064768	268435456
38961152	268435456
39333888	268435456
90521600	268435456
138792960	268435456
142196736	268435456
142196736	268435456
138907648	268435456
39772160	268435456
39026688	268435456
39026688	268435456
138043392	268435456
150163456	268435456
150163456	268435456
41963520	268435456
41840640	268435456
41824256	268435456
41824256	268435456
41824256	268435456
41824256	268435456
41840640	268435456
41840640	268435456
139599872	268435456
142954496	268435456
142831616	268435456
139554816	268435456
44630016	268435456
150331392	268435456
150536192	268435456
45359104	268435456
41762816	268435456
139984896	268435456
143396864	268435456
143319040	268435456
140029952	268435456
42582016	268435456
40300544	268435456
40300544	268435456
40198144	268435456
40148992	268435456
40148992	268435456
40132608	268435456
40132608	268435456
40132608	268435456
40132608	268435456
40132608	268435456
40525824	268435456
151035904	268435456
150867968	268435456
45404160	268435456
42541056	268435456
42541056	268435456
42524672	268435456
42524672	268435456
42524672	268435456
42524672	268435456
42524672	268435456
42524672	268435456
42524672	268435456
42524672	268435456
42524672	268435456
42524672	268435456
42524672	268435456
42524672	268435456
42524672	268435456
42524672	268435456
42524672	268435456
42524672	268435456
100364288	268435456
140242944	268435456
143613952	268435456
143613952	268435456
140361728	268435456
40521728	268435456
40521728	268435456
40521728	268435456
40521728	268435456
40521728	268435456
40505344	268435456
40505344	268435456
40505344	268435456
40505344	268435456
40505344	268435456
40980480	268435456
56188928	268435456
151408640	268435456
151244800	268435456
43163648	268435456
42987520	268435456
42897408	268435456
45719552	268435456
42913792	268435456
42913792	268435456
42913792	268435456
42913792	268435456
42897408	268435456
42897408	268435456
42897408	268435456
42897408	268435456
42897408	268435456
42897408	268435456
42897408	268435456
42897408	268435456
42897408	268435456
42897408	268435456
42897408	268435456
42897408	268435456
42897408	268435456
42897408	268435456
42926080	268435456
42926080	268435456
42926080	268435456
42926080	268435456
42926080	268435456
42909696	268435456
42909696	268435456
42909696	268435456
42909696	268435456
42909696	268435456
42909696	268435456
42909696	268435456
42905600	268435456
140677120	268435456
140644352	268435456
143937536	268435456
143937536	268435456
140779520	268435456
40861696	268435456
41549824	268435456
151576576	268435456
151527424	268435456
151527424	268435456
151527424	268435456
43384832	268435456
43188224	268435456
43188224	268435456
43171840	268435456
