24141824	268435456
36462592	268435456
38985728	268435456
35643392	268435456
35713024	268435456
35844096	268435456
36872192	268435456
136695808	268435456
136933376	268435456
140349440	268435456
140349440	268435456
137101312	268435456
41713664	268435456
48508928	268435456
149000192	268435456
149102592	268435456
40931328	268435456
41037824	268435456
40996864	268435456
40976384	268435456
40976384	268435456
40976384	268435456
40976384	268435456
40976384	268435456
40968192	268435456
40968192	268435456
40968192	268435456
40968192	268435456
39288832	268435456
139206656	268435456
142372864	268435456
142372864	268435456
139132928	268435456
45490176	268435456
39632896	268435456
39571456	268435456
39702528	268435456
39702528	268435456
39514112	268435456
39514112	268435456
39514112	268435456
39514112	268435456
39514112	268435456
77611008	268435456
150495232	268435456
150495232	268435456
42393600	268435456
41680896	268435456
41463808	268435456
134651904	268435456
140156928	268435456
143564800	268435456
143585280	268435456
140337152	268435456
41668608	268435456
40636416	268435456
40636416	268435456
40636416	268435456
40669184	268435456
40652800	268435456
40652800	268435456
40652800	268435456
78356480	268435456
151773184	268435456
151773184	268435456
43548672	268435456
43343872	268435456
43327488	268435456
43327488	268435456
43327488	268435456
43327488	268435456
43458560	268435456
43536384	268435456
43429888	268435456
43388928	268435456
43388928	268435456
43388928	268435456
41189376	268435456
41398272	268435456
41402368	268435456
41435136	268435456
41566208	268435456
41521152	268435456
41324544	268435456
41521152	268435456
43421696	268435456
131047424	268435456
141664256	268435456
145072128	268435456
144969728	268435456
141807616	268435456
42127360	268435456
74031104	268435456
153292800	268435456
153165824	268435456
44761088	268435456
44802048	268435456
44613632	268435456
44593152	268435456
44593152	268435456
44593152	268435456
44593152	268435456
46149632	268435456
97607680	268435456
142389248	268435456
142520320	268435456
145829888	268435456
145829888	268435456
145829888	268435456
142512128	268435456
48861184	268435456
43081728	268435456
43065344	268435456
42971136	268435456
42844160	268435456
42844160	268435456
42876928	268435456
42823680	268435456
42823680	268435456
43802624	268435456
130871296	268435456
154075136	268435456
154075136	268435456
154075136	268435456
45965312	268435456
45948928	268435456
45948928	268435456
43638784	268435456
43638784	268435456
43638784	268435456
43515904	268435456
43515904	268435456
43499520	268435456
43499520	268435456
43499520	268435456
43499520	268435456
43499520	268435456
43499520	268435456
43499520	268435456
43499520	268435456
95084544	268435456
143577088	268435456
146984960	268435456
146984960	268435456
143683584	268435456
47751168	268435456
44077056	268435456
43941888	268435456
43941888	268435456
43941888	268435456
44908544	268435456
74690560	268435456
154845184	268435456
154845184	268435456
154845184	268435456
46850048	268435456
45510656	268435456
46583808	268435456
46714880	268435456
144429056	268435456
147705856	268435456
147705856	268435456
144543744	268435456
47222784	268435456
46952448	268435456
46952448	268435456
46755840	268435456
155795456	268435456
155480064	268435456
47202304	268435456
47202304	268435456
47185920	268435456
47185920	268435456
47136768	268435456
47136768	268435456
47136768	268435456
47136768	268435456
47136768	268435456
47136768	268435456
47136768	268435456
48611328	268435456
45699072	268435456
138878976	268435456
145301504	268435456
148672512	268435456
145379328	268435456
51171328	268435456
45531136	268435456
45408256	268435456
45408256	268435456
45391872	268435456
45391872	268435456
45391872	268435456
45391872	268435456
45391872	268435456
45531136	268435456
86548480	268435456
156295168	268435456
156270592	268435456
48246784	268435456
47964160	268435456
47947776	268435456
47947776	268435456
47947776	268435456
47947776	268435456
47947776	268435456
47947776	268435456
47947776	268435456
47947776	268435456
47947776	268435456
47947776	268435456
47947776	268435456
47947776	268435456
47947776	268435456
75137024	268435456
146178048	268435456
149454848	268435456
149454848	268435456
145973248	268435456
46895104	268435456
46178304	268435456
46051328	268435456
45989888	268435456
45989888	268435456
45973504	268435456
45973504	268435456
157077504	268435456
156971008	268435456
48807936	268435456
48590848	268435456
48590848	268435456
48574464	268435456
48574464	268435456
47116288	268435456
46223360	268435456
46223360	268435456
46223360	268435456
46223360	268435456
46206976	268435456
84963328	268435456
146436096	268435456
149590016	268435456
149590016	268435456
146427904	268435456
52469760	268435456
49045504	268435456
46682112	268435456
46632960	268435456
46632960	268435456
46616576	268435456
46616576	268435456
46616576	268435456
46530560	268435456
146214912	268435456
157532160	268435456
49876992	268435456
49369088	268435456
49369088	268435456
52559872	268435456
147099648	268435456
147099648	268435456
150454272	268435456
150454272	268435456
147038208	268435456
50868224	268435456
47980544	268435456
48136192	268435456
48472064	268435456
48652288	268435456
48947200	268435456
49164288	268435456
77934592	268435456
158330880	268435456
155480064	268435456
49991680	268435456
49823744	268435456
49807360	268435456
49807360	268435456
49807360	268435456
49807360	268435456
48758784	268435456
147750912	268435456
150953984	268435456
150921216	268435456
147632128	268435456
68317184	268435456
47849472	268435456
76427264	268435456
159043584	268435456
158842880	268435456
50671616	268435456
50671616	268435456
50626560	268435456
50626560	268435456
50626560	268435456
50642944	268435456
148541440	268435456
148541440	268435456
151654400	268435456
144474112	268435456
46559232	268435456
43646976	268435456
44707840	268435456
41840640	268435456
151781376	268435456
151662592	268435456
43536384	268435456
43466752	268435456
43327488	268435456
43327488	268435456
43311104	268435456
43311104	268435456
43311104	268435456
43388928	268435456
43331584	268435456
43331584	268435456
43331584	268435456
43331584	268435456
43315200	268435456
43315200	268435456
43315200	268435456
44314624	268435456
43397120	268435456
43397120	268435456
43397120	268435456
43397120	268435456
43380736	268435456
43380736	268435456
43380736	268435456
43380736	268435456
43380736	268435456
43380736	268435456
42909696	268435456
141217792	268435456
144384000	268435456
144384000	268435456
140996608	268435456
43675648	268435456
41209856	268435456
41148416	268435456
41148416	268435456
41148416	268435456
41132032	268435456
41132032	268435456
41132032	268435456
41132032	268435456
41132032	268435456
123809792	268435456
152219648	268435456
152023040	268435456
43950080	268435456
43950080	268435456
43925504	268435456
43925504	268435456
43700224	268435456
43700224	268435456
43700224	268435456
43700224	268435456
43700224	268435456
46985216	268435456
43708416	268435456
43708416	268435456
43708416	268435456
43708416	268435456
43692032	268435456
43692032	268435456
43692032	268435456
43692032	268435456
41349120	268435456
41349120	268435456
41349120	268435456
41349120	268435456
41349120	268435456
41332736	268435456
41332736	268435456
41332736	268435456
41332736	268435456
41947136	268435456
141475840	268435456
144756736	268435456
144756736	268435456
141463552	268435456
141373440	268435456
41738240	268435456
41537536	268435456
41537536	268435456
41537536	268435456
41537536	268435456
41521152	268435456
41521152	268435456
41521152	268435456
41521152	268435456
41521152	268435456
41521152	268435456
81416192	268435456
152420352	268435456
152420352	268435456
44318720	268435456
44056576	268435456
44040192	268435456
44158976	268435456
42725376	268435456
117137408	268435456
141778944	268435456
145072128	268435456
145072128	268435456
141660160	268435456
47005696	268435456
42393600	268435456
152657920	268435456
152657920	268435456
152657920	268435456
44318720	268435456
44302336	268435456
44257280	268435456
44240896	268435456
44240896	268435456
44765184	268435456
44371968	268435456
44257280	268435456
44257280	268435456
44257280	268435456
44240896	268435456
44240896	268435456
44240896	268435456
44240896	268435456
