63651840	268435456
63651840	268435456
63651840	268435456
63651840	268435456
63651840	268435456
63651840	268435456
63651840	268435456
63651840	268435456
63651840	268435456
63651840	268435456
63651840	268435456
63651840	268435456
115789824	268435456
134864896	268435456
149000192	268435456
159600640	268435456
139714560	268435456
65228800	268435456
121331712	268435456
150470656	268435456
163651584	268435456
85807104	268435456
144064512	268435456
164712448	268435456
67825664	268435456
67760128	268435456
67719168	268435456
133120000	268435456
164032512	268435456
186392576	268435456
68501504	268435456
68403200	268435456
68378624	268435456
68378624	268435456
68378624	268435456
68378624	268435456
68378624	268435456
68378624	268435456
68370432	268435456
68370432	268435456
68370432	268435456
68370432	268435456
68370432	268435456
68370432	268435456
68370432	268435456
68370432	268435456
68370432	268435456
68370432	268435456
68370432	268435456
68370432	268435456
68370432	268435456
68370432	268435456
68370432	268435456
68370432	268435456
68370432	268435456
68370432	268435456
68370432	268435456
68370432	268435456
68370432	268435456
68370432	268435456
68370432	268435456
68370432	268435456
68370432	268435456
68370432	268435456
68370432	268435456
68370432	268435456
68370432	268435456
68370432	268435456
68370432	268435456
68370432	268435456
68370432	268435456
68370432	268435456
121839616	268435456
143458304	268435456
165568512	268435456
148430848	268435456
69271552	268435456
89133056	268435456
125345792	268435456
149037056	268435456
165523456	268435456
70533120	268435456
125681664	268435456
147316736	268435456
166158336	268435456
152961024	268435456
70905856	268435456
70905856	268435456
70897664	268435456
70897664	268435456
70897664	268435456
70897664	268435456
70897664	268435456
70897664	268435456
70897664	268435456
70897664	268435456
70864896	268435456
70864896	268435456
70864896	268435456
70864896	268435456
70864896	268435456
70864896	268435456
70864896	268435456
70864896	268435456
70864896	268435456
70864896	268435456
70864896	268435456
70864896	268435456
70864896	268435456
70864896	268435456
70864896	268435456
70864896	268435456
70864896	268435456
70864896	268435456
70864896	268435456
70864896	268435456
70864896	268435456
70864896	268435456
70864896	268435456
70864896	268435456
70864896	268435456
70864896	268435456
70864896	268435456
70864896	268435456
70864896	268435456
70864896	268435456
70864896	268435456
70864896	268435456
70864896	268435456
70864896	268435456
70864896	268435456
70864896	268435456
102723584	268435456
141291520	268435456
154288128	268435456
166211584	268435456
186773504	268435456
188956672	268435456
152088576	268435456
93847552	268435456
145809408	268435456
157327360	268435456
187637760	268435456
147226624	268435456
72425472	268435456
72425472	268435456
72163328	268435456
72163328	268435456
72163328	268435456
72163328	268435456
72163328	268435456
72163328	268435456
72163328	268435456
72163328	268435456
72163328	268435456
72163328	268435456
72163328	268435456
72163328	268435456
72163328	268435456
72163328	268435456
72163328	268435456
72163328	268435456
72163328	268435456
72163328	268435456
72163328	268435456
72163328	268435456
72163328	268435456
72163328	268435456
72163328	268435456
72163328	268435456
72163328	268435456
72163328	268435456
72163328	268435456
72163328	268435456
72163328	268435456
72163328	268435456
72163328	268435456
72163328	268435456
72163328	268435456
72163328	268435456
72163328	268435456
72163328	268435456
72163328	268435456
72163328	268435456
72163328	268435456
72163328	268435456
72163328	268435456
72163328	268435456
72163328	268435456
72163328	268435456
72163328	268435456
72163328	268435456
127459328	268435456
156102656	268435456
168214528	268435456
149643264	268435456
103116800	268435456
146481152	268435456
157700096	268435456
168562688	268435456
72986624	268435456
128720896	268435456
157192192	268435456
171184128	268435456
194740224	268435456
151015424	268435456
73904128	268435456
73904128	268435456
73895936	268435456
73895936	268435456
73768960	268435456
73728000	268435456
73728000	268435456
73728000	268435456
73728000	268435456
73728000	268435456
73728000	268435456
73728000	268435456
73728000	268435456
73728000	268435456
73728000	268435456
73728000	268435456
73728000	268435456
73728000	268435456
73728000	268435456
73728000	268435456
73728000	268435456
73728000	268435456
73728000	268435456
73728000	268435456
73728000	268435456
73728000	268435456
73728000	268435456
73728000	268435456
73728000	268435456
73728000	268435456
73728000	268435456
73728000	268435456
73728000	268435456
73728000	268435456
73728000	268435456
73728000	268435456
73728000	268435456
73728000	268435456
73728000	268435456
73728000	268435456
73728000	268435456
73728000	268435456
73728000	268435456
73728000	268435456
73728000	268435456
73728000	268435456
73728000	268435456
73728000	268435456
73728000	268435456
73728000	268435456
73728000	268435456
73728000	268435456
73728000	268435456
73728000	268435456
73728000	268435456
73728000	268435456
73728000	268435456
73728000	268435456
73728000	268435456
73728000	268435456
73728000	268435456
73728000	268435456
73728000	268435456
73728000	268435456
73728000	268435456
73728000	268435456
73728000	268435456
73728000	268435456
73728000	268435456
73728000	268435456
73728000	268435456
73728000	268435456
73728000	268435456
73728000	268435456
73728000	268435456
73728000	268435456
73728000	268435456
73728000	268435456
73728000	268435456
73728000	268435456
73728000	268435456
73728000	268435456
73728000	268435456
73728000	268435456
73728000	268435456
73728000	268435456
73728000	268435456
73728000	268435456
73728000	268435456
73728000	268435456
73728000	268435456
73728000	268435456
73728000	268435456
73728000	268435456
