65024000	268435456
65024000	268435456
65024000	268435456
65024000	268435456
65024000	268435456
65024000	268435456
65024000	268435456
65024000	268435456
65024000	268435456
65024000	268435456
65024000	268435456
65024000	268435456
65024000	268435456
65024000	268435456
65024000	268435456
65024000	268435456
65024000	268435456
65024000	268435456
65024000	268435456
65024000	268435456
65024000	268435456
65024000	268435456
65024000	268435456
65024000	268435456
65024000	268435456
65024000	268435456
65024000	268435456
65024000	268435456
65024000	268435456
65024000	268435456
65024000	268435456
65024000	268435456
65024000	268435456
65024000	268435456
65024000	268435456
65024000	268435456
65024000	268435456
65024000	268435456
65024000	268435456
65024000	268435456
65024000	268435456
65024000	268435456
65024000	268435456
65024000	268435456
65024000	268435456
65024000	268435456
65024000	268435456
65024000	268435456
65024000	268435456
65024000	268435456
65024000	268435456
65024000	268435456
65024000	268435456
65024000	268435456
65024000	268435456
65024000	268435456
65024000	268435456
65024000	268435456
65024000	268435456
65024000	268435456
65024000	268435456
65024000	268435456
65024000	268435456
65024000	268435456
65024000	268435456
65024000	268435456
65024000	268435456
65024000	268435456
65024000	268435456
65024000	268435456
65024000	268435456
65024000	268435456
65024000	268435456
65024000	268435456
96985088	268435456
135344128	268435456
152158208	268435456
163012608	268435456
165896192	268435456
66162688	268435456
66162688	268435456
66162688	268435456
66162688	268435456
66162688	268435456
66162688	268435456
66162688	268435456
66162688	268435456
66162688	268435456
66162688	268435456
66162688	268435456
66162688	268435456
66162688	268435456
66162688	268435456
66162688	268435456
66162688	268435456
66162688	268435456
66162688	268435456
66162688	268435456
66162688	268435456
66162688	268435456
66162688	268435456
66162688	268435456
66162688	268435456
66162688	268435456
66162688	268435456
66162688	268435456
66162688	268435456
66162688	268435456
66162688	268435456
66162688	268435456
66162688	268435456
66162688	268435456
66162688	268435456
66162688	268435456
66162688	268435456
66162688	268435456
66162688	268435456
66162688	268435456
66162688	268435456
66162688	268435456
66162688	268435456
66162688	268435456
66162688	268435456
66162688	268435456
66162688	268435456
66162688	268435456
66162688	268435456
66162688	268435456
66162688	268435456
66162688	268435456
66162688	268435456
66162688	268435456
66162688	268435456
66162688	268435456
66162688	268435456
121937920	268435456
146034688	268435456
162783232	268435456
182984704	268435456
185270272	268435456
187752448	268435456
157278208	268435456
67166208	268435456
67166208	268435456
67166208	268435456
67166208	268435456
67166208	268435456
67166208	268435456
67166208	268435456
67166208	268435456
67166208	268435456
67166208	268435456
67166208	268435456
67166208	268435456
67166208	268435456
67166208	268435456
67166208	268435456
67166208	268435456
67166208	268435456
67166208	268435456
67166208	268435456
67166208	268435456
67166208	268435456
67166208	268435456
67166208	268435456
67166208	268435456
67166208	268435456
67166208	268435456
67166208	268435456
67166208	268435456
67166208	268435456
67166208	268435456
67166208	268435456
67166208	268435456
67166208	268435456
67166208	268435456
67166208	268435456
67166208	268435456
67166208	268435456
67166208	268435456
67166208	268435456
67166208	268435456
67166208	268435456
67166208	268435456
67166208	268435456
67166208	268435456
67166208	268435456
67166208	268435456
67166208	268435456
67166208	268435456
67166208	268435456
67166208	268435456
67166208	268435456
67166208	268435456
82870272	268435456
122806272	268435456
152649728	268435456
166895616	268435456
67911680	268435456
67911680	268435456
67911680	268435456
105725952	268435456
144576512	268435456
153870336	268435456
167436288	268435456
68689920	268435456
68562944	268435456
68550656	268435456
68550656	268435456
68550656	268435456
68550656	268435456
68550656	268435456
68550656	268435456
68550656	268435456
68550656	268435456
68550656	268435456
68550656	268435456
68550656	268435456
68550656	268435456
68550656	268435456
68550656	268435456
68550656	268435456
68550656	268435456
68550656	268435456
68550656	268435456
68550656	268435456
68550656	268435456
68550656	268435456
68550656	268435456
68550656	268435456
68550656	268435456
68550656	268435456
68550656	268435456
68550656	268435456
68550656	268435456
68550656	268435456
68550656	268435456
68550656	268435456
68550656	268435456
68550656	268435456
68550656	268435456
68550656	268435456
68550656	268435456
68550656	268435456
68550656	268435456
68550656	268435456
68550656	268435456
68550656	268435456
68550656	268435456
68550656	268435456
68550656	268435456
68550656	268435456
68550656	268435456
68550656	268435456
68550656	268435456
68550656	268435456
68550656	268435456
68550656	268435456
68550656	268435456
68550656	268435456
68550656	268435456
68550656	268435456
68550656	268435456
68550656	268435456
68550656	268435456
68550656	268435456
68550656	268435456
68550656	268435456
68550656	268435456
68550656	268435456
68550656	268435456
68550656	268435456
68550656	268435456
68550656	268435456
68550656	268435456
68550656	268435456
68550656	268435456
68550656	268435456
68550656	268435456
68550656	268435456
68550656	268435456
68550656	268435456
68550656	268435456
68550656	268435456
68550656	268435456
68550656	268435456
68550656	268435456
68550656	268435456
68550656	268435456
68550656	268435456
68550656	268435456
68550656	268435456
68550656	268435456
68550656	268435456
68550656	268435456
68550656	268435456
68550656	268435456
68550656	268435456
68550656	268435456
68550656	268435456
