62226432	268435456
62226432	268435456
62226432	268435456
62226432	268435456
62226432	268435456
62226432	268435456
62226432	268435456
62226432	268435456
62226432	268435456
62226432	268435456
62226432	268435456
62226432	268435456
62226432	268435456
100552704	268435456
133079040	268435456
140984320	268435456
150278144	268435456
160997376	268435456
63754240	268435456
63754240	268435456
63754240	268435456
63754240	268435456
63754240	268435456
63754240	268435456
63754240	268435456
63754240	268435456
63754240	268435456
63754240	268435456
63754240	268435456
63754240	268435456
63754240	268435456
63754240	268435456
63754240	268435456
63754240	268435456
63754240	268435456
63754240	268435456
63754240	268435456
63754240	268435456
63754240	268435456
63754240	268435456
63754240	268435456
63754240	268435456
63754240	268435456
63754240	268435456
63754240	268435456
63754240	268435456
63754240	268435456
63754240	268435456
63754240	268435456
63754240	268435456
63754240	268435456
63754240	268435456
63754240	268435456
63754240	268435456
63754240	268435456
63754240	268435456
63754240	268435456
63754240	268435456
63754240	268435456
63754240	268435456
63754240	268435456
63754240	268435456
63754240	268435456
63754240	268435456
63754240	268435456
63754240	268435456
63754240	268435456
63754240	268435456
63754240	268435456
63754240	268435456
63754240	268435456
63754240	268435456
63754240	268435456
116097024	268435456
134782976	268435456
147664896	268435456
161923072	268435456
182915072	268435456
185667584	268435456
157192192	268435456
96509952	268435456
136314880	268435456
147705856	268435456
162226176	268435456
147636224	268435456
66797568	268435456
66797568	268435456
66797568	268435456
66797568	268435456
66797568	268435456
66789376	268435456
66789376	268435456
66789376	268435456
66789376	268435456
66789376	268435456
66789376	268435456
66789376	268435456
66789376	268435456
66789376	268435456
66789376	268435456
66789376	268435456
66789376	268435456
66789376	268435456
66789376	268435456
66789376	268435456
66789376	268435456
66789376	268435456
66789376	268435456
66789376	268435456
66789376	268435456
66789376	268435456
66789376	268435456
66789376	268435456
66789376	268435456
66789376	268435456
66789376	268435456
66789376	268435456
66789376	268435456
66789376	268435456
66789376	268435456
66789376	268435456
66789376	268435456
66789376	268435456
66789376	268435456
66789376	268435456
66789376	268435456
66789376	268435456
66789376	268435456
66789376	268435456
66789376	268435456
66789376	268435456
66789376	268435456
66789376	268435456
86962176	268435456
139030528	268435456
162791424	268435456
182648832	268435456
185925632	268435456
160202752	268435456
67645440	268435456
99192832	268435456
144596992	268435456
163594240	268435456
145489920	268435456
68497408	268435456
68489216	268435456
68444160	268435456
68444160	268435456
68444160	268435456
68444160	268435456
68444160	268435456
68440064	268435456
68440064	268435456
68440064	268435456
68440064	268435456
68440064	268435456
68440064	268435456
68440064	268435456
68440064	268435456
68440064	268435456
68440064	268435456
68440064	268435456
68440064	268435456
68440064	268435456
68440064	268435456
68440064	268435456
68440064	268435456
68440064	268435456
68440064	268435456
68440064	268435456
68440064	268435456
68440064	268435456
68440064	268435456
68440064	268435456
68440064	268435456
68440064	268435456
68440064	268435456
68440064	268435456
68440064	268435456
68440064	268435456
68440064	268435456
68440064	268435456
68440064	268435456
68440064	268435456
68440064	268435456
68440064	268435456
68440064	268435456
68440064	268435456
68440064	268435456
68440064	268435456
68440064	268435456
68440064	268435456
68440064	268435456
100761600	268435456
146108416	268435456
165212160	268435456
185085952	268435456
187707392	268435456
190291968	268435456
69406720	268435456
106405888	268435456
146817024	268435456
166330368	268435456
69984256	268435456
69922816	268435456
69922816	268435456
69922816	268435456
69922816	268435456
69922816	268435456
69922816	268435456
69922816	268435456
69922816	268435456
69922816	268435456
69922816	268435456
69922816	268435456
69922816	268435456
69922816	268435456
69922816	268435456
69922816	268435456
69922816	268435456
69922816	268435456
69922816	268435456
69922816	268435456
69922816	268435456
69922816	268435456
69922816	268435456
69922816	268435456
69922816	268435456
69922816	268435456
69922816	268435456
69922816	268435456
69922816	268435456
69922816	268435456
69922816	268435456
69922816	268435456
69922816	268435456
69922816	268435456
69922816	268435456
69922816	268435456
69922816	268435456
69922816	268435456
69922816	268435456
69922816	268435456
69922816	268435456
69922816	268435456
69922816	268435456
69922816	268435456
69922816	268435456
69922816	268435456
69922816	268435456
69922816	268435456
69922816	268435456
69922816	268435456
69922816	268435456
69922816	268435456
69922816	268435456
69922816	268435456
69922816	268435456
69922816	268435456
69922816	268435456
69922816	268435456
69922816	268435456
69922816	268435456
69922816	268435456
69922816	268435456
69922816	268435456
69922816	268435456
69922816	268435456
69922816	268435456
69922816	268435456
69922816	268435456
69922816	268435456
69922816	268435456
69922816	268435456
69922816	268435456
69922816	268435456
69922816	268435456
69922816	268435456
69922816	268435456
69922816	268435456
69922816	268435456
69922816	268435456
69922816	268435456
69922816	268435456
69922816	268435456
69922816	268435456
69922816	268435456
69922816	268435456
69922816	268435456
69922816	268435456
69922816	268435456
69922816	268435456
69922816	268435456
69922816	268435456
69922816	268435456
69922816	268435456
69922816	268435456
69922816	268435456
69922816	268435456
69922816	268435456
