25399296.0	268435456.0
36548608.0	268435456.0
39378944.0	268435456.0
40730624.0	268435456.0
114839552.0	268435456.0
137084928.0	268435456.0
140500992.0	268435456.0
140537856.0	268435456.0
137453568.0	268435456.0
137482240.0	268435456.0
40456192.0	268435456.0
73187328.0	268435456.0
149274624.0	268435456.0
149217280.0	268435456.0
43720704.0	268435456.0
41005056.0	268435456.0
41041920.0	268435456.0
41041920.0	268435456.0
41250816.0	268435456.0
41185280.0	268435456.0
41316352.0	268435456.0
43708416.0	268435456.0
41283584.0	268435456.0
41283584.0	268435456.0
41283584.0	268435456.0
43511808.0	268435456.0
41287680.0	268435456.0
41287680.0	268435456.0
41287680.0	268435456.0
41287680.0	268435456.0
38952960.0	268435456.0
38952960.0	268435456.0
38952960.0	268435456.0
38952960.0	268435456.0
38952960.0	268435456.0
38936576.0	268435456.0
38936576.0	268435456.0
38936576.0	268435456.0
38936576.0	268435456.0
38936576.0	268435456.0
38936576.0	268435456.0
38936576.0	268435456.0
38936576.0	268435456.0
108814336.0	268435456.0
139169792.0	268435456.0
142438400.0	268435456.0
142438400.0	268435456.0
139280384.0	268435456.0
139411456.0	268435456.0
41996288.0	268435456.0
41996288.0	268435456.0
42143744.0	268435456.0
39563264.0	268435456.0
39546880.0	268435456.0
39546880.0	268435456.0
39546880.0	268435456.0
39546880.0	268435456.0
39546880.0	268435456.0
39546880.0	268435456.0
39546880.0	268435456.0
39546880.0	268435456.0
39546880.0	268435456.0
39546880.0	268435456.0
127586304.0	268435456.0
150458368.0	268435456.0
150458368.0	268435456.0
44666880.0	268435456.0
42270720.0	268435456.0
42254336.0	268435456.0
42115072.0	268435456.0
42115072.0	268435456.0
42115072.0	268435456.0
42115072.0	268435456.0
42115072.0	268435456.0
42098688.0	268435456.0
42098688.0	268435456.0
42098688.0	268435456.0
42098688.0	268435456.0
42098688.0	268435456.0
42098688.0	268435456.0
42283008.0	268435456.0
42172416.0	268435456.0
42172416.0	268435456.0
42172416.0	268435456.0
42172416.0	268435456.0
42156032.0	268435456.0
42401792.0	268435456.0
39940096.0	268435456.0
39825408.0	268435456.0
39825408.0	268435456.0
39825408.0	268435456.0
39809024.0	268435456.0
39809024.0	268435456.0
39809024.0	268435456.0
39809024.0	268435456.0
39809024.0	268435456.0
39809024.0	268435456.0
39809024.0	268435456.0
39809024.0	268435456.0
65953792.0	268435456.0
140144640.0	268435456.0
143552512.0	268435456.0
143552512.0	268435456.0
140308480.0	268435456.0
47640576.0	268435456.0
40726528.0	268435456.0
40726528.0	268435456.0
40759296.0	268435456.0
40759296.0	268435456.0
40828928.0	268435456.0
104329216.0	268435456.0
152035328.0	268435456.0
152035328.0	268435456.0
152035328.0	268435456.0
152035328.0	268435456.0
46448640.0	268435456.0
43749376.0	268435456.0
43749376.0	268435456.0
43749376.0	268435456.0
43749376.0	268435456.0
43732992.0	268435456.0
41787392.0	268435456.0
41619456.0	268435456.0
41619456.0	268435456.0
41619456.0	268435456.0
41619456.0	268435456.0
41603072.0	268435456.0
42119168.0	268435456.0
142077952.0	268435456.0
145334272.0	268435456.0
145162240.0	268435456.0
141873152.0	268435456.0
141869056.0	268435456.0
49156096.0	268435456.0
42119168.0	268435456.0
42119168.0	268435456.0
42119168.0	268435456.0
42119168.0	268435456.0
42102784.0	268435456.0
42102784.0	268435456.0
42102784.0	268435456.0
42102784.0	268435456.0
42307584.0	268435456.0
42594304.0	268435456.0
43212800.0	268435456.0
43765760.0	268435456.0
44027904.0	268435456.0
44044288.0	268435456.0
44298240.0	268435456.0
100958208.0	268435456.0
153198592.0	268435456.0
153190400.0	268435456.0
47263744.0	268435456.0
45072384.0	268435456.0
44969984.0	268435456.0
44924928.0	268435456.0
44924928.0	268435456.0
44924928.0	268435456.0
44924928.0	268435456.0
44924928.0	268435456.0
44924928.0	268435456.0
47300608.0	268435456.0
44941312.0	268435456.0
44941312.0	268435456.0
44941312.0	268435456.0
44941312.0	268435456.0
45203456.0	268435456.0
45064192.0	268435456.0
45023232.0	268435456.0
43020288.0	268435456.0
44187648.0	268435456.0
44933120.0	268435456.0
142839808.0	268435456.0
146231296.0	268435456.0
146231296.0	268435456.0
143069184.0	268435456.0
143007744.0	268435456.0
45752320.0	268435456.0
43266048.0	268435456.0
43212800.0	268435456.0
43212800.0	268435456.0
43212800.0	268435456.0
45449216.0	268435456.0
154284032.0	268435456.0
154103808.0	268435456.0
48504832.0	268435456.0
46018560.0	268435456.0
46018560.0	268435456.0
45867008.0	268435456.0
45842432.0	268435456.0
48332800.0	268435456.0
45932544.0	268435456.0
45916160.0	268435456.0
45916160.0	268435456.0
45916160.0	268435456.0
60735488.0	268435456.0
144068608.0	268435456.0
147329024.0	268435456.0
147202048.0	268435456.0
143753216.0	268435456.0
143753216.0	268435456.0
49053696.0	268435456.0
46501888.0	268435456.0
44150784.0	268435456.0
44167168.0	268435456.0
44077056.0	268435456.0
44060672.0	268435456.0
44003328.0	268435456.0
44003328.0	268435456.0
44003328.0	268435456.0
44003328.0	268435456.0
44003328.0	268435456.0
44298240.0	268435456.0
46354432.0	268435456.0
155119616.0	268435456.0
155119616.0	268435456.0
155119616.0	268435456.0
152498176.0	268435456.0
48902144.0	268435456.0
46686208.0	268435456.0
46686208.0	268435456.0
46686208.0	268435456.0
46686208.0	268435456.0
46686208.0	268435456.0
46686208.0	268435456.0
45211648.0	268435456.0
46493696.0	268435456.0
144826368.0	268435456.0
144736256.0	268435456.0
147992576.0	268435456.0
143654912.0	268435456.0
144744448.0	268435456.0
50114560.0	268435456.0
44916736.0	268435456.0
44916736.0	268435456.0
44900352.0	268435456.0
44900352.0	268435456.0
44900352.0	268435456.0
97832960.0	268435456.0
155779072.0	268435456.0
155779072.0	268435456.0
155779072.0	268435456.0
47833088.0	268435456.0
47792128.0	268435456.0
47747072.0	268435456.0
47747072.0	268435456.0
47656960.0	268435456.0
47656960.0	268435456.0
47534080.0	268435456.0
47534080.0	268435456.0
47534080.0	268435456.0
47534080.0	268435456.0
47443968.0	268435456.0
47460352.0	268435456.0
47460352.0	268435456.0
47460352.0	268435456.0
47460352.0	268435456.0
47460352.0	268435456.0
47443968.0	268435456.0
47443968.0	268435456.0
45772800.0	268435456.0
73912320.0	268435456.0
145215488.0	268435456.0
148627456.0	268435456.0
148549632.0	268435456.0
145260544.0	268435456.0
50077696.0	268435456.0
47697920.0	268435456.0
47484928.0	268435456.0
156360704.0	268435456.0
156360704.0	268435456.0
156348416.0	268435456.0
50417664.0	268435456.0
47980544.0	268435456.0
46956544.0	268435456.0
146132992.0	268435456.0
146055168.0	268435456.0
149340160.0	268435456.0
146051072.0	268435456.0
146026496.0	268435456.0
51146752.0	268435456.0
46678016.0	268435456.0
46436352.0	268435456.0
46301184.0	268435456.0
46186496.0	268435456.0
46186496.0	268435456.0
46170112.0	268435456.0
46170112.0	268435456.0
46170112.0	268435456.0
46292992.0	268435456.0
47792128.0	268435456.0
157405184.0	268435456.0
157179904.0	268435456.0
157179904.0	268435456.0
51253248.0	268435456.0
47013888.0	268435456.0
47153152.0	268435456.0
47239168.0	268435456.0
47247360.0	268435456.0
47349760.0	268435456.0
47681536.0	268435456.0
48017408.0	268435456.0
48844800.0	268435456.0
146599936.0	268435456.0
149925888.0	268435456.0
149876736.0	268435456.0
146718720.0	268435456.0
146718720.0	268435456.0
49721344.0	268435456.0
158130176.0	268435456.0
157999104.0	268435456.0
157831168.0	268435456.0
49754112.0	268435456.0
49799168.0	268435456.0
49553408.0	268435456.0
49553408.0	268435456.0
49553408.0	268435456.0
49553408.0	268435456.0
49553408.0	268435456.0
49553408.0	268435456.0
49553408.0	268435456.0
49553408.0	268435456.0
49553408.0	268435456.0
49569792.0	268435456.0
49569792.0	268435456.0
49569792.0	268435456.0
49569792.0	268435456.0
49569792.0	268435456.0
49553408.0	268435456.0
47968256.0	268435456.0
49655808.0	268435456.0
147419136.0	268435456.0
150691840.0	268435456.0
150691840.0	268435456.0
147247104.0	268435456.0
147247104.0	268435456.0
52228096.0	268435456.0
49745920.0	268435456.0
49745920.0	268435456.0
49729536.0	268435456.0
49844224.0	268435456.0
70184960.0	268435456.0
158527488.0	268435456.0
158527488.0	268435456.0
158359552.0	268435456.0
158314496.0	268435456.0
50180096.0	268435456.0
50012160.0	268435456.0
49979392.0	268435456.0
49979392.0	268435456.0
49954816.0	268435456.0
49954816.0	268435456.0
49954816.0	268435456.0
49954816.0	268435456.0
49954816.0	268435456.0
49971200.0	268435456.0
54616064.0	268435456.0
147582976.0	268435456.0
150990848.0	268435456.0
150953984.0	268435456.0
147533824.0	268435456.0
147501056.0	268435456.0
50409472.0	268435456.0
48148480.0	268435456.0
48181248.0	268435456.0
48431104.0	268435456.0
48578560.0	268435456.0
48852992.0	268435456.0
50008064.0	268435456.0
50049024.0	268435456.0
50188288.0	268435456.0
145305600.0	268435456.0
158625792.0	268435456.0
158625792.0	268435456.0
50274304.0	268435456.0
50266112.0	268435456.0
50249728.0	268435456.0
50249728.0	268435456.0
50249728.0	268435456.0
50216960.0	268435456.0
50216960.0	268435456.0
50216960.0	268435456.0
48775168.0	268435456.0
147902464.0	268435456.0
151310336.0	268435456.0
151310336.0	268435456.0
147980288.0	268435456.0
147959808.0	268435456.0
50954240.0	268435456.0
158957568.0	268435456.0
158957568.0	268435456.0
158875648.0	268435456.0
52932608.0	268435456.0
50507776.0	268435456.0
50507776.0	268435456.0
43159552.0	268435456.0
43159552.0	268435456.0
43159552.0	268435456.0
43159552.0	268435456.0
43053056.0	268435456.0
43053056.0	268435456.0
43053056.0	268435456.0
43036672.0	268435456.0
43036672.0	268435456.0
43036672.0	268435456.0
40697856.0	268435456.0
139407360.0	268435456.0
140730368.0	268435456.0
144138240.0	268435456.0
144101376.0	268435456.0
140816384.0	268435456.0
140816384.0	268435456.0
43352064.0	268435456.0
41238528.0	268435456.0
41230336.0	268435456.0
41213952.0	268435456.0
41345024.0	268435456.0
41410560.0	268435456.0
41541632.0	268435456.0
41795584.0	268435456.0
41967616.0	268435456.0
139784192.0	268435456.0
151777280.0	268435456.0
151777280.0	268435456.0
43589632.0	268435456.0
43405312.0	268435456.0
43388928.0	268435456.0
43388928.0	268435456.0
43388928.0	268435456.0
43388928.0	268435456.0
43388928.0	268435456.0
43388928.0	268435456.0
43388928.0	268435456.0
43388928.0	268435456.0
43413504.0	268435456.0
43413504.0	268435456.0
42319872.0	268435456.0
128450560.0	268435456.0
141508608.0	268435456.0
144736256.0	268435456.0
144736256.0	268435456.0
141266944.0	268435456.0
141266944.0	268435456.0
56619008.0	268435456.0
152276992.0	268435456.0
152190976.0	268435456.0
152190976.0	268435456.0
44068864.0	268435456.0
43950080.0	268435456.0
43933696.0	268435456.0
43933696.0	268435456.0
43933696.0	268435456.0
43933696.0	268435456.0
43933696.0	268435456.0
43933696.0	268435456.0
46456832.0	268435456.0
44052480.0	268435456.0
44052480.0	268435456.0
44052480.0	268435456.0
44052480.0	268435456.0
44036096.0	268435456.0
44036096.0	268435456.0
44036096.0	268435456.0
44036096.0	268435456.0
42844160.0	268435456.0
141901824.0	268435456.0
145309696.0	268435456.0
145186816.0	268435456.0
141766656.0	268435456.0
141758464.0	268435456.0
47050752.0	268435456.0
44216320.0	268435456.0
41816064.0	268435456.0
41721856.0	268435456.0
43704320.0	268435456.0
152641536.0	268435456.0
152514560.0	268435456.0
149852160.0	268435456.0
44478464.0	268435456.0
44265472.0	268435456.0
44249088.0	268435456.0
44380160.0	268435456.0
63438848.0	268435456.0
142036992.0	268435456.0
145309696.0	268435456.0
145276928.0	268435456.0
141905920.0	268435456.0
62586880.0	268435456.0
44666880.0	268435456.0
42070016.0	268435456.0
42070016.0	268435456.0
42053632.0	268435456.0
42053632.0	268435456.0
42053632.0	268435456.0
42053632.0	268435456.0
145903616.0	268435456.0
153026560.0	268435456.0
153026560.0	268435456.0
44769280.0	268435456.0
44658688.0	268435456.0
44605440.0	268435456.0
44605440.0	268435456.0
44605440.0	268435456.0
44605440.0	268435456.0
44605440.0	268435456.0
44605440.0	268435456.0
44605440.0	268435456.0
44605440.0	268435456.0
44605440.0	268435456.0
44605440.0	268435456.0
44605440.0	268435456.0
44605440.0	268435456.0
44605440.0	268435456.0
44605440.0	268435456.0
44605440.0	268435456.0
44605440.0	268435456.0
44605440.0	268435456.0
44605440.0	268435456.0
44605440.0	268435456.0
44605440.0	268435456.0
46968832.0	268435456.0
44740608.0	268435456.0
44740608.0	268435456.0
44625920.0	268435456.0
44625920.0	268435456.0
44609536.0	268435456.0
44515328.0	268435456.0
73052160.0	268435456.0
142393344.0	268435456.0
145674240.0	268435456.0
145670144.0	268435456.0
142381056.0	268435456.0
47656960.0	268435456.0
42573824.0	268435456.0
58523648.0	268435456.0
153501696.0	268435456.0
153501696.0	268435456.0
138854400.0	268435456.0
45383680.0	268435456.0
45109248.0	268435456.0
45109248.0	268435456.0
45031424.0	268435456.0
45031424.0	268435456.0
45031424.0	268435456.0
45047808.0	268435456.0
45047808.0	268435456.0
45047808.0	268435456.0
45047808.0	268435456.0
45047808.0	268435456.0
45031424.0	268435456.0
45031424.0	268435456.0
44883968.0	268435456.0
142839808.0	268435456.0
146071552.0	268435456.0
146071552.0	268435456.0
142626816.0	268435456.0
142626816.0	268435456.0
47357952.0	268435456.0
42942464.0	268435456.0
42930176.0	268435456.0
42803200.0	268435456.0
42786816.0	268435456.0
42786816.0	268435456.0
42786816.0	268435456.0
42786816.0	268435456.0
42786816.0	268435456.0
42958848.0	268435456.0
42958848.0	268435456.0
42958848.0	268435456.0
42958848.0	268435456.0
42958848.0	268435456.0
71462912.0	268435456.0
143028224.0	268435456.0
146300928.0	268435456.0
146300928.0	268435456.0
143011840.0	268435456.0
142917632.0	268435456.0
45379584.0	268435456.0
44843008.0	268435456.0
153825280.0	268435456.0
153751552.0	268435456.0
153751552.0	268435456.0
153751552.0	268435456.0
45682688.0	268435456.0
45445120.0	268435456.0
45445120.0	268435456.0
45428736.0	268435456.0
45428736.0	268435456.0
45428736.0	268435456.0
45428736.0	268435456.0
45428736.0	268435456.0
45428736.0	268435456.0
45428736.0	268435456.0
45428736.0	268435456.0
45428736.0	268435456.0
45428736.0	268435456.0
45596672.0	268435456.0
45596672.0	268435456.0
47955968.0	268435456.0
45461504.0	268435456.0
45461504.0	268435456.0
45461504.0	268435456.0
45461504.0	268435456.0
45461504.0	268435456.0
45461504.0	268435456.0
45461504.0	268435456.0
45445120.0	268435456.0
45445120.0	268435456.0
45445120.0	268435456.0
45445120.0	268435456.0
