410107904.0	438549000.0
410107904.0	438549000.0
410107904.0	438549000.0
410107904.0	438549000.0
410107904.0	438549000.0
410107904.0	438549000.0
410107904.0	438549000.0
410370048.0	438549000.0
410116096.0	438549000.0
410116096.0	438549000.0
410116096.0	438549000.0
410116096.0	438549000.0
410116096.0	438549000.0
410116096.0	438549000.0
410116096.0	438549000.0
410116096.0	438549000.0
410116096.0	438549000.0
410116096.0	438549000.0
410116096.0	438549000.0
410116096.0	438549000.0
410116096.0	438549000.0
410116096.0	438549000.0
410116096.0	438549000.0
410116096.0	438549000.0
410116096.0	438549000.0
410116096.0	438549000.0
410497024.0	438549000.0
410808320.0	438549000.0
411717632.0	438549000.0
405028864.0	438549000.0
424624128.0	438549000.0
424206336.0	438549000.0
423747584.0	438549000.0
411815936.0	438549000.0
412708864.0	438549000.0
413245440.0	438549000.0
413687808.0	438549000.0
413433856.0	438549000.0
413433856.0	438549000.0
413433856.0	438549000.0
413433856.0	438549000.0
413433856.0	438549000.0
413433856.0	438549000.0
413433856.0	438549000.0
413433856.0	438549000.0
415580160.0	438549000.0
415186944.0	438549000.0
415068160.0	438549000.0
415068160.0	438549000.0
415068160.0	438549000.0
414986240.0	438549000.0
414986240.0	438549000.0
414986240.0	438549000.0
414986240.0	438549000.0
414986240.0	438549000.0
414986240.0	438549000.0
414986240.0	438549000.0
414986240.0	438549000.0
414986240.0	438549000.0
418775040.0	438549000.0
417902592.0	438549000.0
417599488.0	438549000.0
418516992.0	438549000.0
418017280.0	438549000.0
418111488.0	438549000.0
418111488.0	438549000.0
418111488.0	438549000.0
418111488.0	438549000.0
418111488.0	438549000.0
418111488.0	438549000.0
418111488.0	438549000.0
418242560.0	438549000.0
418562048.0	438549000.0
418193408.0	438549000.0
418508800.0	438549000.0
420384768.0	438549000.0
419373056.0	438549000.0
419467264.0	438549000.0
419717120.0	438549000.0
419467264.0	438549000.0
419680256.0	438549000.0
420659200.0	438549000.0
420769792.0	438549000.0
420859904.0	438549000.0
420728832.0	438549000.0
420880384.0	438549000.0
421208064.0	438549000.0
421081088.0	438549000.0
421081088.0	438549000.0
421081088.0	438549000.0
421081088.0	438549000.0
421081088.0	438549000.0
421081088.0	438549000.0
421081088.0	438549000.0
421494784.0	438549000.0
422203392.0	438549000.0
421818368.0	438549000.0
421851136.0	438549000.0
421871616.0	438549000.0
421908480.0	438549000.0
422690816.0	438549000.0
422912000.0	438549000.0
422944768.0	438549000.0
422350848.0	438549000.0
422350848.0	438549000.0
422350848.0	438549000.0
422268928.0	438549000.0
423186432.0	438549000.0
423342080.0	438549000.0
423247872.0	438549000.0
423247872.0	438549000.0
423907328.0	438549000.0
423948288.0	438549000.0
424222720.0	438549000.0
423899136.0	438549000.0
423899136.0	438549000.0
423899136.0	438549000.0
423899136.0	438549000.0
423899136.0	438549000.0
423899136.0	438549000.0
424701952.0	438549000.0
424652800.0	438549000.0
427499520.0	438549000.0
428441600.0	438549000.0
428896256.0	501049000.0
428523520.0	501049000.0
428998656.0	501049000.0
429670400.0	501049000.0
430014464.0	501049000.0
430456832.0	501049000.0
460644352.0	501049000.0
459538432.0	501049000.0
431075328.0	501049000.0
431075328.0	501049000.0
431075328.0	501049000.0
432979968.0	501049000.0
431538176.0	501049000.0
431431680.0	501049000.0
431431680.0	501049000.0
432349184.0	501049000.0
431435776.0	501049000.0
431435776.0	501049000.0
431435776.0	501049000.0
431468544.0	501049000.0
431849472.0	501049000.0
432242688.0	501049000.0
432533504.0	501049000.0
432115712.0	501049000.0
432668672.0	501049000.0
432713728.0	501049000.0
433102848.0	501049000.0
432287744.0	501049000.0
432287744.0	501049000.0
432414720.0	501049000.0
432730112.0	501049000.0
432734208.0	501049000.0
433803264.0	501049000.0
433459200.0	501049000.0
433397760.0	501049000.0
433315840.0	501049000.0
433315840.0	501049000.0
433315840.0	501049000.0
433315840.0	501049000.0
433995776.0	501049000.0
433676288.0	501049000.0
433614848.0	501049000.0
434008064.0	501049000.0
433692672.0	501049000.0
434462720.0	501049000.0
434253824.0	501049000.0
433917952.0	501049000.0
433917952.0	501049000.0
434524160.0	501049000.0
434053120.0	501049000.0
434053120.0	501049000.0
434053120.0	501049000.0
434053120.0	501049000.0
434180096.0	501049000.0
434180096.0	501049000.0
434180096.0	501049000.0
