370847744.0	438549000.0
370847744.0	438549000.0
370847744.0	438549000.0
370847744.0	438549000.0
370847744.0	438549000.0
370847744.0	438549000.0
370847744.0	438549000.0
370847744.0	438549000.0
370847744.0	438549000.0
370847744.0	438549000.0
370847744.0	438549000.0
370851840.0	438549000.0
370851840.0	438549000.0
370851840.0	438549000.0
370851840.0	438549000.0
370851840.0	438549000.0
370851840.0	438549000.0
370851840.0	438549000.0
370851840.0	438549000.0
370851840.0	438549000.0
370851840.0	438549000.0
370851840.0	438549000.0
370851840.0	438549000.0
370851840.0	438549000.0
370851840.0	438549000.0
370851840.0	438549000.0
370851840.0	438549000.0
370851840.0	438549000.0
370851840.0	438549000.0
370851840.0	438549000.0
370855936.0	438549000.0
370855936.0	438549000.0
370864128.0	438549000.0
370864128.0	438549000.0
370864128.0	438549000.0
370864128.0	438549000.0
370864128.0	438549000.0
370864128.0	438549000.0
370864128.0	438549000.0
370864128.0	438549000.0
370864128.0	438549000.0
370864128.0	438549000.0
370864128.0	438549000.0
370864128.0	438549000.0
370864128.0	438549000.0
370864128.0	438549000.0
370864128.0	438549000.0
370864128.0	438549000.0
370864128.0	438549000.0
370864128.0	438549000.0
370864128.0	438549000.0
370864128.0	438549000.0
370864128.0	438549000.0
370864128.0	438549000.0
370864128.0	438549000.0
370864128.0	438549000.0
370864128.0	438549000.0
370864128.0	438549000.0
370864128.0	438549000.0
370864128.0	438549000.0
370864128.0	438549000.0
370868224.0	438549000.0
370868224.0	438549000.0
370868224.0	438549000.0
370868224.0	438549000.0
370868224.0	438549000.0
370868224.0	438549000.0
370868224.0	438549000.0
370868224.0	438549000.0
370868224.0	438549000.0
370868224.0	438549000.0
370868224.0	438549000.0
370868224.0	438549000.0
370999296.0	438549000.0
371134464.0	438549000.0
371007488.0	438549000.0
370884608.0	438549000.0
370884608.0	438549000.0
370884608.0	438549000.0
370884608.0	438549000.0
370884608.0	438549000.0
370884608.0	438549000.0
370884608.0	438549000.0
370884608.0	438549000.0
370884608.0	438549000.0
370884608.0	438549000.0
370884608.0	438549000.0
370884608.0	438549000.0
370884608.0	438549000.0
370884608.0	438549000.0
370884608.0	438549000.0
370884608.0	438549000.0
370884608.0	438549000.0
370884608.0	438549000.0
370884608.0	438549000.0
370884608.0	438549000.0
370884608.0	438549000.0
370884608.0	438549000.0
370884608.0	438549000.0
370884608.0	438549000.0
370884608.0	438549000.0
370884608.0	438549000.0
370884608.0	438549000.0
370884608.0	438549000.0
370884608.0	438549000.0
370884608.0	438549000.0
370884608.0	438549000.0
370884608.0	438549000.0
370884608.0	438549000.0
370884608.0	438549000.0
370884608.0	438549000.0
370884608.0	438549000.0
370884608.0	438549000.0
370884608.0	438549000.0
370884608.0	438549000.0
370884608.0	438549000.0
370884608.0	438549000.0
370884608.0	438549000.0
370884608.0	438549000.0
370884608.0	438549000.0
370884608.0	438549000.0
370884608.0	438549000.0
370884608.0	438549000.0
370884608.0	438549000.0
370884608.0	438549000.0
370884608.0	438549000.0
370884608.0	438549000.0
370884608.0	438549000.0
370884608.0	438549000.0
370884608.0	438549000.0
370884608.0	438549000.0
370884608.0	438549000.0
370884608.0	438549000.0
370884608.0	438549000.0
370884608.0	438549000.0
370884608.0	438549000.0
370884608.0	438549000.0
370884608.0	438549000.0
370884608.0	438549000.0
370884608.0	438549000.0
370884608.0	438549000.0
370884608.0	438549000.0
370884608.0	438549000.0
370884608.0	438549000.0
370884608.0	438549000.0
370884608.0	438549000.0
370884608.0	438549000.0
370884608.0	438549000.0
370884608.0	438549000.0
370884608.0	438549000.0
371015680.0	438549000.0
370888704.0	438549000.0
370892800.0	438549000.0
371007488.0	438549000.0
370921472.0	438549000.0
370921472.0	438549000.0
370921472.0	438549000.0
370921472.0	438549000.0
370921472.0	438549000.0
370921472.0	438549000.0
370921472.0	438549000.0
370921472.0	438549000.0
370921472.0	438549000.0
370925568.0	438549000.0
370925568.0	438549000.0
370925568.0	438549000.0
370925568.0	438549000.0
370925568.0	438549000.0
370925568.0	438549000.0
370925568.0	438549000.0
370929664.0	438549000.0
370929664.0	438549000.0
370929664.0	438549000.0
371060736.0	438549000.0
371064832.0	438549000.0
371068928.0	438549000.0
370946048.0	438549000.0
370946048.0	438549000.0
370946048.0	438549000.0
370946048.0	438549000.0
