389967872.0	438549000.0
389967872.0	438549000.0
389967872.0	438549000.0
389967872.0	438549000.0
389967872.0	438549000.0
389967872.0	438549000.0
389967872.0	438549000.0
389967872.0	438549000.0
389967872.0	438549000.0
389967872.0	438549000.0
389967872.0	438549000.0
389967872.0	438549000.0
389967872.0	438549000.0
389967872.0	438549000.0
389967872.0	438549000.0
389967872.0	438549000.0
389967872.0	438549000.0
389967872.0	438549000.0
389967872.0	438549000.0
389967872.0	438549000.0
389967872.0	438549000.0
389967872.0	438549000.0
390230016.0	438549000.0
389976064.0	438549000.0
389976064.0	438549000.0
389976064.0	438549000.0
390107136.0	438549000.0
390107136.0	438549000.0
389980160.0	438549000.0
389980160.0	438549000.0
389980160.0	438549000.0
389980160.0	438549000.0
389984256.0	438549000.0
389984256.0	438549000.0
389984256.0	438549000.0
389984256.0	438549000.0
389984256.0	438549000.0
389984256.0	438549000.0
389984256.0	438549000.0
389984256.0	438549000.0
389984256.0	438549000.0
389984256.0	438549000.0
390672384.0	438549000.0
391434240.0	438549000.0
393760768.0	438549000.0
395964416.0	438549000.0
404172800.0	438549000.0
404123648.0	438549000.0
404738048.0	438549000.0
404131840.0	438549000.0
405118976.0	438549000.0
405295104.0	438549000.0
404742144.0	438549000.0
404742144.0	438549000.0
404582400.0	438549000.0
400764928.0	438549000.0
401108992.0	438549000.0
402223104.0	438549000.0
408305664.0	438549000.0
408375296.0	438549000.0
409518080.0	438549000.0
412708864.0	438549000.0
409677824.0	438549000.0
410595328.0	438549000.0
409993216.0	438549000.0
409882624.0	438549000.0
409751552.0	438549000.0
408662016.0	438549000.0
408662016.0	438549000.0
408662016.0	438549000.0
409427968.0	438549000.0
409354240.0	438549000.0
409137152.0	438549000.0
409268224.0	438549000.0
409141248.0	438549000.0
409141248.0	438549000.0
409059328.0	438549000.0
409538560.0	438549000.0
409468928.0	438549000.0
409493504.0	438549000.0
409628672.0	438549000.0
410910720.0	438549000.0
410992640.0	438549000.0
411746304.0	438549000.0
411209728.0	438549000.0
412184576.0	438549000.0
411820032.0	438549000.0
412073984.0	438549000.0
411598848.0	438549000.0
411881472.0	438549000.0
422780928.0	438549000.0
426463232.0	438549000.0
416407552.0	438549000.0
415801344.0	438549000.0
416018432.0	438549000.0
415993856.0	438549000.0
416067584.0	438549000.0
416186368.0	438549000.0
416743424.0	438549000.0
416190464.0	438549000.0
416206848.0	438549000.0
416247808.0	438549000.0
416251904.0	438549000.0
416251904.0	438549000.0
416251904.0	438549000.0
416251904.0	438549000.0
416251904.0	438549000.0
417034240.0	438549000.0
417300480.0	438549000.0
422813696.0	438549000.0
423215104.0	438549000.0
422854656.0	438549000.0
423010304.0	438549000.0
422883328.0	438549000.0
423436288.0	438549000.0
423415808.0	438549000.0
431169536.0	438549000.0
419119104.0	501049000.0
419119104.0	501049000.0
419119104.0	501049000.0
419119104.0	501049000.0
419123200.0	501049000.0
419123200.0	501049000.0
420769792.0	501049000.0
420962304.0	501049000.0
421449728.0	501049000.0
421281792.0	501049000.0
421347328.0	501049000.0
421859328.0	501049000.0
422268928.0	501049000.0
423165952.0	501049000.0
424869888.0	501049000.0
426123264.0	501049000.0
431075328.0	501049000.0
433205248.0	501049000.0
432820224.0	501049000.0
433004544.0	501049000.0
424644608.0	501049000.0
424812544.0	501049000.0
424644608.0	501049000.0
425312256.0	501049000.0
426434560.0	501049000.0
426225664.0	501049000.0
425680896.0	501049000.0
425558016.0	501049000.0
425558016.0	501049000.0
425558016.0	501049000.0
425558016.0	501049000.0
425558016.0	501049000.0
425476096.0	501049000.0
425861120.0	501049000.0
425873408.0	501049000.0
425897984.0	501049000.0
425771008.0	501049000.0
425775104.0	501049000.0
425906176.0	501049000.0
425975808.0	501049000.0
426672128.0	501049000.0
426483712.0	501049000.0
426938368.0	501049000.0
427335680.0	501049000.0
426864640.0	501049000.0
426536960.0	501049000.0
426835968.0	501049000.0
427483136.0	501049000.0
427319296.0	501049000.0
427302912.0	501049000.0
426721280.0	501049000.0
426721280.0	501049000.0
427638784.0	501049000.0
427053056.0	501049000.0
426979328.0	501049000.0
426979328.0	501049000.0
427139072.0	501049000.0
427716608.0	501049000.0
427909120.0	501049000.0
447774720.0	501049000.0
457650176.0	501049000.0
457650176.0	501049000.0
457650176.0	501049000.0
