25047040	268435456
38051840	268435456
35504128	268435456
35667968	268435456
56442880	268435456
139898880	268435456
37117952	108769280
37335040	108769280
37343232	89632768
37400576	89632768
37400576	89632768
37433344	89632768
37466112	89632768
37466112	89632768
41291776	89632768
145850368	151072768
37724160	151072768
40345600	151072768
37765120	151072768
37765120	90193920
37797888	90193920
37797888	90193920
37797888	90193920
37797888	90193920
37797888	90193920
37797888	90193920
37797888	90193920
37797888	90193920
37834752	90193920
37834752	90193920
37834752	90193920
37834752	90193920
40214528	90193920
37838848	90193920
37695488	90193920
37695488	90193920
37695488	90193920
88989696	90193920
136118272	151633920
38617088	151633920
38670336	151633920
38703104	151633920
149987328	151633920
41758720	151633920
41803776	151633920
41889792	151633920
41975808	151633920
41975808	151633920
41959424	151633920
41959424	151633920
41959424	151633920
41959424	151633920
41959424	94388224
41959424	94388224
41959424	94388224
41959424	94388224
41959424	94388224
41959424	94388224
41959424	94388224
41979904	94388224
41996288	94388224
42000384	94388224
42000384	94388224
42000384	94388224
42000384	94388224
42000384	94388224
42000384	94388224
42000384	94388224
42160128	94388224
41992192	94388224
41992192	94388224
41992192	94388224
41992192	94388224
41992192	94388224
41992192	94388224
41992192	94388224
41992192	94388224
41992192	94388224
42360832	94388224
40001536	94388224
93376512	94388224
141541376	155828224
43188224	155828224
152014848	155828224
46243840	155828224
43778048	155828224
43778048	155828224
43778048	155828224
43761664	155828224
43761664	155828224
43761664	155828224
43761664	155828224
43761664	155828224
43761664	155828224
43761664	155828224
43761664	155828224
43761664	96190464
43761664	96190464
43761664	96190464
43761664	96190464
43855872	96190464
43855872	96190464
43855872	96190464
43855872	96190464
43855872	96190464
43839488	96190464
43839488	96190464
46215168	96190464
43855872	96190464
43855872	96190464
43855872	96190464
43855872	96190464
43855872	96190464
43855872	96190464
43855872	96190464
41631744	96190464
41631744	96190464
41615360	96190464
41615360	96190464
41615360	96190464
41615360	96190464
41615360	96190464
41615360	96190464
41615360	96190464
41615360	96190464
41615360	96190464
95522816	96190464
142987264	157630464
102178816	157630464
47706112	157630464
45117440	157630464
45101056	157630464
45101056	157630464
45101056	157630464
45101056	157630464
45101056	157630464
45129728	157630464
45129728	157630464
45129728	157630464
45129728	157630464
45133824	97558528
45133824	97558528
45133824	97558528
47398912	97558528
45133824	97558528
45133824	97558528
45117440	97558528
45117440	97558528
45117440	97558528
45117440	97558528
42885120	97558528
80879616	97558528
144461824	158998528
43716608	158998528
46239744	158998528
43630592	158998528
43663360	158998528
43663360	96092160
43663360	96092160
43663360	96092160
43663360	96092160
44187648	96092160
152805376	157532160
44584960	157532160
44584960	157532160
44584960	157532160
44584960	157532160
44568576	157532160
44568576	157532160
47079424	157532160
44613632	157532160
44613632	157532160
44613632	157532160
44613632	157532160
44613632	157532160
44613632	97042432
44613632	97042432
44613632	97042432
44613632	97042432
44601344	97042432
44601344	97042432
44601344	97042432
44601344	97042432
44601344	97042432
44601344	97042432
44601344	97042432
44601344	97042432
44601344	97042432
47063040	97042432
44544000	97042432
44544000	97042432
44544000	97042432
44544000	97042432
44527616	97042432
44527616	96972800
44527616	96972800
44527616	96972800
45428736	96972800
45920256	96972800
46305280	96972800
46972928	96972800
145960960	158412800
47710208	158412800
45129728	158412800
45129728	158412800
45129728	158412800
45113344	158412800
45113344	158412800
45191168	158412800
45535232	158412800
48037888	158412800
48099328	158412800
48099328	158412800
48099328	100528128
48099328	100528128
48082944	100528128
48082944	100528128
48082944	100528128
48082944	100528128
48214016	100528128
48103424	100528128
48103424	100528128
48103424	100528128
48103424	100528128
48087040	100528128
48087040	100528128
50429952	100528128
48173056	100528128
48173056	100528128
48173056	100528128
48173056	100528128
48173056	100528128
40861696	100528128
40787968	100528128
40787968	100528128
40787968	100528128
40771584	100528128
40771584	100528128
40771584	100528128
40771584	100528128
40771584	100528128
40771584	100528128
40771584	100528128
40771584	100528128
40771584	100528128
40771584	100528128
40771584	100528128
40771584	100528128
40771584	100528128
40771584	100528128
40771584	100528128
40886272	93200384
38420480	93200384
38420480	93200384
38420480	93200384
38420480	93200384
38404096	93200384
38404096	93200384
38981632	93200384
136536064	154640384
139943936	154640384
41889792	154640384
50421760	154640384
44539904	154640384
41918464	154640384
41840640	154640384
41971712	154640384
41857024	154640384
41857024	154640384
41857024	154640384
41857024	94285824
41857024	94285824
42102784	94285824
39501824	94285824
39501824	94285824
39501824	94285824
39485440	94285824
39485440	94285824
39485440	94285824
39485440	94285824
39485440	94285824
39485440	94285824
39485440	94285824
39485440	94285824
39485440	94285824
39485440	94285824
39485440	94285824
39485440	94285824
39485440	94285824
39485440	91914240
39485440	91914240
40722432	91914240
141021184	153354240
42700800	153354240
40030208	153354240
40030208	153354240
40062976	153354240
40046592	153354240
40046592	153354240
40050688	153354240
40050688	153354240
42868736	153354240
45236224	153354240
42655744	153354240
42655744	153354240
42655744	153354240
42639360	153354240
42639360	153354240
42639360	95068160
42639360	95068160
42659840	95068160
42659840	95068160
42659840	95068160
42659840	95068160
42659840	95068160
45281280	95068160
45027328	95068160
42668032	95068160
42668032	95068160
42668032	95068160
42668032	95068160
42668032	95068160
40304640	95068160
40304640	95068160
40304640	95068160
40288256	95068160
40288256	92717056
40288256	92717056
40288256	92717056
40288256	92717056
42221568	92717056
138297344	154157056
138489856	154157056
149356544	154157056
43569152	154157056
43573248	154157056
43573248	154157056
43573248	154157056
43573248	154157056
43573248	154157056
43573248	154157056
43556864	154157056
43556864	154157056
43556864	154157056
43556864	95985664
43556864	95985664
43556864	95985664
43556864	95985664
43556864	95985664
43556864	95985664
43556864	95985664
43556864	95985664
43556864	95985664
43556864	95985664
43556864	95985664
43556864	95985664
43556864	95985664
43556864	95985664
43556864	95985664
43556864	95985664
43556864	95985664
43556864	95985664
43556864	95985664
43556864	95985664
93736960	95985664
142667776	157425664
41730048	157425664
41730048	157425664
41730048	157425664
41713664	157425664
41713664	157425664
152616960	157425664
44343296	157425664
44343296	157425664
44343296	157425664
44343296	157425664
44326912	157425664
44326912	157425664
44326912	96755712
44326912	96755712
44326912	96755712
46833664	96755712
44359680	96755712
44359680	96755712
44605440	96755712
139837440	158195712
45068288	158195712
42364928	158195712
42352640	158195712
42352640	158195712
42352640	158195712
42336256	158195712
42336256	158195712
42336256	158195712
42336256	158195712
82362368	94765056
45146112	156205056
42762240	156205056
42762240	156205056
42762240	156205056
42745856	156205056
42745856	156205056
45232128	156205056
42770432	156205056
42770432	156205056
42770432	156205056
42770432	156205056
42754048	156205056
42754048	156205056
42754048	156205056
42754048	156205056
42754048	156205056
42754048	95182848
42754048	95182848
42754048	95182848
42754048	95182848
42754048	95182848
42754048	95182848
42754048	95182848
42778624	95182848
42778624	95182848
42778624	95182848
42778624	95182848
42778624	95182848
42778624	95182848
42778624	95182848
42778624	95182848
42778624	95182848
42655744	95182848
42639360	95182848
43663360	95182848
44425216	95182848
44630016	95182848
44843008	95182848
141025280	156622848
45998080	156622848
43368448	156622848
43368448	156622848
43368448	156622848
43352064	156622848
43352064	156622848
43352064	156622848
43352064	156622848
43352064	156622848
43352064	156622848
136769536	136740864
44134400	157220864
44134400	157220864
44183552	157220864
44183552	157220864
44167168	157220864
44167168	157220864
44167168	157220864
44167168	157220864
44167168	157220864
46620672	157220864
44187648	157220864
44187648	157220864
44187648	157220864
44187648	157220864
44171264	157220864
44171264	96616448
44171264	96616448
44171264	96616448
44187648	96616448
48222208	96616448
142458880	158056448
142331904	158056448
47345664	158056448
155705344	158056448
47321088	158056448
47321088	158056448
47321088	158056448
47321088	158056448
47325184	158056448
47325184	158056448
47325184	158056448
47325184	158056448
47325184	99753984
47308800	99753984
47308800	99753984
44957696	99753984
44957696	99753984
44957696	99753984
44957696	99753984
44957696	99753984
44941312	99753984
44941312	99753984
44941312	99753984
44941312	99753984
51261440	99753984
142704640	161193984
47579136	161193984
156069888	161193984
47779840	161193984
47763456	161193984
47763456	100208640
47763456	100208640
50384896	100208640
50155520	100208640
47796224	100208640
47796224	100208640
47796224	100208640
47796224	100208640
47796224	100208640
47796224	100208640
47382528	100208640
146575360	161648640
48099328	161648640
45686784	161648640
45686784	161648640
45686784	161648640
45686784	161648640
45686784	98115584
45670400	98115584
45670400	98115584
45670400	98115584
45670400	98115584
141598720	159555584
46186496	159555584
46186496	159555584
46186496	159555584
48574464	159555584
46182400	159555584
46182400	159555584
46182400	159555584
46182400	159555584
46182400	159555584
46182400	159555584
46182400	159555584
46182400	159555584
46198784	98611200
46198784	98611200
46198784	98611200
46198784	98611200
46071808	98611200
46055424	98611200
46055424	98611200
46055424	98611200
46055424	98611200
46055424	98611200
46055424	98611200
46055424	98611200
46055424	98611200
46055424	98611200
46055424	98611200
46301184	98611200
94380032	98611200
144150528	160051200
49168384	160051200
157720576	160051200
49332224	160051200
49315840	160051200
49315840	160051200
49315840	160051200
49332224	160051200
49332224	160051200
49332224	160051200
49332224	160051200
49332224	160051200
49332224	160051200
49332224	160051200
46960640	160051200
46960640	160051200
46960640	160051200
46944256	160051200
46944256	160051200
46944256	99389440
47431680	99389440
144969728	160829440
50266112	160829440
47280128	160829440
47280128	160829440
47280128	160829440
107507712	160829440
49844224	160829440
49836032	160829440
49836032	160829440
49836032	160829440
49819648	160829440
49819648	160829440
49819648	160829440
49819648	160829440
49819648	160829440
49819648	160829440
49819648	160829440
49819648	102248448
49819648	102248448
49819648	102248448
49836032	102248448
49836032	102248448
49836032	102248448
49836032	102248448
49836032	102248448
49836032	102248448
49836032	102248448
49836032	102248448
49950720	102248448
57655296	102248448
149135360	163688448
48115712	163688448
48107520	163688448
48107520	163688448
48107520	163688448
48091136	163688448
48881664	100536320
100671488	121016320
48807936	161976320
48726016	161976320
48726016	161976320
48726016	161976320
48709632	161976320
48709632	161976320
48709632	161976320
48709632	161976320
48709632	161976320
48709632	161976320
48709632	161976320
48709632	161976320
48726016	161976320
48730112	161976320
48730112	161976320
48730112	161976320
48603136	161976320
48586752	101158912
48586752	101158912
48586752	101158912
48586752	101158912
48586752	101158912
48586752	101158912
146866176	162598912
51838976	162598912
54104064	162598912
51613696	162598912
51613696	162598912
51597312	162598912
51597312	162598912
51597312	162598912
51597312	162598912
51597312	162598912
51613696	162598912
51613696	162598912
51613696	162598912
51613696	104042496
51613696	104042496
51597312	104042496
51597312	104042496
51597312	104042496
51597312	104042496
51597312	104042496
51597312	104042496
51597312	104042496
51597312	104042496
51597312	104042496
51597312	104042496
51597312	104042496
51597312	104042496
51597312	104042496
51597312	104042496
54104064	104042496
51621888	104042496
54030336	104042496
53940224	104042496
51630080	104042496
49238016	104042496
49238016	104042496
49238016	104042496
49238016	104042496
49238016	104042496
49238016	104042496
50647040	104042496
150540288	165482496
51888128	165482496
49528832	165482496
49528832	165482496
49528832	165482496
49512448	165482496
52256768	165482496
54734848	165482496
52031488	165482496
52031488	165482496
52043776	104505344
52043776	104505344
52043776	104505344
52043776	104505344
52043776	104505344
52043776	104505344
