20570112	268435456
38535168	268435456
35422208	268435456
35360768	268435456
35360768	268435456
35364864	268435456
35450880	268435456
35487744	87793664
35487744	87793664
40521728	87793664
128163840	149233664
136798208	149233664
38772736	149233664
38064128	149233664
147673088	149233664
39788544	149233664
39788544	149233664
39788544	92217344
39866368	92217344
39849984	92217344
39849984	92217344
39849984	92217344
39849984	92217344
39849984	92217344
39993344	92217344
40013824	92217344
40013824	92217344
40013824	92217344
40013824	92217344
39997440	92217344
39997440	92217344
39997440	92217344
39997440	92217344
39997440	92217344
39997440	92217344
39997440	92217344
39997440	92217344
39997440	92217344
39997440	92217344
39997440	92217344
42233856	92217344
40017920	92217344
40017920	92217344
40050688	92217344
40083456	92217344
40083456	92217344
40083456	92217344
40083456	92217344
40083456	92217344
40083456	92217344
40067072	92217344
40067072	92217344
40067072	92217344
40067072	92217344
37732352	92217344
37732352	92217344
37732352	92217344
37732352	92217344
37732352	90161152
37715968	90161152
39940096	90161152
38211584	90161152
38891520	90161152
135970816	151601152
41345024	151601152
38625280	151601152
38735872	151601152
106491904	151601152
41734144	151601152
41656320	151601152
41656320	151601152
41656320	151601152
41656320	151601152
41639936	94085120
41639936	94085120
41639936	94085120
41639936	94085120
41639936	94085120
41639936	94085120
41639936	94085120
41639936	94085120
43962368	94085120
44044288	94085120
41680896	94085120
41680896	94085120
41680896	94085120
41680896	94085120
41680896	94085120
41680896	94085120
41680896	94085120
41680896	94085120
44023808	94085120
41730048	94085120
41730048	94085120
41730048	94085120
41730048	94085120
41730048	94085120
41730048	94085120
41730048	94085120
41730048	94085120
41730048	94085120
43954176	94085120
39571456	94085120
39571456	94085120
39571456	94085120
138141696	153440256
40783872	153440256
41062400	153440256
151691264	153440256
43401216	153440256
43376640	153440256
43360256	153440256
43360256	153440256
43360256	153440256
43360256	153440256
43360256	153440256
43360256	153440256
45707264	153440256
43462656	153440256
43462656	153440256
43462656	153440256
43462656	153440256
43503616	153440256
43503616	153440256
43503616	153440256
43503616	153440256
43503616	95932416
43503616	95932416
43503616	95932416
43503616	95932416
43503616	95932416
43503616	95932416
43487232	95932416
43487232	95932416
43487232	95932416
43487232	95932416
43487232	95932416
43487232	95932416
43487232	95932416
43487232	95932416
43487232	95932416
43491328	95932416
43491328	95932416
43491328	95932416
43491328	95920128
43491328	95920128
43491328	95920128
43491328	95920128
43491328	95920128
43491328	95920128
43491328	95920128
43491328	95920128
43491328	95920128
43491328	95920128
43491328	95920128
43491328	95920128
43491328	95920128
43491328	95920128
43491328	95920128
43491328	95920128
43491328	95920128
43491328	95920128
43491328	95920128
43491328	95920128
43491328	95920128
43491328	95920128
43491328	95920128
43491328	95920128
43491328	95920128
43474944	95920128
43474944	95920128
43474944	95920128
43474944	95920128
43474944	95920128
43474944	95920128
43474944	95920128
43474944	95920128
43474944	95920128
43474944	95920128
43474944	95920128
43474944	95920128
43474944	95903744
43474944	95903744
43474944	95903744
43474944	95903744
43474944	95903744
43474944	95903744
43483136	95903744
43483136	95903744
43483136	95903744
43483136	95903744
43483136	95903744
43515904	95903744
43515904	95903744
43515904	95903744
43515904	95903744
43515904	95903744
43515904	95903744
43515904	95903744
43515904	95903744
43515904	95903744
43515904	95903744
36179968	95903744
36184064	95903744
36184064	95903744
36184064	95903744
36184064	95903744
36184064	95903744
36216832	95903744
36216832	95903744
36216832	95903744
36216832	95903744
36200448	95903744
36200448	95903744
36200448	95903744
36200448	95903744
36200448	95903744
36200448	95903744
36200448	95903744
36200448	88629248
36200448	88629248
36200448	88629248
36200448	88629248
36200448	88629248
36200448	88629248
36200448	88629248
36200448	88629248
36200448	88629248
36200448	88629248
36200448	88629248
36200448	88629248
36233216	88629248
36233216	88629248
36233216	88629248
36233216	88629248
36233216	88629248
36233216	88629248
36233216	88629248
36233216	88629248
36233216	88629248
36265984	88629248
36265984	88629248
36265984	88629248
36265984	88629248
36265984	88629248
36265984	88629248
36265984	88629248
36265984	88629248
36265984	88629248
36265984	88629248
36265984	88629248
36265984	88629248
36265984	88629248
36265984	88629248
36265984	88629248
36265984	88629248
36265984	88629248
36265984	88629248
36265984	88629248
36265984	88629248
36265984	88629248
36265984	88629248
36270080	88629248
36270080	88629248
36270080	88629248
36270080	88629248
36270080	88629248
36356096	88629248
36356096	88629248
36356096	88629248
36356096	88629248
36356096	88629248
36356096	88629248
36356096	88629248
36356096	88629248
36356096	88629248
36356096	88629248
36356096	88629248
36356096	88629248
36356096	88629248
36356096	88629248
36356096	88629248
36356096	88629248
36356096	88629248
36356096	88629248
36356096	88629248
36356096	88629248
36356096	88629248
36356096	88629248
36356096	88629248
36356096	88629248
36356096	88629248
36356096	88629248
36356096	88629248
36356096	88629248
36356096	88629248
36356096	88629248
36356096	88629248
36356096	88629248
36356096	88629248
36356096	88629248
36356096	88629248
-1	-1
46342144	159764480
46342144	159764480
46342144	159764480
46342144	159764480
46342144	159764480
46358528	98770944
46358528	98770944
46358528	98770944
46366720	98770944
46366720	98770944
46366720	98770944
46366720	98770944
46366720	98770944
46366720	98770944
46366720	98770944
46350336	98770944
46350336	98770944
46350336	98770944
46350336	98770944
141729792	160210944
141815808	160210944
44314624	160210944
44560384	160210944
44609536	96612352
44814336	96612352
46055424	96612352
45998080	96612352
153440256	158052352
44990464	158052352
44990464	158052352
44990464	158052352
44990464	158052352
44990464	158052352
44990464	158052352
44990464	158052352
44990464	158052352
44990464	158052352
44974080	158052352
44974080	158052352
44974080	158052352
44974080	97402880
44974080	97402880
44974080	97402880
45002752	97402880
45002752	97402880
45002752	97402880
45002752	97402880
45002752	97402880
45006848	97402880
45006848	97402880
45006848	97402880
45006848	97402880
45039616	97402880
45608960	97402880
146259968	158842880
47714304	158842880
45195264	158842880
45195264	97624064
45178880	97624064
45178880	97624064
45178880	97624064
45178880	97624064
45178880	97624064
132685824	138584064
48607232	159064064
45871104	159064064
45871104	159064064
45871104	159064064
45854720	159064064
45854720	159064064
45854720	159064064
45854720	159064064
45854720	159064064
45871104	159064064
45871104	98283520
45871104	98283520
45871104	98283520
45871104	98283520
45854720	98283520
45854720	98283520
45854720	98283520
45854720	98283520
45854720	98283520
45854720	98283520
45854720	98283520
45854720	98283520
45854720	98283520
45985792	98283520
45985792	98283520
45871104	98283520
45871104	98283520
45871104	98283520
45854720	98283520
45854720	98283520
45854720	98283520
45854720	98283520
45854720	98283520
45854720	98283520
45854720	98283520
45854720	98283520
45875200	98283520
45875200	98283520
45875200	98283520
45748224	98283520
45748224	98283520
108146688	118763520
147304448	159723520
48578560	159723520
47136768	159723520
48111616	159723520
48300032	159723520
48463872	159723520
157118464	159723520
48840704	159723520
48840704	159723520
48840704	159723520
48840704	159723520
48824320	159723520
48824320	159723520
48824320	159723520
48824320	159723520
48840704	159723520
48840704	159723520
48840704	159723520
48840704	101269504
48840704	101269504
48824320	101269504
48824320	101269504
48824320	101269504
48852992	101269504
48959488	101269504
48844800	101269504
47120384	101269504
147640320	162709504
46739456	162709504
46555136	162709504
46555136	162709504
46555136	162709504
46555136	162709504
46538752	162709504
46538752	98967552
46538752	98967552
47816704	98967552
99266560	119447552
155496448	160407552
47210496	160407552
47210496	160407552
47210496	160407552
47194112	160407552
47194112	160407552
47194112	160407552
47194112	160407552
47247360	160407552
48504832	160407552
150474752	160407552
49610752	160407552
49610752	160407552
102019072	102039552
49782784	163479552
47509504	163479552
47509504	163479552
47509504	163479552
47493120	163479552
47493120	163479552
47493120	163479552
47493120	163479552
47493120	163479552
50786304	163479552
48418816	163479552
48549888	163479552
48721920	163479552
48689152	163479552
48885760	163479552
147734528	163479552
147492864	163479552
47767552	105009152
47648768	105009152
47648768	105009152
47632384	105009152
47632384	105009152
47632384	105009152
47632384	105009152
47632384	105009152
47632384	105009152
47632384	105009152
156340224	166449152
47980544	166449152
47980544	166449152
47980544	166449152
47980544	166449152
47964160	166449152
47964160	166449152
47964160	100392960
47964160	100392960
47964160	100392960
47964160	100392960
48013312	100392960
48013312	100392960
48013312	100392960
48013312	100392960
48013312	100392960
47996928	100392960
47996928	100392960
47996928	100392960
47996928	100392960
47996928	100392960
47996928	100392960
47996928	100392960
47996928	100392960
47996928	100392960
47996928	100392960
47996928	100392960
47996928	100392960
50536448	100392960
48021504	100392960
48025600	100392960
48136192	100392960
48025600	100392960
48025600	100392960
48025600	100392960
48025600	100392960
48037888	100392960
48037888	100392960
48021504	100392960
48021504	100392960
48021504	100392960
48021504	100392960
48021504	100392960
48021504	100392960
59068416	100392960
149393408	161832960
48693248	161832960
110592000	161832960
53325824	161832960
51015680	161832960
51015680	161832960
51015680	161832960
51015680	161832960
51015680	161832960
51015680	161832960
51015680	161832960
51015680	161832960
51015680	161832960
51015680	161832960
51036160	161832960
51036160	161832960
51036160	103464960
51040256	103464960
51040256	103464960
51040256	103464960
51040256	103464960
51040256	103464960
51040256	103464960
51040256	103464960
51077120	103464960
51023872	103464960
51023872	103464960
51023872	103464960
51023872	103464960
51023872	103464960
51023872	103464960
51023872	103464960
51023872	103464960
51023872	103464960
48664576	103464960
48664576	101093376
48664576	101093376
48664576	101093376
48664576	101093376
48648192	101093376
49041408	101093376
141004800	142053376
146796544	162533376
49016832	162533376
49016832	162533376
49016832	162533376
49000448	162533376
49000448	162533376
116424704	162533376
51486720	162533376
51486720	162533376
51486720	162533376
51486720	162533376
53821440	162533376
51490816	103915520
51490816	103915520
51490816	103915520
51490816	103915520
51474432	103915520
51474432	103915520
51474432	103915520
51474432	103915520
51474432	103915520
51474432	103915520
51474432	103915520
51474432	103915520
51474432	103915520
51490816	103915520
51523584	103915520
51523584	103915520
51523584	103915520
51523584	103915520
51507200	103915520
51507200	103915520
51507200	103915520
51523584	103915520
51523584	103915520
51523584	103915520
51523584	103915520
51523584	103915520
51879936	103915520
51376128	103915520
146874368	165355520
51900416	165355520
49238016	165355520
49238016	165355520
49238016	165355520
49221632	165355520
49221632	165355520
137465856	165355520
51724288	165355520
51736576	165355520
51736576	104165376
51736576	104165376
51720192	104165376
51720192	104165376
51720192	104165376
51720192	104165376
51720192	104165376
51720192	104165376
51720192	104165376
51720192	104165376
51720192	104165376
51720192	104165376
51748864	104165376
51748864	104165376
51843072	104165376
51752960	104165376
51752960	104165376
51752960	104165376
49274880	101703680
49274880	101703680
49274880	101703680
49258496	101703680
49258496	101703680
49258496	101703680
49258496	101703680
49258496	101703680
50282496	101703680
147283968	163143680
52047872	163143680
49561600	163143680
49561600	163143680
49561600	163143680
49545216	163143680
50974720	163143680
160542720	163143680
52416512	163143680
52256768	163143680
52256768	104742912
52256768	104742912
52256768	104742912
52256768	104742912
52256768	104742912
52256768	104742912
