38240256	67506176
99102720	108466176
137379840	149426176
36941824	149426176
37945344	149426176
37179392	149426176
37183488	149426176
37216256	149426176
37220352	149426176
37351424	89645056
42229760	89645056
146477056	151085056
38674432	151085056
38584320	151085056
38584320	151085056
38584320	151085056
38567936	151085056
38612992	151085056
38612992	151085056
38612992	91041792
38645760	91041792
38645760	91041792
38629376	91041792
38715392	91041792
38715392	91041792
38715392	91041792
38735872	91041792
38735872	91041792
38735872	91041792
38735872	91041792
38735872	91041792
38735872	91041792
38735872	91041792
38768640	91041792
38768640	91041792
38768640	91041792
38682624	91041792
38682624	91041792
38682624	91041792
90009600	91041792
140333056	152481792
39841792	152481792
39702528	152481792
39702528	152481792
39702528	152481792
44101632	152481792
149250048	164667392
41050112	164667392
41050112	164667392
41050112	164667392
41050112	164667392
41033728	164667392
41193472	164667392
41095168	164667392
41226240	164667392
41234432	164667392
41267200	164667392
41320448	164667392
41451520	164667392
41398272	164667392
41529344	93880320
41431040	93880320
41431040	93880320
41431040	93880320
41431040	93880320
41431040	93880320
41431040	93880320
41414656	93880320
41414656	93880320
41414656	93880320
41414656	93880320
41418752	93880320
41418752	93880320
41418752	93880320
41418752	93847552
41418752	93847552
41418752	93847552
41418752	93847552
41418752	93847552
41418752	93847552
41418752	93847552
41418752	93847552
41418752	93847552
41418752	93847552
41418752	93847552
41418752	93847552
41418752	93847552
41418752	93847552
41418752	93847552
41418752	93847552
41418752	93847552
41418752	93847552
41418752	93847552
41418752	93847552
41418752	93847552
41418752	93847552
41418752	93847552
41418752	93847552
41418752	93847552
41418752	93847552
41418752	93847552
41418752	93847552
41431040	93847552
41431040	93847552
41431040	93847552
41431040	93847552
41598976	93847552
42491904	93847552
43671552	93847552
139874304	155287552
143282176	155287552
42737664	155287552
46641152	155287552
45383680	155287552
45383680	155287552
45383680	155287552
45420544	155287552
45420544	155287552
45420544	155287552
45420544	155287552
45420544	155287552
45404160	155287552
45404160	155287552
45404160	155287552
51204096	155287552
45563904	155287552
45563904	155287552
45563904	97992704
45563904	97992704
45563904	97992704
45563904	97992704
45563904	97992704
45563904	97992704
45563904	97992704
45547520	97992704
45547520	97992704
45547520	97992704
45547520	97992704
45547520	97992704
45547520	97992704
45547520	97992704
45547520	97992704
45547520	97992704
45547520	97992704
45547520	97992704
45547520	97976320
45547520	97976320
45547520	97976320
45547520	97976320
45547520	97976320
45547520	97976320
45547520	97976320
45547520	97976320
45547520	97976320
45547520	97976320
45547520	97976320
45547520	97976320
45547520	97976320
45547520	97976320
45547520	97976320
45547520	97976320
45547520	97976320
45547520	97976320
45547520	97976320
45719552	97976320
45547520	97976320
45940736	97976320
45592576	97976320
45592576	97976320
45592576	97976320
45592576	97976320
45592576	97976320
45576192	97976320
45576192	97976320
45576192	97976320
45576192	97976320
45576192	97976320
45576192	97976320
45576192	97976320
45576192	97976320
45830144	97976320
45584384	97976320
45584384	97976320
45584384	97976320
45584384	97976320
45584384	97976320
45584384	97976320
45584384	97976320
45584384	97976320
45584384	97976320
45584384	97976320
45584384	97976320
45584384	97976320
45584384	97976320
45584384	97976320
45584384	97976320
45584384	97976320
45584384	97976320
45584384	97976320
45584384	97976320
45584384	97976320
45584384	97976320
45584384	97976320
45588480	97976320
45588480	97976320
45699072	97976320
45588480	97976320
45588480	97976320
45588480	97976320
45588480	97976320
45588480	97976320
45588480	97976320
45588480	97976320
45588480	97976320
45588480	97976320
45588480	97976320
45588480	97976320
45588480	97976320
45588480	97976320
45637632	97976320
45637632	97976320
45637632	97976320
45637632	97976320
45637632	97976320
45637632	97976320
45637632	97976320
45637632	97976320
45637632	97976320
45637632	97976320
45637632	97976320
45637632	97976320
45637632	97976320
45637632	97976320
45637632	97976320
45637632	97976320
45637632	97976320
45637632	97976320
45637632	97976320
45637632	97976320
45637632	97976320
45637632	97976320
45637632	97976320
45637632	97976320
45637632	97976320
45637632	97976320
45637632	97976320
45637632	97976320
45637632	97976320
45654016	97976320
45654016	97976320
45654016	97976320
45654016	97976320
45654016	97976320
45654016	97976320
45654016	97976320
45654016	97976320
45654016	97976320
45654016	97976320
45654016	97976320
45654016	97976320
45654016	97976320
38350848	97976320
38350848	97976320
38350848	97976320
38350848	97976320
38350848	97976320
38350848	97976320
38350848	97976320
38350848	97976320
38350848	97976320
38350848	97976320
38334464	97976320
38334464	97976320
38334464	97976320
38334464	97976320
38334464	97976320
38334464	97976320
38334464	90763264
38334464	90763264
38334464	90763264
38412288	90763264
38412288	90763264
38412288	90763264
38412288	90763264
38412288	90763264
38412288	90763264
38412288	90763264
38412288	90763264
38412288	90763264
38412288	90763264
38412288	90763264
38412288	90763264
38412288	90763264
38412288	90763264
38412288	90763264
38412288	90763264
38412288	90763264
38412288	90763264
38412288	90763264
38412288	90763264
38412288	90763264
38412288	90763264
38412288	90763264
38412288	90763264
-1	-1
46342144	159764480
46342144	159764480
46342144	159764480
46342144	159764480
46342144	98770944
46358528	98770944
46358528	98770944
48697344	98770944
46366720	98770944
46366720	98770944
46366720	98770944
46366720	98770944
46366720	98770944
46366720	98770944
46366720	98770944
46350336	98770944
46350336	98770944
46350336	98770944
69910528	98770944
145104896	160210944
44314624	160210944
44675072	160210944
44658688	96612352
44814336	96612352
45895680	96612352
45998080	96612352
126169088	137572352
44990464	158052352
44990464	158052352
44990464	158052352
44990464	158052352
44974080	158052352
44990464	158052352
44990464	158052352
44990464	158052352
44990464	158052352
44990464	158052352
44974080	158052352
44974080	158052352
44974080	97402880
44974080	97402880
44974080	97402880
45002752	97402880
45002752	97402880
45002752	97402880
45002752	97402880
45002752	97402880
45006848	97402880
45006848	97402880
45006848	97402880
45006848	97402880
45039616	97402880
45043712	97402880
142983168	158842880
142839808	158842880
45277184	158842880
45195264	97624064
45178880	97624064
45178880	97624064
45178880	97624064
45178880	97624064
45178880	97624064
72425472	97624064
154112000	159064064
45871104	159064064
45871104	159064064
45871104	159064064
45854720	159064064
45854720	159064064
45854720	159064064
45854720	159064064
45854720	159064064
45985792	159064064
45871104	98283520
45871104	98283520
45871104	98283520
45871104	98283520
45854720	98283520
45854720	98283520
45854720	98283520
45854720	98283520
45854720	98283520
45854720	98283520
45854720	98283520
45854720	98283520
45854720	98283520
45854720	98283520
45985792	98283520
45871104	98283520
45871104	98283520
45871104	98283520
45871104	98283520
45854720	98283520
45854720	98283520
45854720	98283520
45854720	98283520
45854720	98283520
45854720	98283520
45854720	98283520
45875200	98283520
45875200	98283520
45875200	98283520
45748224	98283520
45748224	98283520
47886336	98283520
147304448	159723520
46419968	159723520
46497792	159723520
48111616	159723520
48242688	159723520
48521216	159723520
137719808	159723520
48840704	159723520
48840704	159723520
48840704	159723520
48840704	159723520
48824320	159723520
48824320	159723520
48824320	159723520
48824320	159723520
48824320	159723520
48840704	159723520
48840704	159723520
48840704	101269504
48840704	101269504
48840704	101269504
48824320	101269504
48824320	101269504
51200000	101269504
51204096	101269504
48844800	101269504
48828416	101269504
144228352	162709504
144084992	162709504
46555136	162709504
46555136	162709504
46555136	162709504
46555136	162709504
46538752	162709504
46538752	162709504
46538752	98967552
46669824	98967552
56573952	98967552
155631616	160407552
47210496	160407552
47210496	160407552
47210496	160407552
47194112	160407552
47194112	160407552
47194112	160407552
47194112	160407552
49721344	160407552
49573888	160407552
147197952	160407552
147181568	160407552
49610752	160407552
49274880	102039552
155795456	163479552
47509504	163479552
47509504	163479552
47509504	163479552
47509504	163479552
47493120	163479552
47493120	163479552
47493120	163479552
47493120	163479552
47493120	163479552
48418816	163479552
48500736	163479552
48574464	163479552
48680960	163479552
48836608	163479552
79323136	163479552
151052288	163479552
50008064	105009152
47648768	105009152
47648768	105009152
47632384	105009152
47632384	105009152
47632384	105009152
47632384	105009152
47632384	105009152
47632384	105009152
47632384	105009152
104853504	105009152
47988736	166449152
47980544	166449152
47980544	166449152
47980544	166449152
47964160	166449152
47964160	166449152
47964160	100392960
47964160	100392960
47964160	100392960
47964160	100392960
47964160	100392960
48013312	100392960
48013312	100392960
48013312	100392960
48013312	100392960
48013312	100392960
47996928	100392960
47996928	100392960
47996928	100392960
47996928	100392960
47996928	100392960
47996928	100392960
47996928	100392960
47996928	100392960
47996928	100392960
47996928	100392960
47996928	100392960
47996928	100392960
48021504	100392960
50339840	100392960
48287744	100392960
48025600	100392960
48025600	100392960
48025600	100392960
48025600	100392960
48037888	100392960
48037888	100392960
48037888	100392960
48021504	100392960
48021504	100392960
48021504	100392960
48021504	100392960
48021504	100392960
48021504	100392960
146104320	161832960
51240960	161832960
49348608	161832960
159326208	161832960
51032064	161832960
51015680	161832960
51015680	161832960
51015680	161832960
51015680	161832960
51015680	161832960
51015680	161832960
51015680	161832960
51015680	161832960
51015680	161832960
53555200	161832960
51036160	161832960
51036160	103464960
51036160	103464960
51040256	103464960
51040256	103464960
51040256	103464960
51040256	103464960
51040256	103464960
51040256	103464960
51023872	103464960
51077120	103464960
51023872	103464960
51023872	103464960
51023872	103464960
51023872	103464960
51023872	103464960
51023872	103464960
51023872	103464960
51023872	103464960
48664576	103464960
48664576	101093376
48664576	101093376
48664576	101093376
48664576	101093376
48648192	101093376
48648192	101093376
71061504	101093376
150085632	162533376
53641216	162533376
49016832	162533376
49016832	162533376
49000448	162533376
49000448	162533376
51847168	162533376
51724288	162533376
51486720	162533376
51486720	162533376
51486720	162533376
51486720	162533376
51490816	103915520
51490816	103915520
51490816	103915520
51490816	103915520
51490816	103915520
51474432	103915520
51474432	103915520
51474432	103915520
51474432	103915520
51474432	103915520
51474432	103915520
51474432	103915520
51474432	103915520
51490816	103915520
51523584	103915520
51523584	103915520
51523584	103915520
51523584	103915520
51507200	103915520
51507200	103915520
51507200	103915520
51507200	103915520
51523584	103915520
51523584	103915520
51523584	103915520
51523584	103915520
51523584	103915520
49930240	103915520
140812288	144875520
146862080	165355520
51613696	165355520
49238016	165355520
49238016	165355520
49221632	165355520
49221632	165355520
52187136	165355520
54296576	165355520
51736576	165355520
51736576	104165376
51736576	104165376
51720192	104165376
51720192	104165376
51720192	104165376
51720192	104165376
51720192	104165376
51720192	104165376
51720192	104165376
51720192	104165376
51720192	104165376
51720192	104165376
51748864	104165376
51748864	104165376
54112256	104165376
51752960	104165376
51752960	104165376
51752960	104165376
49274880	104165376
49274880	101703680
49274880	101703680
49274880	101703680
49258496	101703680
49258496	101703680
49258496	101703680
49258496	101703680
49455104	101703680
102129664	122183680
150695936	163143680
49561600	163143680
49561600	163143680
49561600	163143680
49545216	163143680
49545216	163143680
160583680	163143680
52416512	163143680
52314112	163143680
52256768	163143680
52256768	104742912
52256768	104742912
52256768	104742912
52256768	104742912
52256768	104742912
52256768	104742912
