28237824	268435456
35401728	268435456
35401728	268435456
35921920	268435456
132857856	268435456
136699904	268435456
37216256	268435456
37269504	268435456
37478400	268435456
37421056	268435456
37421056	268435456
37490688	268435456
37490688	268435456
37490688	268435456
37490688	268435456
38567936	268435456
148598784	268435456
40280064	268435456
40280064	268435456
40280064	268435456
40296448	268435456
40284160	268435456
40284160	268435456
40284160	268435456
40284160	268435456
40284160	268435456
40284160	268435456
40284160	268435456
40284160	268435456
40284160	268435456
40284160	268435456
40284160	268435456
40284160	268435456
40284160	268435456
40284160	268435456
40284160	268435456
43610112	268435456
40321024	268435456
40321024	268435456
41222144	268435456
37974016	268435456
37957632	268435456
37957632	268435456
37957632	268435456
37957632	268435456
37957632	268435456
37957632	268435456
37957632	268435456
37957632	268435456
37974016	268435456
38121472	268435456
38277120	268435456
40353792	268435456
73547776	268435456
141807616	268435456
42094592	268435456
39321600	268435456
39796736	268435456
76894208	268435456
42983424	268435456
41877504	268435456
41877504	268435456
41877504	268435456
41861120	268435456
41861120	268435456
41861120	268435456
41861120	268435456
41881600	268435456
41967616	268435456
41967616	268435456
41967616	268435456
41967616	268435456
41951232	268435456
41951232	268435456
41951232	268435456
45215744	268435456
41988096	268435456
41988096	268435456
41988096	268435456
41988096	268435456
41988096	268435456
41988096	268435456
41988096	268435456
41988096	268435456
41988096	268435456
41971712	268435456
41971712	268435456
41971712	268435456
41971712	268435456
41971712	268435456
41971712	268435456
41971712	268435456
41971712	268435456
41971712	268435456
42627072	268435456
41971712	268435456
41971712	268435456
41971712	268435456
41971712	268435456
41971712	268435456
41971712	268435456
42233856	268435456
41971712	268435456
41971712	268435456
39747584	268435456
39747584	268435456
39747584	268435456
39747584	268435456
139870208	268435456
43585536	268435456
42594304	268435456
40349696	268435456
70529024	268435456
151420928	268435456
43163648	268435456
43163648	268435456
43163648	268435456
43163648	268435456
43163648	268435456
43147264	268435456
43147264	268435456
43147264	268435456
43208704	268435456
43208704	268435456
43208704	268435456
43208704	268435456
43208704	268435456
43196416	268435456
43196416	268435456
43196416	268435456
43429888	268435456
43216896	268435456
43216896	268435456
43216896	268435456
43216896	268435456
43216896	268435456
43483136	268435456
43216896	268435456
43216896	268435456
43216896	268435456
43200512	268435456
43200512	268435456
43200512	268435456
43200512	268435456
43200512	268435456
43200512	268435456
43200512	268435456
43200512	268435456
43200512	268435456
46264320	268435456
43331584	268435456
43331584	268435456
43331584	268435456
43331584	268435456
43331584	268435456
43331584	268435456
43331584	268435456
43331584	268435456
43331584	268435456
43331584	268435456
43331584	268435456
43331584	268435456
44208128	268435456
41058304	268435456
41058304	268435456
41058304	268435456
41058304	268435456
41041920	268435456
41041920	268435456
141148160	268435456
144560128	268435456
45015040	268435456
50925568	268435456
47353856	268435456
44023808	268435456
44023808	268435456
47693824	268435456
44060672	268435456
44060672	268435456
44060672	268435456
44060672	268435456
44060672	268435456
44060672	268435456
44355584	268435456
44060672	268435456
44060672	268435456
44044288	268435456
44044288	268435456
44044288	268435456
44044288	268435456
44044288	268435456
44044288	268435456
44044288	268435456
44044288	268435456
44044288	268435456
44044288	268435456
44044288	268435456
44044288	268435456
44044288	268435456
44044288	268435456
44044288	268435456
44044288	268435456
44044288	268435456
44044288	268435456
44044288	268435456
44044288	268435456
44044288	268435456
44044288	268435456
44044288	268435456
44216320	268435456
44044288	268435456
44281856	268435456
44044288	268435456
44044288	268435456
44044288	268435456
44044288	268435456
44044288	268435456
44437504	268435456
44044288	268435456
41709568	268435456
41709568	268435456
41709568	268435456
41709568	268435456
41709568	268435456
41693184	268435456
41693184	268435456
41693184	268435456
41693184	268435456
41693184	268435456
41693184	268435456
41693184	268435456
41693184	268435456
41693184	268435456
41676800	268435456
42586112	268435456
54411264	268435456
145108992	268435456
44273664	268435456
44273664	268435456
58294272	268435456
48041984	268435456
44818432	268435456
44728320	268435456
44728320	268435456
44761088	268435456
44744704	268435456
44744704	268435456
44744704	268435456
44744704	268435456
44777472	268435456
44777472	268435456
44777472	268435456
44777472	268435456
44777472	268435456
44793856	268435456
44793856	268435456
44793856	268435456
44793856	268435456
44793856	268435456
44793856	268435456
44793856	268435456
44793856	268435456
44793856	268435456
44793856	268435456
44777472	268435456
44777472	268435456
44777472	268435456
44777472	268435456
44777472	268435456
44777472	268435456
44777472	268435456
44777472	268435456
44777472	268435456
44777472	268435456
44777472	268435456
44777472	268435456
44777472	268435456
44777472	268435456
44777472	268435456
44777472	268435456
44777472	268435456
44777472	268435456
44777472	268435456
44781568	268435456
44781568	268435456
44781568	268435456
44781568	268435456
44781568	268435456
44781568	268435456
44781568	268435456
44781568	268435456
44781568	268435456
44781568	268435456
44781568	268435456
44781568	268435456
44781568	268435456
44781568	268435456
44781568	268435456
44781568	268435456
44781568	268435456
44769280	268435456
44769280	268435456
44769280	268435456
44769280	268435456
44769280	268435456
44769280	268435456
44769280	268435456
44769280	268435456
44769280	268435456
44769280	268435456
44769280	268435456
44769280	268435456
44769280	268435456
44769280	268435456
44769280	268435456
44769280	268435456
44769280	268435456
44769280	268435456
44769280	268435456
44769280	268435456
44769280	268435456
44769280	268435456
44769280	268435456
44769280	268435456
44769280	268435456
44769280	268435456
44769280	268435456
44769280	268435456
44769280	268435456
44769280	268435456
44769280	268435456
44769280	268435456
43147264	268435456
145907712	268435456
48386048	268435456
42651648	268435456
42651648	268435456
42635264	268435456
42635264	268435456
42635264	268435456
42635264	268435456
42635264	268435456
42635264	268435456
42635264	268435456
153595904	268435456
45158400	268435456
45158400	268435456
45158400	268435456
45158400	268435456
45142016	268435456
45142016	268435456
45142016	268435456
45142016	268435456
45142016	268435456
45142016	268435456
45142016	268435456
45142016	268435456
45142016	268435456
45142016	268435456
45142016	268435456
45142016	268435456
45158400	268435456
45158400	268435456
45166592	268435456
45166592	268435456
45166592	268435456
45166592	268435456
45166592	268435456
45166592	268435456
45166592	268435456
45166592	268435456
45150208	268435456
45150208	268435456
45150208	268435456
46043136	268435456
42795008	268435456
42795008	268435456
42795008	268435456
42795008	268435456
42778624	268435456
42778624	268435456
42778624	268435456
42778624	268435456
94859264	268435456
146305024	268435456
43143168	268435456
43106304	268435456
43106304	268435456
43089920	268435456
43089920	268435456
43089920	268435456
43089920	268435456
43089920	268435456
43401216	268435456
43294720	268435456
43352064	268435456
43622400	268435456
90570752	268435456
49033216	268435456
45969408	268435456
45969408	268435456
45969408	268435456
45953024	268435456
45953024	268435456
45953024	268435456
45953024	268435456
45953024	268435456
45973504	268435456
45973504	268435456
45973504	268435456
45973504	268435456
45973504	268435456
45957120	268435456
45957120	268435456
45957120	268435456
45957120	268435456
45957120	268435456
46497792	268435456
45981696	268435456
45981696	268435456
45981696	268435456
45981696	268435456
45981696	268435456
45981696	268435456
45981696	268435456
45981696	268435456
45981696	268435456
45965312	268435456
45973504	268435456
45977600	268435456
38744064	268435456
38670336	268435456
38670336	268435456
38670336	268435456
38670336	268435456
38670336	268435456
38670336	268435456
38670336	268435456
38670336	268435456
38670336	268435456
38653952	268435456
38653952	268435456
38653952	268435456
38653952	268435456
38653952	268435456
38653952	268435456
38653952	268435456
38653952	268435456
38653952	268435456
38653952	268435456
38653952	268435456
38653952	268435456
38653952	268435456
38653952	268435456
36425728	268435456
36425728	268435456
36425728	268435456
36425728	268435456
36409344	268435456
36392960	268435456
36392960	268435456
93777920	268435456
139923456	268435456
147795968	268435456
39391232	268435456
39391232	268435456
39374848	268435456
39374848	268435456
39374848	268435456
39374848	268435456
42672128	268435456
40321024	268435456
137101312	268435456
42164224	268435456
37224448	268435456
37208064	268435456
37208064	268435456
37208064	268435456
37208064	268435456
37208064	268435456
37208064	268435456
37208064	268435456
37208064	268435456
37208064	268435456
37208064	268435456
37208064	268435456
37208064	268435456
37208064	268435456
37208064	268435456
38236160	268435456
148279296	268435456
39792640	268435456
39792640	268435456
39792640	268435456
39792640	268435456
39776256	268435456
39776256	268435456
39948288	268435456
39792640	268435456
39792640	268435456
39792640	268435456
39792640	268435456
39792640	268435456
39792640	268435456
39792640	268435456
39792640	268435456
39792640	268435456
39776256	268435456
39776256	268435456
39776256	268435456
39776256	268435456
39776256	268435456
39776256	268435456
39776256	268435456
39776256	268435456
39776256	268435456
39776256	268435456
39776256	268435456
39776256	268435456
39776256	268435456
39776256	268435456
39776256	268435456
39776256	268435456
39776256	268435456
39776256	268435456
39776256	268435456
39776256	268435456
39776256	268435456
39776256	268435456
39776256	268435456
39776256	268435456
39776256	268435456
39776256	268435456
39776256	268435456
39776256	268435456
39776256	268435456
39776256	268435456
39776256	268435456
39776256	268435456
39776256	268435456
39776256	268435456
39776256	268435456
39776256	268435456
39776256	268435456
39776256	268435456
39776256	268435456
39776256	268435456
39776256	268435456
39776256	268435456
39776256	268435456
39776256	268435456
39759872	268435456
37478400	268435456
37478400	268435456
37478400	268435456
37478400	268435456
37478400	268435456
37462016	268435456
37462016	268435456
37462016	268435456
37462016	268435456
38731776	268435456
137621504	268435456
43335680	268435456
40140800	268435456
37777408	268435456
37777408	268435456
37761024	268435456
37761024	268435456
37761024	268435456
37761024	268435456
37761024	268435456
68706304	268435456
43565056	268435456
40386560	201146368
40386560	201146368
40386560	201146368
40370176	201146368
40398848	201146368
40398848	201146368
40398848	201146368
40398848	201146368
40398848	201146368
40402944	201146368
40402944	201146368
40402944	201146368
40402944	201146368
40402944	201146368
40402944	201146368
40402944	201146368
40402944	201146368
40402944	201146368
40402944	201146368
40386560	92831744
41156608	92831744
38146048	92831744
38146048	92831744
38146048	92831744
38146048	92831744
38129664	92831744
38129664	92831744
38129664	92831744
38129664	92831744
38129664	92831744
38129664	92831744
38129664	92831744
38129664	92831744
46915584	92831744
138354688	154271744
149323776	154271744
40013824	154271744
40013824	154271744
39997440	92442624
39997440	92442624
39997440	92442624
39997440	92442624
40013824	92442624
40013824	92442624
40013824	92442624
40013824	92442624
40017920	92442624
40017920	92442624
40017920	92442624
40017920	92442624
40017920	92442624
40017920	92442624
40001536	92442624
40001536	92442624
40001536	92442624
40001536	92442624
