24760320	268435456
41152512	268435456
35844096	268435456
35885056	268435456
35971072	268435456
36007936	268435456
36048896	268435456
36048896	268435456
37359616	88477696
128143360	129437696
137326592	149917696
39641088	149917696
37027840	149917696
36937728	149917696
36962304	149917696
37015552	149917696
37068800	149917696
37068800	89444352
39981056	89444352
120901632	130404352
38682624	150884352
38682624	150884352
38682624	150884352
38682624	150884352
38666240	150884352
38666240	150884352
38666240	150884352
38666240	91095040
38666240	91095040
38666240	91095040
38666240	91095040
38666240	91095040
38666240	91095040
38666240	91095040
38805504	91095040
38805504	91095040
38805504	91095040
38805504	91095040
38805504	91095040
38789120	91095040
38789120	91095040
38789120	91095040
38789120	91095040
38789120	91095040
38789120	91095040
38789120	91095040
38789120	91095040
38789120	91095040
38789120	91095040
38789120	91095040
38850560	91095040
38883328	91095040
38883328	91095040
38883328	91095040
38883328	91095040
38801408	91095040
38801408	91095040
38801408	91095040
38801408	91095040
38801408	91095040
77983744	91095040
140730368	152535040
43024384	152535040
39903232	152535040
39903232	152535040
39886848	152535040
39886848	152535040
39886848	152535040
39886848	152535040
39886848	92315648
39923712	92315648
40505344	92315648
92016640	92315648
149434368	153755648
41218048	153755648
41218048	153755648
41218048	153755648
41201664	153755648
41201664	153755648
41201664	153755648
41201664	153755648
41201664	153755648
41201664	153755648
41201664	93630464
41201664	93630464
41201664	93630464
41201664	93630464
41201664	93630464
41201664	93630464
41201664	93630464
41201664	93630464
41340928	93630464
41340928	93630464
41340928	93630464
41340928	93630464
41340928	93630464
41324544	93630464
41324544	93630464
41570304	93630464
139853824	155070464
139972608	155070464
46608384	155070464
48099328	155070464
45256704	155070464
45256704	155070464
45256704	155070464
45256704	155070464
45256704	155070464
45256704	155070464
45256704	155070464
45256704	155070464
45256704	155070464
45256704	155070464
45379584	155070464
45379584	155070464
45379584	155070464
45379584	97808384
45379584	97808384
45363200	97808384
45395968	97808384
45395968	97808384
45395968	97808384
45395968	97808384
45395968	97808384
45395968	97808384
45416448	97808384
45416448	97808384
45416448	97808384
45416448	97808384
45416448	97808384
45400064	97808384
45187072	97808384
141291520	159248384
46845952	159248384
155164672	159248384
46784512	159248384
46768128	159248384
46768128	159248384
46768128	159248384
46768128	159248384
46768128	159248384
46784512	159248384
46784512	159248384
46784512	159248384
46784512	159248384
46784512	159248384
46821376	159248384
47460352	159248384
44707840	159248384
44826624	159248384
44826624	159248384
44859392	159248384
44953600	97386496
44953600	97386496
44953600	97386496
44953600	97386496
44953600	97386496
44953600	97386496
44953600	97386496
44953600	97386496
115769344	117866496
146505728	158826496
45768704	158826496
45637632	158826496
45637632	158826496
45621248	158826496
45621248	158826496
45621248	158826496
45621248	158826496
45621248	158826496
50540544	158826496
151805952	159490048
46239744	159490048
46239744	159490048
46239744	159490048
46223360	159490048
46223360	159490048
46223360	159490048
46223360	159490048
46223360	159490048
46223360	159490048
46256128	159490048
46256128	159490048
46280704	159490048
46280704	159490048
46280704	159490048
46280704	159490048
46280704	159490048
46264320	159490048
46264320	98693120
46264320	98693120
49295360	98693120
48787456	98693120
46432256	98693120
46182400	98693120
46182400	98693120
46166016	98693120
46166016	98693120
46166016	98693120
46166016	98693120
49532928	98693120
147812352	160133120
49926144	160133120
158167040	160133120
49840128	160133120
49840128	160133120
49823744	160133120
49823744	160133120
49823744	102252544
49823744	102252544
49840128	102252544
49897472	102252544
49852416	102252544
49852416	102252544
49852416	102252544
49836032	102252544
49836032	102252544
50147328	102252544
49856512	102252544
49856512	102252544
49856512	102252544
49856512	102252544
49856512	102252544
49856512	102252544
145866752	163692544
145809408	163692544
48242688	163692544
48226304	100671488
48226304	100671488
49577984	100671488
49319936	162111488
49201152	162111488
49201152	162111488
49156096	162111488
49156096	162111488
49139712	162111488
49139712	162111488
49164288	162111488
49164288	162111488
49209344	162111488
49209344	162111488
49037312	162111488
49020928	162111488
49053696	162111488
49053696	162111488
49053696	162111488
49053696	101482496
50462720	101482496
147353600	162922496
147341312	162922496
49897472	162922496
49897472	162922496
50110464	162922496
73113600	162922496
55697408	162922496
52719616	162922496
52719616	162922496
52719616	162922496
52801536	162922496
52801536	162922496
50499584	162922496
150945792	162922496
56004608	162922496
53407744	162922496
53784576	162922496
51052544	105836544
51052544	105836544
51052544	105836544
51052544	105836544
51036160	105836544
51036160	105836544
51036160	105836544
51036160	105836544
51036160	105836544
51036160	105836544
51036160	105836544
51036160	105836544
51036160	105836544
51036160	105836544
51036160	105836544
51036160	105836544
51036160	105836544
54403072	105836544
52195328	167276544
51847168	103464960
51847168	103464960
51847168	103464960
51830784	103464960
51830784	103464960
51830784	103464960
51830784	103464960
51830784	103464960
51830784	103464960
51830784	103464960
51830784	103464960
51830784	103464960
51830784	103464960
52047872	103464960
51859456	103464960
51859456	103464960
51859456	103464960
51859456	103464960
51843072	103464960
51859456	103464960
51859456	103464960
51781632	103464960
51781632	103464960
51781632	103464960
51765248	103464960
51765248	103464960
51765248	103464960
150220800	164904960
153518080	164904960
52576256	164904960
52576256	164904960
52576256	164904960
52559872	164904960
52559872	164904960
52559872	164904960
52559872	164904960
52559872	164904960
53944320	164904960
161656832	166428672
53391360	166428672
53268480	166428672
53268480	166428672
53268480	166428672
53252096	166428672
53252096	166428672
53252096	166428672
53252096	166428672
53252096	166428672
53252096	166428672
60092416	166428672
156614656	166428672
56254464	166428672
56537088	166428672
55914496	166428672
55898112	166428672
55898112	108326912
55898112	108326912
55898112	108326912
55914496	108326912
55914496	108326912
55914496	108326912
55914496	108326912
55914496	108326912
55898112	108326912
55898112	108326912
58675200	108326912
55918592	108326912
55918592	108326912
55918592	108326912
55918592	108326912
55902208	108326912
55902208	108326912
55922688	108326912
55930880	108326912
53555200	108326912
53555200	108326912
53555200	108326912
53538816	108326912
74817536	108326912
155090944	169766912
56549376	169766912
54059008	169766912
54845440	169766912
164990976	169766912
56668160	169766912
56668160	169766912
56668160	169766912
56668160	169766912
56651776	169766912
56651776	109096960
56651776	109096960
56651776	109096960
56786944	109096960
56672256	109096960
56672256	109096960
56672256	109096960
56672256	109096960
56655872	109096960
56791040	109096960
56676352	109096960
56676352	109096960
56676352	109096960
56676352	109096960
56659968	109096960
56659968	109096960
49356800	109096960
49360896	109088768
118476800	129568768
148480000	150048768
47243264	150048768
47243264	150048768
47243264	150048768
47243264	150048768
47276032	150048768
47276032	150048768
47259648	150048768
47259648	150048768
47259648	150048768
47259648	150048768
47259648	150048768
47259648	150048768
47259648	150048768
47259648	99688448
47259648	99688448
47259648	99688448
47259648	99688448
123609088	140648448
50655232	161128448
48041984	161128448
48041984	161128448
48041984	161128448
48025600	161128448
48025600	161128448
48025600	161128448
50327552	161128448
151498752	161128448
50577408	161128448
48201728	161128448
48201728	161128448
48185344	100630528
48185344	100630528
48185344	100630528
93077504	100630528
48799744	162070528
48799744	162070528
48799744	162070528
48799744	162070528
48783360	162070528
48783360	162070528
48783360	162070528
48783360	162070528
48783360	162070528
51683328	162070528
48807936	162070528
48807936	162070528
48807936	162070528
48807936	101236736
48791552	101236736
48820224	101236736
48820224	101236736
142225408	142196736
146653184	162676736
49246208	162676736
49119232	162676736
49119232	162676736
49119232	162676736
49119232	162676736
49119232	162676736
49102848	162676736
49102848	162676736
49102848	162676736
50380800	162676736
122040320	122011648
52543488	162971648
49881088	162971648
49823744	162971648
49823744	162971648
49807360	162971648
49807360	162971648
49807360	162971648
49807360	162971648
49807360	162971648
49807360	162971648
49807360	162971648
49807360	162971648
49807360	162971648
49807360	162971648
49807360	162971648
52576256	162971648
49922048	102236160
49836032	102236160
49836032	102236160
49836032	102236160
49819648	102236160
49819648	102236160
49819648	102236160
49819648	102236160
49836032	102236160
49967104	102236160
49868800	102236160
49868800	102236160
49868800	102236160
49725440	102236160
49725440	102236160
49725440	102236160
49725440	102236160
49725440	102236160
147730432	163594240
147714048	163594240
50053120	163594240
50135040	163594240
50135040	163594240
50118656	163594240
52486144	163594240
161046528	163594240
52768768	163594240
52768768	163594240
52768768	163594240
52768768	163594240
52752384	163594240
52752384	163594240
52752384	163594240
52752384	163594240
52752384	163594240
52752384	105181184
52768768	105181184
52768768	105181184
52768768	105181184
52768768	105181184
52768768	105181184
52752384	105181184
52752384	105181184
52752384	105181184
52752384	105181184
52752384	105181184
52752384	105181184
52752384	105181184
52752384	105181184
52752384	105181184
52752384	105181184
52809728	105181184
52776960	105181184
52776960	105181184
52776960	105181184
52776960	105181184
52760576	105181184
52760576	105181184
52760576	105181184
52760576	105181184
52760576	105181184
52760576	105181184
52760576	105181184
52760576	105181184
52776960	105181184
52776960	105181184
50409472	105181184
50405376	105181184
50405376	105181184
50388992	105181184
50388992	105181184
50388992	102817792
50388992	102817792
148422656	164257792
148332544	164257792
50724864	164257792
50724864	164257792
50724864	164257792
50708480	164257792
50708480	164257792
50708480	164257792
50708480	164257792
50708480	164257792
50708480	164257792
50855936	164257792
51249152	164257792
52068352	164257792
161640448	164257792
53366784	164257792
53366784	103137280
53366784	103137280
53366784	103137280
53350400	103137280
53350400	103137280
53350400	103137280
53350400	103137280
53350400	103137280
53350400	103137280
53350400	103137280
53350400	103137280
53350400	103137280
53350400	103137280
53366784	103137280
53366784	103137280
53366784	103137280
53366784	103137280
53366784	103137280
53374976	103137280
53374976	103137280
53374976	103137280
53374976	103137280
50999296	103137280
50987008	103137280
50987008	103137280
50987008	103137280
50987008	103137280
103022592	103137280
152252416	164577280
51331072	164577280
51249152	164577280
51249152	164577280
51232768	164577280
51232768	164577280
52621312	164577280
162471936	164577280
53968896	164577280
53968896	164577280
53968896	106397696
53968896	106397696
53952512	106397696
53952512	106397696
53952512	106397696
53952512	106397696
53952512	106397696
53952512	106397696
53952512	106397696
53952512	106397696
53968896	106397696
53968896	106397696
53968896	106397696
53968896	106397696
53968896	106397696
53952512	106397696
53952512	106397696
53952512	106397696
56594432	106397696
53977088	106381312
53977088	106381312
54353920	106381312
152879104	167821312
54714368	167821312
52142080	167821312
52142080	167821312
52142080	167821312
52142080	167821312
52142080	167821312
52125696	167821312
52125696	167821312
73748480	167821312
57327616	167821312
54755328	167821312
54755328	167821312
54706176	167821312
54951936	167821312
54718464	167821312
52682752	107147264
52666368	107147264
53149696	107147264
71053312	107147264
154288128	168587264
55750656	168587264
53260288	168587264
53260288	168587264
53243904	168587264
53243904	168587264
53276672	168587264
53276672	168587264
53276672	168587264
53276672	168587264
53276672	168587264
53276672	168587264
53276672	168587264
53276672	168587264
53276672	168587264
126214144	126185472
53886976	167145472
53886976	167145472
53886976	167145472
53886976	167145472
53870592	167145472
53870592	167145472
53870592	167145472
53895168	167145472
53895168	167145472
53895168	167145472
53903360	167145472
53903360	167145472
53903360	167145472
53903360	167145472
53907456	167145472
53907456	167145472
53907456	167145472
53891072	167145472
53891072	106319872
53891072	106319872
