29224960	60907520
29085696	60907520
29847552	60907520
29675520	60907520
29515776	60907520
29868032	60907520
29667328	60907520
29466624	60907520
29470720	60907520
29511680	60907520
29405184	60907520
29544448	60907520
29691904	60907520
29163520	60907520
29777920	60907520
29777920	60907520
29646848	60907520
29708288	60907520
29724672	60907520
29638656	60907520
29597696	60907520
29597696	60907520
29478912	60907520
29683712	60907520
29507584	60907520
29548544	60907520
29548544	60907520
29548544	60907520
29700096	60907520
29650944	60907520
29454336	60907520
29401088	60907520
29196288	60907520
29532160	60907520
29417472	60907520
29810688	60907520
29925376	60907520
29716480	60907520
29708288	60907520
29532160	60907520
29544448	60907520
29413376	60907520
29495296	60907520
29720576	60907520
29700096	60907520
29700096	60907520
29573120	60907520
29708288	60907520
29700096	60907520
29728768	60907520
29810688	60907520
29474816	60907520
29626368	60907520
29847552	60907520
29876224	60907520
29741056	60907520
29741056	60907520
29855744	60907520
29671424	60907520
29577216	60907520
29790208	60907520
29659136	60907520
29638656	60907520
29798400	60907520
29757440	60907520
29712384	60907520
29536256	60907520
29581312	60907520
29495296	60907520
29798400	60907520
29274112	60907520
29634560	60907520
29724672	60907520
29593600	60907520
29855744	60907520
29765632	60907520
29663232	60907520
29663232	60907520
29622272	60907520
29724672	60907520
29503488	60907520
29736960	60907520
29736960	60907520
29847552	60907520
29741056	60907520
29491200	60907520
29499392	60907520
29892608	60907520
29839360	60907520
29433856	60907520
29499392	60907520
29753344	60907520
29847552	60907520
29761536	60907520
29626368	60907520
29745152	60907520
29581312	60907520
29831168	60907520
29577216	60907520
29483008	60907520
29843456	60907520
29716480	60907520
29626368	60907520
29642752	60907520
29450240	60907520
29712384	60907520
29839360	60907520
29581312	60907520
29241344	60907520
29634560	60907520
29712384	60907520
29753344	60907520
29712384	60907520
29712384	60907520
29691904	60907520
29642752	60907520
29544448	60907520
29425664	60907520
29863936	60907520
29724672	60907520
29626368	60907520
29753344	60907520
29822976	60907520
29696000	60907520
29700096	60907520
29446144	60907520
29634560	60907520
29413376	60907520
29712384	60907520
29753344	60907520
29712384	60907520
29687808	60907520
29712384	60907520
29835264	60907520
29724672	60907520
30081024	60907520
29376512	60907520
29495296	60907520
29691904	60907520
29581312	60907520
