0	42104
0	42104
0	42104
0	42104
0	42104
0	42104
0	42104
0	42104
0	42104
0	42104
0	42104
0	42104
0	42104
0	42104
0	42104
0	42104
0	42104
0	42104
0	42104
0	42104
0	42104
0	42104
0	42104
0	42104
0	42104
0	42104
0	42104
0	42104
0	42104
0	42104
0	42104
0	42104
0	42104
0	42104
0	42104
0	42104
0	42104
0	42104
0	42104
0	42104
0	42104
0	42104
0	42104
0	42104
0	42104
0	42104
0	42104
74518	102104
5047	41820
28	30000
15628	30000
102	30000
620	30000
3237	30000
69280	78607
85805	107646
86223	67200
55891	51282
52310	51282
53515	51282
35740	52117
0	52117
0	52117
0	52117
0	52117
0	52117
0	52117
0	52117
0	52117
0	52117
0	52117
0	52117
0	52117
0	52117
0	52117
0	52117
0	52117
0	52117
0	52117
0	52117
0	52117
0	52117
0	52117
0	52117
0	52117
0	52117
0	52117
0	52117
0	52117
0	52117
0	52117
0	52117
0	52117
0	52117
0	52117
0	52117
0	52117
0	52117
0	52117
0	52117
0	52117
0	52117
0	52117
0	52117
0	52117
0	52117
0	52117
0	52117
0	52117
0	52117
0	52117
0	52117
0	52117
0	52117
0	52117
0	52117
0	52117
0	52117
0	52117
0	52117
0	52117
0	52117
0	52117
0	52117
0	52117
0	52117
0	52117
0	52117
0	52117
0	52117
0	52117
0	52117
0	52117
0	52117
0	52117
0	52117
0	52117
0	52117
0	52117
0	52117
0	52117
0	52117
0	52117
0	52117
0	52117
0	52117
0	52117
0	52117
0	52117
0	52117
0	52117
0	52117
0	52117
0	52117
0	52117
0	52117
0	52117
0	52117
0	52117
0	52117
0	52117
0	52117
0	52117
0	52117
0	52117
0	52117
5726	41693
64377	113693
7603	46568
366	30000
2860	30000
129	30000
321	30000
2883	30000
1508	30000
702	30000
18644	30000
43811	51282
54201	51282
54041	51282
58238	42270
0	42270
0	42270
0	42270
0	42270
0	42270
0	42270
0	42270
0	42270
0	42270
0	42270
0	42270
0	42270
0	42270
0	42270
0	42270
0	42270
0	42270
0	42270
0	42270
0	42270
0	42270
0	42270
0	42270
0	42270
0	42270
0	42270
0	42270
0	42270
0	42270
0	42270
0	42270
0	42270
0	42270
0	42270
0	42270
0	42270
0	42270
0	42270
0	42270
0	42270
0	42270
0	42270
0	42270
0	42270
0	42270
0	42270
7592	45816
67534	94252
9246	38604
1889	30000
356	30000
5	30000
2710	30000
1284	30000
39653	61473
57523	51282
52113	51282
56482	51282
51472	51282
16575	41025
0	41025
0	41025
0	41025
0	41025
0	41025
0	41025
0	41025
0	41025
0	41025
0	41025
0	41025
0	41025
0	41025
0	41025
0	41025
0	41025
0	41025
0	41025
0	41025
0	41025
0	41025
0	41025
0	41025
0	41025
0	41025
0	41025
0	41025
0	41025
0	41025
0	41025
0	41025
0	41025
0	41025
0	41025
0	41025
0	41025
0	41025
0	41025
0	41025
0	41025
0	41025
0	41025
0	41025
0	41025
0	41025
0	41025
0	41025
0	41025
0	41025
0	41025
0	41025
0	41025
0	41025
0	41025
0	41025
0	41025
0	41025
0	41025
0	41025
