0	42000
7829	54000
123	30000
92	30000
112	30000
582	30000
54	30000
29109	39124
46830	51724
52467	51724
52379	51724
52417	51282
51800	51282
52443	51282
50391	51282
52017	51282
52419	51282
14261	51282
0	51282
0	51282
0	51282
0	51282
0	51282
0	51282
0	51282
0	51282
0	51282
0	51282
0	51282
0	51282
0	51282
0	51282
0	51282
0	51282
0	51282
0	51282
0	51282
0	51282
0	51282
0	51282
0	51282
0	51282
0	51282
0	51282
52994	53911
14293	30000
877	30000
845	30000
12	30000
200	30000
1545	30000
1682	30000
782	30000
541	30000
647	30000
576	30000
41	30000
32098	38832
47551	51282
53869	51282
53570	51282
54144	51282
59366	51464
62474	61309
82832	86252
11107	44928
58792	79184
5081	30000
432	30000
236	30000
2306	30000
2097	30000
917	30000
15226	30000
39266	51282
51672	51282
52429	51282
52032	51282
51187	51282
43904	51282
0	51282
0	51282
0	51282
0	51282
0	51282
0	51282
0	51282
0	51282
0	51282
0	51282
0	51282
0	51282
0	51282
0	51282
0	51282
0	51282
0	51282
0	51282
0	51282
0	51282
0	51282
0	51282
0	51282
0	51282
32799	51282
40570	98219
5	78575
206	50288
6	40230
38309	92184
106306	123184
89218	124747
85620	69527
8	55621
236	30000
32	30000
19482	30000
42847	51282
52449	51282
53933	51282
56766	56025
67218	69476
68083	69476
88659	93163
26288	30527
30066	30932
27124	41025
2275	30000
678	30000
1457	30000
1491	30000
25679	38832
44395	61538
53220	51282
53796	51282
19495	41025
0	41025
0	41025
0	41025
0	41025
0	41025
0	41025
0	41025
0	41025
0	41025
0	41025
0	41025
0	41025
0	41025
0	41025
0	41025
0	41025
0	41025
0	41025
0	41025
0	41025
0	41025
0	41025
0	41025
0	41025
0	41025
0	41025
0	41025
0	41025
34877	57618
48244	34483
2375	30000
5	30000
5	30000
274	30000
1877	30000
1286	30000
765	30000
64	30000
2151	30000
624	30000
387	30000
35086	38832
49008	51282
54721	51282
52771	51282
51265	51282
55623	61538
46755	35707
45987	51282
11733	30000
1895	30000
191	30000
2846	30000
2640	30000
1204	30000
17281	30000
39924	51282
51521	51282
52320	51282
52277	51282
51181	51282
51933	51282
50756	51282
51540	51282
21737	41025
0	41025
0	41025
0	41025
0	41025
0	41025
0	41025
0	41025
0	41025
0	41025
0	41025
0	41025
0	41025
0	41025
0	41025
0	41025
0	41025
0	41025
0	41025
0	41025
0	41025
0	41025
0	41025
0	41025
51861	80000
33100	82635
1460	42308
706	30000
1532	30000
372	30000
1439	30000
651	30000
1257	30000
1239	30000
1439	30000
33050	38832
48024	51282
51489	51282
50557	51627
52056	51625
23000	33038
38608	39528
40868	52502
4002	30000
401	30000
1982	30000
957	30000
4353	30000
34339	38832
50104	51282
51909	51282
55203	61538
51955	51282
51882	51282
51526	51282
26446	41025
0	41025
0	41025
0	41025
0	41025
0	41025
0	41025
0	41025
0	41025
0	41025
0	41025
0	41025
0	41025
0	41025
0	41025
0	41025
0	41025
0	41025
0	41025
0	41025
0	41025
0	41025
0	41025
0	41025
0	41025
0	41025
0	41025
0	41025
12129	30000
54766	67314
3890	35908
1682	30000
800	30000
9	30000
1766	30000
1113	30000
157	30000
808	30000
478	30000
6215	30000
40395	62560
64402	62557
54901	51282
52834	51282
53183	51282
