210000000,105490917,1642145688042085
270000000,178100587,1642145688141659
216000000,187384661,1642145688241961
216000000,216000000,1642145688341690
216000000,147178923,1642145688441944
276000000,214003143,1642145688541995
220800000,220800000,1642145688641635
220800000,175904384,1642145688741955
280800000,280800000,1642145688841848
280800000,280800000,1642145688941988
340800000,335681818,1642145689041857
375208000,375208000,1642145689141614
375208000,322432151,1642145689241997
401300000,323542917,1642145689341937
396300000,315387188,1642145689441861
317040000,258776940,1642145689541736
312040000,215906533,1642145689641837
249632000,215062213,1642145689741903
249632000,220473780,1642145689841816
244632000,204348528,1642145689941836
244632000,244632000,1642145690041799
244632000,214663577,1642145690141908
304632000,199795077,1642145690239189
243705000,196836913,1642145690341592
243705000,195494708,1642145690441599
238705000,208042967,1642145690541908
238705000,190986004,1642145690641873
233705000,233705000,1642145690741619
233705000,62294490,1642145690841946
293705000,129501729,1642145690941810
234964000,213892951,1642145691041832
234964000,234964000,1642145691141649
234964000,234964000,1642145691241901
294964000,272772406,1642145691341557
354964000,132596990,1642145691441854
283971000,273605215,1642145691541873
283971000,152761259,1642145691641997
343971000,264355657,1642145691741884
275176000,102986747,1642145691841582
220140000,172175587,1642145691941603
176112000,176112000,1642145692041729
176112000,176112000,1642145692141895
236112000,236112000,1642145692241625
296112000,266684095,1642145692341594
356112000,137699959,1642145692441580
284889000,205611661,1642145692541818
227911000,134643804,1642145692641856
182328000,182328000,1642145692741793
182328000,182328000,1642145692841558
242328000,242060546,1642145692941850
302328000,287636663,1642145693041542
329279000,142265663,1642145693141678
263423000,263423000,1642145693241642
263423000,263423000,1642145693341797
307196000,307196000,1642145693441597
367196000,319545765,1642145693541917
370176000,211156939,1642145693641760
296140000,212331007,1642145693741911
236912000,204474247,1642145693841605
236912000,137256239,1642145693941511
189529000,132334748,1642145694041940
151623000,116885094,1642145694141901
121298000,121298000,1642145694241944
121298000,118046644,1642145694341529
181298000,181298000,1642145694441841
241298000,241298000,1642145694541513
301298000,301298000,1642145694641729
361298000,145877210,1642145694741928
421298000,415723289,1642145694841607
421298000,267959934,1642145694941721
337038000,310434248,1642145695041884
337038000,291861693,1642145695141825
332038000,241770337,1642145695241543
265630000,234804016,1642145695341751
265630000,233699055,1642145695441640
260630000,193194233,1642145695541790
208504000,196827599,1642145695641648
208504000,208504000,1642145695741705
208504000,152971299,1642145695841830
268504000,174298060,1642145695941828
214803000,129897085,1642145696041900
171842000,171842000,1642145696141763
171842000,171842000,1642145696241558
208371000,208371000,1642145696341679
268371000,268371000,1642145696441637
328371000,328371000,1642145696541703
388371000,247734860,1642145696641482
448371000,264301831,1642145696741567
358696000,318644202,1642145696841482
358696000,304734197,1642145696941493
353696000,207323238,1642145697038976
282956000,131724978,1642145697141717
226364000,226364000,1642145697241685
226364000,181819025,1642145697341497
286364000,236029837,1642145697441583
281364000,172663942,1642145697541548
225091000,190577452,1642145697641865
225091000,195312899,1642145697741680
220091000,210958641,1642145697841814
220091000,218566871,1642145697941715
220091000,220091000,1642145698041717
220091000,220091000,1642145698141844
280091000,280091000,1642145698241540
340091000,222598995,1642145698341496
400091000,169004716,1642145698441471
320072000,154924883,1642145698541482
256057000,158973384,1642145698641461
204845000,109780752,1642145698741731
163876000,159462082,1642145698841650
163876000,163569108,1642145698941782
223876000,223876000,1642145699041481
283876000,283876000,1642145699141486
343876000,294267592,1642145699241521
403876000,137938792,1642145699341611
323100000,253068827,1642145699441770
258480000,227252032,1642145699541484
258480000,233289392,1642145699641471
253480000,253480000,1642145699741576
253480000,253480000,1642145699841664
312424000,311173912,1642145699941601
372424000,208305606,1642145700041750
432424000,369356580,1642145700141701
427424000,325737800,1642145700241460
341939000,294597455,1642145700341862
341939000,175640479,1642145700441686
273551000,273551000,1642145700541489
273551000,231426411,1642145700641472
333551000,200993050,1642145700741775
266840000,183319513,1642145700841478
213472000,213472000,1642145700941761
213472000,213472000,1642145701041696
273472000,273472000,1642145701141484
333472000,262665823,1642145701241475
393472000,237102171,1642145701341497
314777000,314777000,1642145701441681
314777000,189303526,1642145701541827
374777000,268266902,1642145701641488
299821000,164688989,1642145701741792
239856000,218979620,1642145701841471
239856000,239856000,1642145701941485
239856000,223033578,1642145702041437
299856000,209638702,1642145702141745
239884000,239884000,1642145702241680
239884000,239884000,1642145702341459
299884000,298967251,1642145702441448
354782000,185177030,1642145702541807
283825000,208889415,1642145702641524
227060000,197070481,1642145702741773
227060000,213631953,1642145702841586
227060000,227060000,1642145702941657
227060000,227060000,1642145703041656
287060000,217889684,1642145703141474
347060000,267374791,1642145703241382
277648000,209174067,1642145703341407
222118000,170183987,1642145703441552
177694000,177694000,1642145703541446
177694000,177694000,1642145703641668
237694000,228613410,1642145703741635
297694000,186869393,1642145703841435
238155000,226589060,1642145703941605
238155000,220239653,1642145704041500
238155000,221414486,1642145704141763
238155000,228349752,1642145704241395
233155000,177168895,1642145704341367
186524000,186524000,1642145704441770
186524000,186524000,1642145704541679
246524000,246524000,1642145704641426
306524000,134343227,1642145704741379
366524000,344917314,1642145704841691
366524000,297749994,1642145704941567
361524000,249517173,1642145705041659
289219000,234879582,1642145705141430
284219000,223248710,1642145705241668
227375000,114434630,1642145705341568
181900000,181900000,1642145705441415
181900000,181900000,1642145705541610
241900000,233057631,1642145705641564
301900000,301900000,1642145705741427
301900000,222812934,1642145705841393
361900000,224343085,1642145705941664
289520000,248086512,1642145706041619
289520000,218729800,1642145706141363
231616000,231616000,1642145706241370
231616000,231616000,1642145706341362
291616000,250949892,1642145706441571
351616000,249729274,1642145706541529
281292000,261996311,1642145706641785
281292000,281292000,1642145706741657
281292000,242331736,1642145706841605
341292000,147466746,1642145706941520
273033000,222294298,1642145707041458
268033000,227485968,1642145707141390
268033000,234187184,1642145707241404
263033000,160906530,1642145707341486
210426000,199935185,1642145707441310
210426000,210426000,1642145707541351
210426000,210426000,1642145707641676
225783000,225783000,1642145707741649
225783000,225783000,1642145707841556
345783000,262457636,1642145707941316
405783000,272320074,1642145708041300
324626000,217639751,1642145708141305
259700000,259700000,1642145708241452
259700000,145166140,1642145708341610
319700000,209014844,1642145708441651
255760000,154551152,1642145708541605
204608000,167829717,1642145708641325
204608000,89375275,1642145708741625
163686000,163686000,1642145708841668
163686000,163686000,1642145708941467
223686000,223686000,1642145709041541
283686000,204117641,1642145709141585
343686000,200572803,1642145709245386
274948000,274948000,1642145709341419
274948000,274948000,1642145709441306
334948000,318987675,1642145709541371
394948000,221676626,1642145709641616
315958000,234822888,1642145709741597
252766000,121580325,1642145709841306
202212000,201918262,1642145709941286
202212000,69616449,1642145710041287
262212000,262212000,1642145710141357
262212000,256491776,1642145710241665
322212000,264183396,1642145710341352
317212000,310557428,1642145710441307
317212000,174802147,1642145710541543
253769000,253769000,1642145710641579
253769000,253769000,1642145710741289
313769000,313769000,1642145710841313
373769000,303935824,1642145710941332
433769000,270627326,1642145711041652
347015000,217819833,1642145711141542
277612000,213780115,1642145711241499
222089000,200660603,1642145711341642
222089000,195105343,1642145711441614
222089000,198708886,1642145711541443
217089000,149061008,1642145711641347
173671000,173671000,1642145711741624
173671000,170452729,1642145711841538
233671000,233671000,1642145711941494
293671000,287501925,1642145712041558
353671000,239976028,1642145712141441
282936000,267240194,1642145712241273
282936000,197187251,1642145712341284
226348000,165642603,1642145712441398
181078000,181078000,1642145712541373
181078000,152849937,1642145712641260
241078000,211040300,1642145712741230
241078000,163322792,1642145712841493
192862000,174402287,1642145712941245
192862000,101874205,1642145713041309
154289000,154289000,1642145713141467
154289000,142717330,1642145713241272
214289000,214289000,1642145713341609
214289000,214289000,1642145713441565
274289000,270309418,1642145713541469
334289000,302450502,1642145713641219
334289000,212291435,1642145713741527
267431000,228626213,1642145713841296
267431000,267431000,1642145713941425
267431000,267431000,1642145714041483
327431000,290644452,1642145714141555
346861000,237756774,1642145714241568
277488000,238200355,1642145714341586
277488000,216593388,1642145714441285
221990000,177588030,1642145714541210
177592000,177592000,1642145714641266
177592000,177592000,1642145714741430
237592000,205244826,1642145714841533
297592000,297592000,1642145714941320
297592000,255636483,1642145715041503
357592000,226351247,1642145715141344
286073000,244561914,1642145715241221
286073000,231044364,1642145715341271
281073000,281073000,1642145715441410
281073000,265553010,1642145715541417
341073000,216513681,1642145715641182
272858000,219541161,1642145715741287
267858000,206154247,1642145715841226
214286000,168746090,1642145715941423
171428000,166740415,1642145716041509
171428000,171428000,1642145716141475
171428000,171428000,1642145716241317
231428000,231428000,1642145716341209
291428000,257735056,1642145716441563
313581000,199344477,1642145716541254
250864000,226581178,1642145716641455
250864000,178608235,1642145716741412
200691000,200691000,1642145716841400
200691000,200691000,1642145716941490
260691000,192135963,1642145717041601
320691000,298790690,1642145717141203
320691000,282161720,1642145717241521
380691000,182070039,1642145717341246
304552000,173992713,1642145717441224
243641000,207303242,1642145717541131
243641000,207481937,1642145717645204
238641000,216269768,1642145717741186
298641000,250786733,1642145717841120
298641000,216916521,1642145717941544
238912000,238912000,1642145718041216
238912000,197613147,1642145718141164
238912000,174450853,1642145718241480
191129000,179412878,1642145718341513
191129000,191129000,1642145718441433
191129000,191129000,1642145718541420
251129000,211785401,1642145718641248
311129000,51497137,1642145718741393
248903000,226248332,1642145718841526
248903000,140610380,1642145718941454
199122000,199122000,1642145719041400
199122000,199122000,1642145719141503
259122000,258813505,1642145719241100
309534000,303082478,1642145719341381
369534000,247316276,1642145719441355
429534000,133755289,1642145719541138
343627000,144467457,1642145719641418
274901000,136429804,1642145719741407
219920000,116316650,1642145719841164
175936000,175936000,1642145719941234
175936000,175936000,1642145720041373
235936000,235936000,1642145720141385
295936000,295936000,1642145720241360
355936000,350092787,1642145720341205
415936000,369047088,1642145720441435
431296000,149044829,1642145720541114
345036000,250528032,1642145720641111
276028000,276028000,1642145720741196
276028000,276028000,1642145720841138
336028000,336028000,1642145720941308
396028000,200352706,1642145721041118
316822000,215068257,1642145721141345
253457000,253457000,1642145721241117
253457000,231652848,1642145721341399
313457000,185306159,1642145721441412
250765000,250765000,1642145721541516
250765000,146115455,1642145721641108
310765000,237130867,1642145721741402
248612000,215745907,1642145721841116
248612000,196172916,1642145721941160
198889000,198889000,1642145722041144
198889000,198889000,1642145722141075
258889000,223361889,1642145722241168
318889000,187297822,1642145722341098
255111000,227074766,1642145722441441
255111000,185646573,1642145722541081
204088000,204088000,1642145722641267
204088000,190665903,1642145722741383
264088000,264088000,1642145722841362
264088000,264088000,1642145722941453
324088000,294214678,1642145723041153
384088000,238910926,1642145723141140
307270000,307270000,1642145723241433
307270000,284978507,1642145723341343
367270000,195304583,1642145723441107
293816000,270717947,1642145723541060
293816000,174857610,1642145723641224
235052000,235052000,1642145723741344
235052000,235052000,1642145723841284
295052000,295052000,1642145723941328
355052000,208106567,1642145724041311
284041000,181019688,1642145724141442
227232000,182891075,1642145724241083
227232000,225771440,1642145724341030
227232000,227232000,1642145724441039
227232000,227232000,1642145724541405
287232000,285609826,1642145724641387
347232000,255028231,1642145724741244
407232000,248378267,1642145724841263
325785000,241103658,1642145724941080
260628000,225296599,1642145725041262
260628000,210131139,1642145725141295
255628000,255628000,1642145725241024
255628000,255628000,1642145725341293
315628000,206261180,1642145725441314
375628000,179313081,1642145725541257
300502000,232887168,1642145725641344
240401000,231467059,1642145725741206
240401000,237388743,1642145725841166
240401000,232418385,1642145725941385
240401000,240401000,1642145726041218
240401000,215808673,1642145726141288
300401000,148292563,1642145726241222
240320000,197424724,1642145726341027
240320000,231494732,1642145726441181
235320000,217901460,1642145726541012
235320000,235320000,1642145726641463
235320000,235320000,1642145726741327
295320000,258873868,1642145726841292
355320000,210782765,1642145726941295
284256000,117993461,1642145727041040
227404000,153199568,1642145727141264
181923000,181923000,1642145727241052
181923000,181923000,1642145727341108
241923000,241923000,1642145727440978
301923000,253257922,1642145727541103
361923000,234905126,1642145727641102
289538000,112983834,1642145727741057
231630000,231630000,1642145727841271
231630000,231630000,1642145727941016
291630000,291630000,1642145728041388
316593000,250013191,1642145728140957
326763000,238124653,1642145728241295
261410000,249704080,1642145728341044
261410000,260179068,1642145728440978
261410000,260085690,1642145728541004
261410000,220992982,1642145728641260
256410000,159936159,1642145728741247
205128000,205128000,1642145728840972
205128000,204763702,1642145728941333
265128000,215590334,1642145729041166
265128000,214257593,1642145729140975
260128000,199659001,1642145729240986
208102000,197515160,1642145729341031
208102000,208102000,1642145729441314
208102000,182649386,1642145729541202
268102000,219891346,1642145729640993
268102000,210240928,1642145729741351
214481000,214481000,1642145729838015
214481000,214481000,1642145729940984
274481000,112502694,1642145730040980
334481000,226699313,1642145730141256
267584000,267584000,1642145730241000
267584000,267584000,1642145730341250
267584000,267584000,1642145730441298
387584000,387584000,1642145730541314
447584000,277217081,1642145730641189
507584000,250808902,1642145730740944
406067000,229209621,1642145730841340
324853000,161524848,1642145730941171
259882000,220055810,1642145731041304
259882000,259882000,1642145731140955
259882000,259882000,1642145731241150
319882000,310470610,1642145731340930
319882000,209044993,1642145731441156
379882000,129566493,1642145731538098
303905000,143956463,1642145731640908
243124000,218048987,1642145731740931
243124000,132349112,1642145731841999
194499000,154245860,1642145731941215
155599000,155599000,1642145732041120
155599000,155599000,1642145732141229
215599000,215599000,1642145732241104
275599000,275599000,1642145732341278
335599000,335599000,1642145732440915
395599000,371875086,1642145732540952
455599000,99103548,1642145732641193
364479000,112348218,1642145732741095
291583000,291583000,1642145732841160
291583000,268015849,1642145732941213
351583000,296812962,1642145733041118
346583000,346583000,1642145733141035
346583000,346583000,1642145733241172
402537000,132676364,1642145733340975
451441000,450547783,1642145733440922
451441000,217861178,1642145733541134
361152000,319177952,1642145733640938
361152000,361152000,1642145733741256
361152000,361152000,1642145733840918
361152000,361152000,1642145733941126
441554000,214732560,1642145734041271
441882000,348962561,1642145734140970
353505000,223871741,1642145734241007
282804000,257173941,1642145734341033
282804000,268061910,1642145734440894
282804000,231188375,1642145734541267
277804000,198228912,1642145734641010
222243000,207500603,1642145734740915
222243000,222243000,1642145734841135
222243000,222243000,1642145734940898
282243000,226599391,1642145735041049
290054000,223417041,1642145735140898
232043000,206047030,1642145735240882
232043000,219737250,1642145735341191
232043000,228867140,1642145735440878
232043000,220243835,1642145735541203
227043000,223903831,1642145735640867
227043000,227043000,1642145735740917
287043000,239508520,1642145735840881
347043000,264308346,1642145735941071
277634000,215242547,1642145736041052
222107000,193839007,1642145736141164
222107000,153975374,1642145736241144
177685000,177685000,1642145736341213
177685000,177685000,1642145736440968
237685000,176915326,1642145736541084
297685000,297685000,1642145736640855
297685000,297685000,1642145736741161
357685000,260632255,1642145736841121
417685000,265543513,1642145736941006
334148000,204430550,1642145737041117
267318000,254300095,1642145737141103
267318000,267318000,1642145737240862
267318000,267318000,1642145737341088
267318000,267318000,1642145737440830
291109000,275669349,1642145737540826
351109000,230014275,1642145737641215
280887000,168685401,1642145737740884
224709000,176681306,1642145737841165
179767000,179767000,1642145737941224
179767000,176523854,1642145738040925
239767000,171345717,1642145738141064
191813000,92229934,1642145738240945
153450000,153450000,1642145738340803
153450000,153450000,1642145738440832
213450000,212750788,1642145738540838
273450000,273450000,1642145738641148
333450000,202440054,1642145738741001
365731000,259449267,1642145738840795
292584000,143268409,1642145738940810
234067000,215961740,1642145739041031
234067000,168077724,1642145739140977
187253000,187253000,1642145739240830
187253000,168210418,1642145739340897
247253000,219434340,1642145739440976
247253000,141146725,1642145739540993
197802000,137667719,1642145739640964
158241000,158241000,1642145739740995
158241000,154516492,1642145739841008
218241000,201082740,1642145739941041
218241000,218241000,1642145740040830
218241000,218241000,1642145740141001
278241000,278241000,1642145740240824
338241000,336350591,1642145740340926
398241000,328236622,1642145740440866
458241000,398135920,1642145740540913
453241000,314314708,1642145740641012
362592000,292303594,1642145740741073
357592000,234213677,1642145740840842
286073000,198468324,1642145740940956
228858000,228858000,1642145741041090
228858000,228858000,1642145741140808
288858000,247158724,1642145741241142
348858000,153714372,1642145741340791
279086000,163850164,1642145741440806
223268000,188817192,1642145741540888
223268000,223268000,1642145741640988
223268000,176887043,1642145741741103
283268000,204389880,1642145741841906
226614000,222555926,1642145741941066
226614000,225937533,1642145742040950
226614000,226614000,1642145742141146
226614000,224067663,1642145742240784
286614000,157932746,1642145742340895
229291000,229291000,1642145742440990
229291000,229291000,1642145742541129
289291000,289291000,1642145742640968
349291000,320854029,1642145742741044
409291000,262819887,1642145742840973
327432000,251262368,1642145742940979
261945000,236132459,1642145743040760
261945000,184379515,1642145743141008
209556000,177638855,1642145743241118
209556000,209556000,1642145743340994
209556000,199570104,1642145743438668
269556000,144014925,1642145743540782
215644000,214706079,1642145743640991
215644000,159474570,1642145743741053
172515000,172515000,1642145743840845
172515000,172515000,1642145743940726
232515000,232515000,1642145744040998
292515000,241020802,1642145744140731
352515000,237568891,1642145744240984
282012000,188520581,1642145744340698
225609000,225323712,1642145744440733
225609000,207718244,1642145744540728
225609000,225609000,1642145744640737
225609000,211359824,1642145744740700
285609000,250000363,1642145744841003
285609000,242004223,1642145744940736
280609000,214746058,1642145745040979
224487000,195714196,1642145745140752
224487000,204310373,1642145745240961
224487000,224487000,1642145745340722
224487000,224487000,1642145745440942
283379000,280928348,1642145745540750
334790000,240771976,1642145745641015
394790000,154687473,1642145745740964
315832000,305016349,1642145745840716
315832000,227387302,1642145745940972
252665000,209144073,1642145746040800
252665000,213515957,1642145746140965
247665000,224059722,1642145746240885
247665000,213294554,1642145746340945
242665000,131639575,1642145746440675
194132000,194132000,1642145746540694
194132000,144728967,1642145746640998
254132000,254132000,1642145746740755
254132000,244629299,1642145746840699
314132000,185093510,1642145746941067
251305000,172738948,1642145747040874
201044000,201044000,1642145747140937
201044000,201044000,1642145747240758
261044000,230798286,1642145747341056
321044000,156388694,1642145747441042
256835000,215323661,1642145747540749
256835000,249585556,1642145747640688
256835000,256835000,1642145747740657
256835000,256835000,1642145747840899
316835000,316835000,1642145747940980
376835000,283102662,1642145748040790
436835000,249957960,1642145748140869
349468000,235526169,1642145748240801
279574000,203047344,1642145748340962
223659000,168424398,1642145748440718
178927000,178927000,1642145748540684
178927000,178927000,1642145748640959
238927000,152290803,1642145748740679
298927000,298927000,1642145748840847
298927000,228272095,1642145748940873
358927000,161470437,1642145749040645
287141000,210282845,1642145749140829
229712000,213009157,1642145749241034
229712000,229712000,1642145749340762
229712000,229712000,1642145749440821
289712000,289712000,1642145749540760
349712000,222082637,1642145749640619
409712000,195906968,1642145749740818
327769000,240367776,1642145749840603
262215000,238859699,1642145749940694
262215000,262215000,1642145750040646
262215000,223234345,1642145750140631
302914000,206562109,1642145750240636
242331000,219651486,1642145750340863
242331000,163313329,1642145750440989
193864000,193864000,1642145750540828
193864000,193864000,1642145750640906
253864000,175324041,1642145750740803
313864000,228888711,1642145750840777
251091000,215669460,1642145750940685
251091000,163991655,1642145751040856
200872000,200872000,1642145751140959
200872000,145453580,1642145751241016
260872000,260872000,1642145751340588
260872000,249970669,1642145751440609
320872000,231050293,1642145751540826
256697000,151796222,1642145751640981
205357000,205357000,1642145751740912
205357000,205357000,1642145751840690
265357000,234006199,1642145751940969
325357000,170658320,1642145752040600
260285000,213351274,1642145752140800
260285000,192905030,1642145752240619
208228000,208228000,1642145752340821
208228000,208228000,1642145752440645
268228000,190260531,1642145752538572
328228000,212065065,1642145752640621
262582000,262582000,1642145752740880
262582000,115873286,1642145752840607
322582000,201268121,1642145752940836
258065000,212679697,1642145753040865
258065000,215208944,1642145753140958
253065000,216351671,1642145753240925
253065000,220992264,1642145753340854
248065000,126829717,1642145753441014
198452000,198452000,1642145753540954
198452000,198452000,1642145753640829
258452000,258452000,1642145753740806
318452000,174801014,1642145753840582
342911000,205796998,1642145753940568
274328000,157430450,1642145754040660
219462000,219462000,1642145754140605
219462000,219462000,1642145754240630
279462000,175506406,1642145754340570
339462000,225097143,1642145754440857
271569000,229879167,1642145754540956
271569000,238642661,1642145754640963
266569000,266569000,1642145754740554
266569000,237875242,1642145754840825
326569000,188298247,1642145754940916
261255000,227717122,1642145755040563
261255000,146503508,1642145755140570
209004000,151333975,1642145755240591
167203000,143250551,1642145755340792
167203000,167203000,1642145755440555
167203000,167203000,1642145755540918
227203000,227203000,1642145755640642
287203000,287203000,1642145755740574
347203000,108055083,1642145755840524
407203000,231859653,1642145755940602
325762000,325762000,1642145756040566
325762000,128064855,1642145756140533
385762000,253550552,1642145756240735
308609000,274296218,1642145756340822
308609000,296624216,1642145756440555
308609000,181622937,1642145756540762
246887000,229941275,1642145756640886
246887000,154310522,1642145756740804
197509000,197509000,1642145756840793
197509000,197509000,1642145756940781
257509000,190713148,1642145757040764
317509000,228191053,1642145757140883
254007000,202775941,1642145757240570
203205000,202729685,1642145757340503
203205000,203205000,1642145757440742
203205000,203205000,1642145757540539
239546000,239546000,1642145757640869
250691000,250691000,1642145757740605
310691000,206326355,1642145757840709
248552000,236619130,1642145757940609
248552000,248552000,1642145758040512
248552000,248552000,1642145758140734
308552000,308552000,1642145758240666
368552000,319523053,1642145758340470
428552000,128000992,1642145758440801
342841000,191244791,1642145758540809
274272000,175666423,1642145758640725
219417000,219417000,1642145758740873
219417000,219417000,1642145758840778
219417000,219417000,1642145758940883
219417000,219417000,1642145759040703
332295000,332295000,1642145759140501
392295000,305213436,1642145759240538
452295000,452295000,1642145759340679
452295000,276251044,1642145759440695
512295000,176242223,1642145759540530
409836000,210778131,1642145759640550
327868000,135895230,1642145759740659
262294000,262294000,1642145759840901
262294000,247625183,1642145759940492
291710000,273911772,1642145760040883
291710000,189730798,1642145760140494
233368000,233368000,1642145760240516
233368000,233368000,1642145760340503
293368000,282611438,1642145760440714
353368000,268455186,1642145760540763
282694000,275676200,1642145760640720
282694000,282694000,1642145760740816
282694000,186380164,1642145760840606
342694000,129561718,1642145760940553
274155000,236581565,1642145761040899
274155000,274155000,1642145761140775
274155000,274155000,1642145761240648
334155000,248488883,1642145761340677
394155000,159315423,1642145761440432
315324000,256001906,1642145761540673
310324000,152752070,1642145761640428
248259000,246967206,1642145761740518
248259000,210586375,1642145761840501
248259000,244715645,1642145761940455
248259000,227234312,1642145762040664
243259000,230634223,1642145762140385
243259000,158050420,1642145762240696
194607000,194607000,1642145762340736
194607000,194607000,1642145762440462
254607000,252957840,1642145762540810
314607000,226386886,1642145762640720
251685000,208777268,1642145762740780
251685000,174567114,1642145762840685
201348000,181641102,1642145762940722
201348000,201348000,1642145763040399
201348000,201348000,1642145763140758
261348000,261348000,1642145763240477
321348000,287470200,1642145763340587
381348000,190764316,1642145763440680
305078000,188493059,1642145763540695
244062000,244062000,1642145763640400
244062000,229328372,1642145763740390
304062000,189401969,1642145763840619
243249000,239386322,1642145763940511
243249000,165106873,1642145764040568
303249000,134174154,1642145764144549
242599000,134512314,1642145764240426
194079000,165414179,1642145764340744
194079000,194079000,1642145764440702
194079000,194079000,1642145764540719
254079000,238022017,1642145764640381
314079000,173605097,1642145764740420
251263000,251263000,1642145764840614
251263000,251263000,1642145764940748
311263000,238423607,1642145765040649
249010000,138722917,1642145765140572
199208000,160710753,1642145765240553
199208000,199208000,1642145765340439
199208000,199208000,1642145765440753
259208000,259208000,1642145765540433
319208000,319208000,1642145765640577
379208000,379208000,1642145765740427
439208000,377270451,1642145765840613
499208000,381055801,1642145765940403
399366000,297618731,1642145766040662
319492000,319244582,1642145766140348
319492000,239622513,1642145766240363
379492000,287276197,1642145766340391
303593000,224183251,1642145766440669
242874000,228179257,1642145766540377
242874000,242874000,1642145766640408
242874000,242874000,1642145766740598
302874000,302874000,1642145766840511
362874000,217476217,1642145766940434
422874000,229573927,1642145767040354
338299000,217642828,1642145767140657
270639000,258772202,1642145767240651
270639000,270639000,1642145767340692
270639000,255386920,1642145767440568
330639000,161731253,1642145767540389
264511000,232012311,1642145767640593
264511000,229821338,1642145767740482
259511000,259511000,1642145767840712
259511000,176711095,1642145767940344
319511000,256799264,1642145768040616
314511000,225491148,1642145768140500
251608000,184445486,1642145768240699
201286000,132470213,1642145768340412
161028000,161028000,1642145768440543
161028000,161028000,1642145768540609
221028000,195632024,1642145768640386
281028000,281028000,1642145768740474
281028000,281028000,1642145768840712
341028000,341028000,1642145768940365
401028000,401028000,1642145769040557
461028000,429000975,1642145769140512
521028000,190079161,1642145769240572
416822000,321364935,1642145769340513
333457000,223571586,1642145769440312
266765000,96888897,1642145769540551
213412000,157388972,1642145769640292
170729000,170729000,1642145769740319
170729000,170729000,1642145769840353
230729000,230729000,1642145769940418
290729000,207412985,1642145770040330
350729000,229424071,1642145770140658
280583000,216354630,1642145770240352
224466000,224466000,1642145770340407
224466000,221326416,1642145770438768
284466000,208142132,1642145770540345
344466000,265235039,1642145770640548
275572000,267755877,1642145770740511
275572000,157717159,1642145770840643
220457000,220457000,1642145770940342
220457000,203165126,1642145771040408
280457000,164399050,1642145771140534
224365000,174090479,1642145771240654
179492000,179492000,1642145771340616
179492000,179492000,1642145771440482
239492000,175807089,1642145771540513
299492000,297458865,1642145771640320
299492000,245922529,1642145771740565
294492000,289365606,1642145771840302
294492000,294492000,1642145771940628
294492000,210439167,1642145772040274
235593000,182706651,1642145772140245
188474000,144328361,1642145772240662
150779000,150779000,1642145772340523
150779000,150779000,1642145772440489
210779000,137887337,1642145772540345
270779000,270779000,1642145772640606
270779000,270779000,1642145772740302
270779000,197481053,1642145772840617
381289000,231034987,1642145772940451
305031000,273807039,1642145773040473
305031000,187517952,1642145773140623
244024000,244024000,1642145773240432
244024000,244024000,1642145773340298
254255000,254255000,1642145773440483
314255000,176401573,1642145773540306
374255000,250621183,1642145773640564
299404000,203282633,1642145773740221
239523000,239523000,1642145773840210
239523000,184889728,1642145773940643
299523000,263306918,1642145774040286
299523000,220842988,1642145774140584
239618000,227011202,1642145774240280
239618000,223023000,1642145774340557
239618000,200933148,1642145774440230
234618000,165017724,1642145774540464
187694000,187694000,1642145774640543
187694000,187694000,1642145774740509
247694000,238337158,1642145774840260
276439000,276439000,1642145774940232
276439000,248052172,1642145775041010
336439000,151932181,1642145775140270
269151000,151123500,1642145775240494
215320000,213644705,1642145775340327
215320000,186991297,1642145775440411
275320000,203826447,1642145775540405
220256000,208623179,1642145775640518
220256000,220256000,1642145775740564
220256000,220256000,1642145775844417
280256000,280256000,1642145775940374
340256000,236175496,1642145776040284
400256000,141631897,1642145776140528
320204000,196951444,1642145776240176
256163000,129546039,1642145776340167
204930000,204930000,1642145776440522
204930000,204930000,1642145776540550
264930000,218930702,1642145776640299
275754000,240171401,1642145776740176
275754000,275754000,1642145776840384
275754000,275754000,1642145776940214
335754000,335754000,1642145777040200
395754000,395754000,1642145777140378
455754000,362118572,1642145777240338
364603000,309790785,1642145777340271
359603000,219322029,1642145777440483
287682000,168165949,1642145777540405
230145000,168435687,1642145777640155
184116000,167830857,1642145777740168
184116000,165734288,1642145777840421
184116000,184116000,1642145777940230
184116000,184116000,1642145778040251
244116000,244116000,1642145778140499
304116000,154095341,1642145778240235
364116000,215324176,1642145778340284
291292000,249221300,1642145778440153
291292000,270827903,1642145778540414
286292000,240600090,1642145778640426
286292000,284955304,1642145778740515
286292000,268446103,1642145778840511
346292000,241779334,1642145778940234
277033000,188999617,1642145779040207
221626000,127790739,1642145779140120
177300000,177300000,1642145779240204
177300000,177300000,1642145779340196
237300000,237300000,1642145779440198
297300000,216939772,1642145779540493
357300000,226129336,1642145779640443
285840000,237150880,1642145779740496
285840000,284871618,1642145779840366
285840000,252000903,1642145779940331
345840000,211102320,1642145780040205
276672000,237726421,1642145780137420
276672000,193581537,1642145780240480
221337000,221298801,1642145780340149
221337000,221337000,1642145780440391
221337000,221337000,1642145780540153
281337000,280550336,1642145780640064
341337000,298260017,1642145780740152
341337000,147847228,1642145780840374
273069000,273069000,1642145780940124
273069000,273069000,1642145781040470
333069000,179498539,1642145781140381
393069000,240754696,1642145781240439
314455000,148822970,1642145781340317
251564000,251564000,1642145781440181
251564000,216876623,1642145781540445
311564000,225686881,1642145781640384
249251000,160323083,1642145781740114
199400000,137885400,1642145781841068
159520000,159520000,1642145781940467
159520000,159520000,1642145782040325
219520000,218997670,1642145782140215
279520000,116635624,1642145782240067
223616000,223616000,1642145782340325
223616000,223616000,1642145782440387
283616000,283616000,1642145782540565
305061000,305061000,1642145782640151
339547000,260481537,1642145782740369
271637000,271637000,1642145782840348
271637000,271637000,1642145782940351
331637000,331637000,1642145783040106
391637000,199752475,1642145783140224
451637000,272429209,1642145783240101
361309000,281959100,1642145783340430
289047000,275984156,1642145783440132
289047000,281227282,1642145783540319
289047000,211317924,1642145783640065
231237000,201748858,1642145783740123
231237000,231237000,1642145783840083
231237000,227802069,1642145783940345
291237000,238961934,1642145784040130
286237000,236827531,1642145784140084
286237000,283729911,1642145784240329
281237000,225576028,1642145784340382
341237000,288923144,1642145784440083
336237000,243661224,1642145784540308
268989000,241001960,1642145784640268
268989000,225562933,1642145784740213
263989000,240534505,1642145784840328
263989000,220950062,1642145784940396
258989000,225943637,1642145785040242
258989000,258989000,1642145785140084
258989000,258989000,1642145785240451
318989000,252678726,1642145785340274
378989000,246882485,1642145785440067
303191000,138229798,1642145785540313
242552000,242552000,1642145785640354
242552000,242552000,1642145785740269
302552000,302552000,1642145785840020
362552000,137158307,1642145785940387
422552000,338311523,1642145786040288
417552000,228618896,1642145786140111
334041000,219518115,1642145786240083
267232000,229206524,1642145786340070
267232000,221798727,1642145786440273
262232000,203648533,1642145786540155
209785000,165035121,1642145786640134
167828000,167828000,1642145786740315
167828000,167828000,1642145786840347
227828000,162376009,1642145786940153
287828000,269730511,1642145787040300
287828000,221644387,1642145787140046
230262000,230262000,1642145787240167
230262000,177991768,1642145787340028
290262000,260746829,1642145787440205
290262000,253640965,1642145787540122
285262000,223850810,1642145787640121
228209000,228209000,1642145787740270
228209000,228209000,1642145787840387
288209000,176718263,1642145787940205
348209000,185917415,1642145788040246
278567000,277734562,1642145788140352
278567000,278567000,1642145788240155
278567000,208178239,1642145788339980
302448000,285209575,1642145788440000
302448000,267787498,1642145788540054
297448000,243171102,1642145788640070
292448000,226828478,1642145788740203
233958000,233958000,1642145788840434
233958000,233958000,1642145788940259
293958000,195101320,1642145789040007
235166000,235166000,1642145789137208
235166000,194301342,1642145789240185
295166000,249671912,1642145789339993
295166000,166632102,1642145789440240
236132000,235114270,1642145789540207
236132000,236132000,1642145789640142
296132000,212241580,1642145789740027
356132000,74561763,1642145789840299
284905000,264630315,1642145789940242
284905000,284905000,1642145790040074
284905000,211170559,1642145790140317
344905000,256911370,1642145790239976
275924000,104667865,1642145790340033
220739000,190986451,1642145790440140
220739000,164101779,1642145790540260
176591000,138169409,1642145790640356
141272000,141272000,1642145790739956
141272000,141272000,1642145790839986
201272000,201272000,1642145790940003
261272000,261272000,1642145791040179
321272000,199486541,1642145791140048
381272000,381272000,1642145791239933
381272000,234612018,1642145791339958
398859000,240807917,1642145791440274
319087000,113808965,1642145791539944
255269000,214892029,1642145791640236
255269000,174158124,1642145791739980
204215000,141068934,1642145791840044
163372000,163372000,1642145791939953
163372000,163372000,1642145792039985
223372000,223372000,1642145792140234
283372000,231707636,1642145792240127
343372000,154660560,1642145792340196
274697000,237114257,1642145792439934
274697000,133151187,1642145792540065
219757000,219305787,1642145792640323
219757000,219757000,1642145792739935
219757000,219757000,1642145792839952
279757000,252815663,1642145792940096
279757000,209571200,1642145793040240
339757000,267907855,1642145793140105
271805000,223561957,1642145793240169
271805000,152506208,1642145793339899
217444000,180394379,1642145793440315
217444000,206673901,1642145793540169
217444000,217444000,1642145793640231
217444000,217444000,1642145793740075
277444000,221723797,1642145793839906
337444000,190686299,1642145793939892
269955000,131214020,1642145794040177
215964000,215964000,1642145794140249
215964000,215964000,1642145794239963
275964000,275964000,1642145794340106
335964000,247064907,1642145794440184
395964000,327757379,1642145794539944
390964000,293342755,1642145794639916
312771000,308679282,1642145794739897
312771000,298891504,1642145794840103
366853000,233468600,1642145794939906
293482000,267061647,1642145795040133
293482000,264451420,1642145795140082
288482000,220526257,1642145795239883
230785000,230785000,1642145795339943
230785000,230785000,1642145795439955
290785000,210949393,1642145795539977
350785000,221258442,1642145795639900
280628000,151960447,1642145795740205
224502000,162575223,1642145795840204
179601000,179601000,1642145795939811
179601000,169332652,1642145796040055
239601000,152027844,1642145796140110
191680000,166209065,1642145796240077
191680000,189302161,1642145796340118
191680000,191680000,1642145796439872
251680000,130933187,1642145796539881
311680000,86746138,1642145796640109
249344000,239518426,1642145796739824
249344000,211300234,1642145796840078
249344000,244901854,1642145796940086
244344000,227902275,1642145797039835
244344000,166959194,1642145797139872
195475000,194937832,1642145797240174
195475000,195475000,1642145797340112
195475000,195475000,1642145797439987
255475000,255475000,1642145797539955
315475000,315475000,1642145797640185
375475000,286496758,1642145797740046
435475000,245858182,1642145797840135
348380000,104552458,1642145797939885
278704000,224471370,1642145798039948
273704000,228536231,1642145798140023
273704000,165642648,1642145798240031
218963000,216708675,1642145798340135
218963000,218963000,1642145798439845
278963000,278963000,1642145798539836
338963000,338963000,1642145798640123
398963000,369519834,1642145798740032
426297000,416332525,1642145798840018
426297000,309565245,1642145798940159
464846000,220577260,1642145799040158
371876000,258299108,1642145799140052
297500000,210235767,1642145799240034
238000000,238000000,1642145799339815
238000000,238000000,1642145799439810
297416000,273860094,1642145799539889
329514000,256046822,1642145799639975
263611000,191136064,1642145799739817
210888000,210888000,1642145799840169
210888000,210888000,1642145799940075
270888000,136775532,1642145800040081
330888000,298964325,1642145800139885
330888000,152340154,1642145800240013
264710000,241430782,1642145800339843
264710000,199565088,1642145800439996
211768000,211768000,1642145800540004
211768000,211768000,1642145800640031
271768000,242648234,1642145800739811
331768000,108134438,1642145800840109
265414000,149646597,1642145800939897
212331000,209890566,1642145801039766
212331000,149721690,1642145801140126
169864000,169292058,1642145801240026
169864000,169864000,1642145801339794
229864000,228096088,1642145801439742
289864000,214268568,1642145801539869
231891000,231891000,1642145801639923
231891000,230512029,1642145801743762
291891000,237282154,1642145801839817
286891000,171142768,1642145801939967
229512000,227799059,1642145802039778
229512000,166889517,1642145802139970
183609000,183609000,1642145802239906
183609000,183609000,1642145802339991
243609000,224077231,1642145802440037
303609000,214619750,1642145802540110
242887000,242887000,1642145802640099
242887000,241974709,1642145802740088
262397000,175135318,1642145802839979
322397000,209696268,1642145802939791
257917000,169564186,1642145803040007
206333000,157138747,1642145803139996
165066000,165066000,1642145803240025
165066000,144846299,1642145803339888
225066000,134923402,1642145803440027
180052000,180052000,1642145803540045
180052000,180052000,1642145803640106
240052000,240052000,1642145803739754
300052000,300052000,1642145803840019
360052000,271593947,1642145803939742
420052000,228997486,1642145804039971
336041000,332041000,1642145804139983
336041000,259545899,1642145804240110
396041000,255168672,1642145804339766
316832000,305818661,1642145804440009
316832000,200204993,1642145804540093
253465000,148485502,1642145804639938
202772000,174934013,1642145804739714
202772000,202772000,1642145804839740
202772000,201139098,1642145804940032
262772000,262772000,1642145805039911
262772000,143384397,1642145805139806
322772000,220916754,1642145805240094
258217000,205029765,1642145805339938
206573000,186911921,1642145805440103
206573000,206573000,1642145805539746
206573000,158078794,1642145805639733
266573000,220714543,1642145805739827
266573000,200142713,1642145805839709
213258000,213258000,1642145805939891
213258000,184950453,1642145806039983
273258000,172671827,1642145806140045
218606000,123284568,1642145806239934
174884000,174884000,1642145806339695
174884000,174884000,1642145806439920
234884000,234884000,1642145806539712
294884000,289644560,1642145806639884
354884000,198323496,1642145806739847
283907000,189877316,1642145806839653
227125000,161002179,1642145806939942
181700000,132348876,1642145807040005
145360000,145360000,1642145807140083
145360000,145360000,1642145807240074
205360000,205360000,1642145807340020
265360000,265360000,1642145807440017
325360000,272031770,1642145807539862
385360000,235401239,1642145807639935
308288000,54914564,1642145807739898
246630000,114560131,1642145807839764
197304000,197304000,1642145807939678
197304000,197304000,1642145808039960
257304000,257304000,1642145808139995
317304000,317304000,1642145808239699
377304000,269729865,1642145808339916
437304000,123299745,1642145808439700
349843000,226889007,1642145808539902
279874000,279874000,1642145808640009
279874000,279874000,1642145808739952
339874000,339874000,1642145808839922
399874000,382307974,1642145808939936
428904000,268539032,1642145809040005
343123000,215732456,1642145809139644
274498000,274498000,1642145809239668
274498000,241657929,1642145809339643
274498000,185737412,1642145809439846
219598000,204030255,1642145809539922
219598000,219598000,1642145809639885
219598000,219598000,1642145809740001
279598000,154477922,1642145809839940
339598000,164670182,1642145809940023
271678000,132727434,1642145810039681
217342000,217342000,1642145810139830
217342000,217342000,1642145810239978
277342000,190865788,1642145810339713
337342000,327882581,1642145810439802
337342000,273301848,1642145810539861
332342000,188968663,1642145810639978
265873000,213464350,1642145810739815
260873000,214179494,1642145810839931
260873000,211396419,1642145810939698
255873000,255873000,1642145811039833
255873000,255873000,1642145811139983
315873000,170657001,1642145811239863
375873000,234138279,1642145811339808
300698000,154804134,1642145811439602
240558000,238256340,1642145811539610
240558000,172491682,1642145811639618
192446000,170176408,1642145811739641
192446000,192446000,1642145811839765
192446000,192446000,1642145811940051
252446000,252446000,1642145812039621
312446000,259847832,1642145812139591
372446000,220321888,1642145812239853
297956000,260039103,1642145812339837
297956000,258159141,1642145812439919
292956000,190503667,1642145812539572
234364000,167039761,1642145812639843
