33906000,33906000,1642145688069884
93906000,72436907,1642145688169724
153906000,48801891,1642145688269893
123124000,53954878,1642145688369920
98499000,83341582,1642145688465957
98499000,98499000,1642145688569880
98499000,78672011,1642145688670010
158499000,35205106,1642145688766199
126799000,112738524,1642145688869955
126799000,115490592,1642145688970120
126799000,116624532,1642145689069872
126799000,117749190,1642145689169694
126799000,103087473,1642145689269781
121799000,108233927,1642145689369632
121799000,120227887,1642145689469558
121799000,84198494,1642145689569861
97439000,62053318,1642145689669991
77951000,63346809,1642145689770014
77951000,77951000,1642145689869748
77951000,77951000,1642145689969906
137951000,95523944,1642145690069901
197951000,60156031,1642145690169556
158360000,69356036,1642145690269751
126688000,45292650,1642145690365839
101350000,98021202,1642145690469997
101350000,64489994,1642145690569909
81080000,81080000,1642145690670016
81080000,81080000,1642145690769883
141080000,116818070,1642145690869734
201080000,53752101,1642145690969848
160864000,77724723,1642145691069665
128691000,101717294,1642145691169547
102952000,55637503,1642145691269512
82361000,82361000,1642145691369508
82361000,73908213,1642145691469787
142361000,121818014,1642145691569984
142361000,58740761,1642145691669557
113888000,93068834,1642145691769851
113888000,63631738,1642145691869917
91110000,73183768,1642145691969855
91110000,65952625,1642145692069702
151110000,79045647,1642145692169492
120888000,66871835,1642145692269485
96710000,78231207,1642145692369490
96710000,84621017,1642145692469545
96710000,61270732,1642145692569829
156710000,61120438,1642145692669548
125368000,50185819,1642145692769550
100294000,75319757,1642145692869856
80235000,57891276,1642145692969488
64188000,64188000,1642145693069833
64188000,64188000,1642145693169533
124188000,65557956,1642145693269779
146197000,85111502,1642145693369589
116957000,107210956,1642145693469556
116957000,63871743,1642145693565730
93565000,93109983,1642145693669791
93565000,91380538,1642145693769688
153565000,54817707,1642145693869649
213565000,69217697,1642145693969807
170852000,85072638,1642145694069740
136681000,79398017,1642145694169515
109344000,43202144,1642145694269524
87475000,53236381,1642145694369540
69980000,50095686,1642145694469441
55984000,55984000,1642145694569509
55984000,43769877,1642145694669435
115984000,32261940,1642145694769444
175984000,77831954,1642145694869805
140787000,84389617,1642145694969887
112629000,91180579,1642145695065779
112629000,107412158,1642145695169852
112629000,108540675,1642145695269473
112629000,49220704,1642145695365675
90103000,90103000,1642145695469439
90103000,49975709,1642145695569428
150103000,94677028,1642145695665672
120082000,119119490,1642145695769517
120082000,99170400,1642145695869741
180082000,81812353,1642145695969457
144065000,55869530,1642145696069429
115252000,72433594,1642145696169622
92201000,34699466,1642145696269630
73760000,44743783,1642145696369785
59008000,48116412,1642145696469673
59008000,59008000,1642145696569461
59008000,58287745,1642145696669789
119008000,56897831,1642145696773566
95206000,94177605,1642145696865696
95206000,95206000,1642145696970023
121529000,121529000,1642145697069858
121529000,92041505,1642145697169770
131432000,79217424,1642145697269669
105145000,78101460,1642145697369438
84116000,84116000,1642145697469745
84116000,70672461,1642145697569393
144116000,106003381,1642145697669476
115292000,79094532,1642145697769400
92233000,66958573,1642145697869461
73786000,73786000,1642145697969481
73786000,71266150,1642145698069730
133786000,74760127,1642145698169706
107028000,107028000,1642145698265700
107028000,67138234,1642145698369434
167028000,79425709,1642145698469483
133622000,55112448,1642145698569403
106897000,81129454,1642145698669400
85517000,44627786,1642145698765872
68413000,65750435,1642145698869823
68413000,53526985,1642145698969439
128413000,38861167,1642145699069543
102730000,47055379,1642145699169822
82184000,82184000,1642145699269730
82184000,82184000,1642145699369588
142184000,99837468,1642145699469500
202184000,63571060,1642145699569366
161747000,88746103,1642145699669704
129397000,108702980,1642145699769834
129397000,60852356,1642145699869652
103517000,65209159,1642145699969344
82813000,49630511,1642145700066104
66250000,62064638,1642145700169367
66250000,66250000,1642145700269358
126250000,106370259,1642145700365732
186250000,45436061,1642145700469348
149000000,91655651,1642145700569337
119200000,96025004,1642145700669362
119200000,87287017,1642145700769359
95360000,66488820,1642145700869780
76288000,76288000,1642145700969712
76288000,76288000,1642145701069770
136288000,52391632,1642145701169709
196288000,96832448,1642145701269424
157030000,76158320,1642145701369709
125624000,102966291,1642145701469469
125624000,58185951,1642145701569631
100499000,92567676,1642145701669700
100499000,85216594,1642145701769559
100499000,57390235,1642145701869743
160499000,47595599,1642145701969665
128399000,57093610,1642145702069567
102719000,102719000,1642145702169575
102719000,80829440,1642145702269616
162719000,111835772,1642145702369592
130175000,55802587,1642145702469702
104140000,84055668,1642145702569409
104140000,69411563,1642145702669609
83312000,77346203,1642145702769761
83312000,65960493,1642145702866051
66649000,66649000,1642145702969740
66649000,66649000,1642145703069409
126649000,49518150,1642145703169343
186649000,100447128,1642145703269425
149319000,80011037,1642145703365570
119455000,53637791,1642145703469763
95564000,86780184,1642145703569336
95564000,56057306,1642145703669633
76451000,46271066,1642145703769349
61160000,61160000,1642145703869341
61160000,61160000,1642145703969333
121160000,60683240,1642145704069327
181160000,84538572,1642145704165695
144928000,115346091,1642145704269595
115942000,50044131,1642145704369636
92753000,57475980,1642145704469487
74202000,61965960,1642145704569361
74202000,63496242,1642145704665720
74202000,74202000,1642145704769303
74202000,72304626,1642145704865895
134202000,117185086,1642145704969601
181294000,60858222,1642145705065617
145035000,85934630,1642145705169533
116028000,97352008,1642145705269586
116028000,54946461,1642145705369289
92822000,69422909,1642145705469685
74257000,53811296,1642145705569286
59405000,59195629,1642145705669473
59405000,59405000,1642145705769551
59405000,59405000,1642145705869312
119405000,65010110,1642145705969555
179405000,106685423,1642145706069504
143524000,88434551,1642145706169655
114819000,72700755,1642145706269507
91855000,83611236,1642145706369376
91855000,90120487,1642145706469250
91855000,76341171,1642145706569239
91855000,91855000,1642145706669255
91855000,91855000,1642145706769701
151855000,122200222,1642145706869439
211855000,84008056,1642145706969530
169484000,66778532,1642145707069727
135587000,100259607,1642145707169321
108469000,106382581,1642145707269537
108469000,73059574,1642145707369476
168469000,76948177,1642145707469448
134775000,93683847,1642145707569259
107820000,95456721,1642145707669267
107820000,94232964,1642145707766230
107820000,73106398,1642145707869220
86256000,53987879,1642145707969545
69004000,69004000,1642145708065834
69004000,69004000,1642145708169484
129004000,66225927,1642145708269297
189004000,84123534,1642145708369637
151203000,147404549,1642145708469413
151203000,90298630,1642145708569261
211203000,43208488,1642145708669632
168962000,37794882,1642145708769593
135169000,52642621,1642145708869669
108135000,51273274,1642145708969478
86508000,32765173,1642145709065579
69206000,69206000,1642145709169613
69206000,69206000,1642145709269206
129206000,109707785,1642145709365760
141314000,101565530,1642145709469207
113051000,62916129,1642145709569655
90440000,67583423,1642145709669199
72352000,72352000,1642145709765537
72352000,42397220,1642145709869192
132352000,92223682,1642145709969363
105881000,44555598,1642145710069687
84704000,77688858,1642145710169452
84704000,76919588,1642145710269223
84704000,84704000,1642145710369429
119139000,72324740,1642145710469595
139217000,75069305,1642145710569482
111373000,63259154,1642145710669376
89098000,74965058,1642145710769556
89098000,85975541,1642145710869566
89098000,69829993,1642145710969195
71278000,71278000,1642145711069176
71278000,70115407,1642145711169185
131278000,70265606,1642145711269197
105022000,47060029,1642145711369636
84017000,84017000,1642145711469243
84017000,84017000,1642145711569203
144017000,62853858,1642145711669582
204017000,51158234,1642145711769531
163213000,89448370,1642145711869228
130570000,58364705,1642145711969423
104456000,86865131,1642145712069319
104456000,66023179,1642145712169491
83564000,83564000,1642145712269185
83564000,63826575,1642145712369538
143564000,73261630,1642145712469544
114851000,46889932,1642145712569383
91880000,70492716,1642145712669400
73504000,58023267,1642145712769510
58803000,36512632,1642145712869170
47042000,47042000,1642145712965468
47042000,47042000,1642145713069185
107042000,46593095,1642145713169531
167042000,91327313,1642145713269409
133633000,63770658,1642145713369143
106906000,87822920,1642145713469421
106906000,93108988,1642145713565659
106906000,106603704,1642145713669524
106906000,106906000,1642145713769142
166906000,97408901,1642145713869565
212845000,89679002,1642145713969537
170276000,72879090,1642145714069510
136220000,72966611,1642145714165424
108976000,68103858,1642145714269145
87180000,87180000,1642145714369610
87180000,49638277,1642145714469172
147180000,88419113,1642145714569494
117744000,115720805,1642145714669578
117744000,49583590,1642145714769145
177744000,58733340,1642145714869455
142195000,126613951,1642145714969219
142195000,96320637,1642145715065706
113756000,113756000,1642145715169130
113756000,93816185,1642145715269153
173756000,117374447,1642145715369593
139004000,76086889,1642145715469357
111203000,83741899,1642145715569213
88962000,88962000,1642145715669569
88962000,68999388,1642145715769312
148962000,74862154,1642145715869319
119169000,52730453,1642145715969455
95335000,95335000,1642145716069310
95335000,91145130,1642145716169513
155335000,34092601,1642145716269139
124268000,124268000,1642145716369107
124268000,107850723,1642145716469121
124268000,98931345,1642145716569128
184268000,52858017,1642145716669253
147414000,51231696,1642145716769345
117931000,91041108,1642145716869428
94344000,94344000,1642145716969224
94344000,94344000,1642145717069196
154344000,154344000,1642145717169086
179835000,88630487,1642145717269566
143868000,49898257,1642145717369098
115094000,41978765,1642145717469402
92075000,87999599,1642145717569388
92075000,77316194,1642145717669289
92075000,58940991,1642145717769531
73660000,73660000,1642145717869155
73660000,63843686,1642145717969365
133660000,88150750,1642145718069277
106928000,84062008,1642145718165713
85542000,46956848,1642145718269057
68433000,62987072,1642145718369060
68433000,68433000,1642145718469068
68433000,68433000,1642145718569078
128433000,96176100,1642145718669070
188433000,39566569,1642145718769074
150746000,85130186,1642145718869109
120596000,43364503,1642145718969056
96476000,96476000,1642145719069175
96476000,96476000,1642145719169385
156476000,79288318,1642145719269061
174561000,75190091,1642145719369119
139648000,77852900,1642145719469053
111718000,71921868,1642145719569295
89374000,82511551,1642145719665292
89374000,49515434,1642145719769281
149374000,38616913,1642145719869325
119499000,94012665,1642145719969197
95599000,43069284,1642145720069360
76479000,76479000,1642145720165587
76479000,76479000,1642145720269276
136479000,93339571,1642145720369389
196479000,92178304,1642145720469029
157183000,43483636,1642145720569094
125746000,54425239,1642145720669063
100596000,85803033,1642145720769017
100596000,75499269,1642145720869054
160596000,57556906,1642145720969217
128476000,128476000,1642145721069173
128476000,68389819,1642145721169477
147146000,88985866,1642145721269196
117716000,83908437,1642145721369053
94172000,80188089,1642145721469223
94172000,52294361,1642145721565688
75337000,74999987,1642145721669474
75337000,74108720,1642145721769319
135337000,73031114,1642145721869174
108269000,54737572,1642145721965668
86615000,84308727,1642145722069228
86615000,69383696,1642145722165293
146615000,51428501,1642145722269236
117292000,89765373,1642145722369426
93833000,82614815,1642145722469350
93833000,93502416,1642145722569206
93833000,93833000,1642145722669411
93833000,69787988,1642145722769533
153833000,99477355,1642145722869015
123066000,56062009,1642145722969233
98452000,87805159,1642145723069269
98452000,80002037,1642145723168997
98452000,74246041,1642145723269291
78761000,77493136,1642145723369380
78761000,76872825,1642145723469233
78761000,77036153,1642145723565287
138761000,86868845,1642145723665580
111008000,94256801,1642145723769216
111008000,57041226,1642145723868982
88806000,88806000,1642145723969414
88806000,88806000,1642145724069176
148806000,94835884,1642145724169024
208806000,78287580,1642145724269333
167044000,76584833,1642145724369024
133635000,81338311,1642145724468961
106908000,40192710,1642145724568934
85526000,85380222,1642145724668959
85526000,61606930,1642145724769037
68420000,68420000,1642145724868992
68420000,51524788,1642145724969363
128420000,128420000,1642145725068970
128420000,113813512,1642145725168953
188420000,77309622,1642145725269000
150736000,104414710,1642145725368997
120588000,97271339,1642145725468949
120588000,65629368,1642145725568949
96470000,83079580,1642145725668945
96470000,90395953,1642145725768981
96470000,86572323,1642145725868941
96470000,45555889,1642145725968976
77176000,77176000,1642145726068941
77176000,75354644,1642145726168923
137176000,85950398,1642145726265157
197176000,52422355,1642145726365478
157740000,140551422,1642145726465248
157740000,57893726,1642145726569176
126192000,73020709,1642145726665355
100953000,97062778,1642145726769023
100953000,74411287,1642145726868955
80762000,80762000,1642145726968883
80762000,80633660,1642145727069217
140762000,88647069,1642145727169276
200762000,91429332,1642145727268951
160609000,53839891,1642145727369221
128487000,86205289,1642145727469327
102789000,101149193,1642145727568933
102789000,87626542,1642145727669110
102789000,63161439,1642145727769058
82231000,82231000,1642145727868907
82231000,82231000,1642145727969296
103592000,62326302,1642145728069161
128442000,74713135,1642145728169129
102753000,85446537,1642145728269269
102753000,102753000,1642145728369256
102753000,87635519,1642145728469320
162753000,56311221,1642145728569453
130202000,80251948,1642145728668919
104161000,102381895,1642145728765289
104161000,99422454,1642145728869311
104161000,99917221,1642145728968887
104161000,86758114,1642145729068916
104161000,63419950,1642145729168887
83328000,83328000,1642145729268900
83328000,81461956,1642145729368881
143328000,91647456,1642145729468985
114662000,51930264,1642145729568885
91729000,82293351,1642145729668874
91729000,68524892,1642145729768855
73383000,73383000,1642145729868866
73383000,73383000,1642145729968910
133383000,52160325,1642145730068975
193383000,80759824,1642145730169132
154706000,76944697,1642145730268924
123764000,62058415,1642145730369249
99011000,48050732,1642145730468893
79208000,79208000,1642145730568886
79208000,79208000,1642145730668904
139208000,139208000,1642145730768887
199208000,104054661,1642145730869076
259208000,52318135,1642145730966148
207366000,55291505,1642145731069294
165892000,114901909,1642145731169091
132713000,117396628,1642145731269217
132713000,88078566,1642145731369278
106170000,69329738,1642145731469066
84936000,43088331,1642145731568880
67948000,65640159,1642145731665160
67948000,50856673,1642145731769068
54358000,53027005,1642145731868846
54358000,54358000,1642145731969050
54358000,54358000,1642145732068899
54358000,54358000,1642145732168849
114358000,87070287,1642145732265366
174358000,61142633,1642145732369188
139486000,80417939,1642145732469053
111588000,50629699,1642145732568952
89270000,74852234,1642145732669322
89270000,48505760,1642145732769247
71416000,61069945,1642145732868853
71416000,71416000,1642145732969025
131416000,67568417,1642145733069109
191416000,145635695,1642145733169233
153132000,58100738,1642145733269030
122505000,66008342,1642145733368826
98004000,98004000,1642145733469123
98004000,65603180,1642145733569030
149375000,89382464,1642145733669106
119500000,110468904,1642145733769055
119500000,73336138,1642145733868830
95600000,61128515,1642145733969036
76480000,76480000,1642145734068843
76480000,76480000,1642145734168878
136480000,136480000,1642145734268874
183017000,74645549,1642145734369117
219980000,96503932,1642145734468865
175984000,105589082,1642145734565051
140787000,89529688,1642145734665076
112629000,54884878,1642145734769121
90103000,90103000,1642145734868996
90103000,90103000,1642145734968919
150103000,80053712,1642145735068818
171822000,96108924,1642145735168778
137457000,99319796,1642145735265264
109965000,56978604,1642145735368811
87972000,87972000,1642145735468878
87972000,85309698,1642145735569151
147972000,64191542,1642145735669113
118377000,92711946,1642145735769213
94701000,92753419,1642145735869133
94701000,94701000,1642145735969241
154701000,94556766,1642145736068822
214701000,87622769,1642145736165120
171760000,82894945,1642145736265403
137408000,59795469,1642145736369258
109926000,109926000,1642145736465241
109926000,104663273,1642145736568781
169926000,69349538,1642145736669176
135940000,106070052,1642145736769025
108752000,108752000,1642145736868838
108752000,108752000,1642145736968844
168752000,100188575,1642145737068745
228752000,109003192,1642145737168768
183001000,99036645,1642145737268748
146400000,56917763,1642145737368777
117120000,98338371,1642145737468763
117120000,95532080,1642145737568760
117120000,94337111,1642145737668737
112120000,65405432,1642145737768800
89696000,89696000,1642145737869244
89696000,48166887,1642145737968754
149696000,73525453,1642145738069201
119756000,93128560,1642145738168967
95804000,66071346,1642145738269175
76643000,42800617,1642145738369001
61314000,52919672,1642145738468906
61314000,61314000,1642145738569008
121314000,86344834,1642145738669090
181314000,64878178,1642145738768780
145051000,87136859,1642145738868780
116040000,54273545,1642145738968764
92832000,74783586,1642145739064992
92832000,60307849,1642145739168958
74265000,59269403,1642145739268858
59412000,59412000,1642145739368804
59412000,59412000,1642145739468755
119412000,39968136,1642145739568753
179412000,91963671,1642145739668816
143529000,117102232,1642145739768742
143529000,63615790,1642145739868973
114823000,80177854,1642145739965196
91858000,73517510,1642145740069195
91858000,60472501,1642145740169048
73486000,54298886,1642145740269012
58788000,56756366,1642145740368986
58788000,58788000,1642145740468992
118788000,98672120,1642145740568946
118788000,93378042,1642145740669061
95030000,95030000,1642145740769034
95030000,95030000,1642145740869028
155030000,72232729,1642145740969004
124024000,51043416,1642145741069290
99219000,82481562,1642145741168972
99219000,65169106,1642145741269049
79375000,41555660,1642145741369033
63500000,63500000,1642145741468996
63500000,63500000,1642145741568909
123500000,104764549,1642145741668996
183500000,79605593,1642145741768681
146800000,47153546,1642145741865165
117440000,106087386,1642145741969002
117440000,88051062,1642145742069027
93952000,93952000,1642145742168963
93952000,64777198,1642145742268989
133451000,73025740,1642145742369029
106760000,106760000,1642145742468682
106760000,78609269,1642145742568766
85408000,59132660,1642145742668692
68326000,67145408,1642145742769070
68326000,68326000,1642145742868760
128326000,119039643,1642145742968780
139440000,139440000,1642145743068773
139440000,109741247,1642145743168696
184649000,120472492,1642145743268765
147719000,64308538,1642145743369024
118175000,95342391,1642145743469112
118175000,91598183,1642145743568884
94540000,55126780,1642145743668875
75632000,75462364,1642145743765374
75632000,75632000,1642145743868938
135632000,54553819,1642145743968714
195632000,100101865,1642145744068666
156505000,93872627,1642145744168942
125204000,95499369,1642145744269054
100163000,83776983,1642145744368888
100163000,92797522,1642145744468850
100163000,57805365,1642145744568881
80130000,80130000,1642145744668667
80130000,80130000,1642145744768617
140130000,116502269,1642145744868627
200130000,86101582,1642145744965236
160104000,73404767,1642145745068833
128083000,62231550,1642145745168716
102466000,102466000,1642145745268975
102466000,102466000,1642145745368711
135577000,78461652,1642145745465031
108461000,108461000,1642145745568633
108461000,52062720,1642145745668866
86768000,84550111,1642145745768903
86768000,86768000,1642145745868594
146768000,75179128,1642145745968909
206768000,79743628,1642145746069060
165414000,44742903,1642145746168689
132331000,55879138,1642145746268907
105864000,64923506,1642145746365307
84691000,84691000,1642145746469063
84691000,84691000,1642145746568660
144691000,47440782,1642145746668636
204691000,111251737,1642145746768972
163752000,150776992,1642145746868932
163752000,85354754,1642145746968841
131001000,109333170,1642145747068713
131001000,105537630,1642145747168689
131001000,101802115,1642145747268954
104800000,46149431,1642145747368979
83840000,83840000,1642145747468927
83840000,83840000,1642145747568815
143840000,99285299,1642145747668851
203840000,76812125,1642145747769104
163072000,43619028,1642145747868885
130457000,54867524,1642145747968797
104365000,76972686,1642145748069004
83492000,50437540,1642145748168578
66793000,66793000,1642145748268602
66793000,66793000,1642145748368663
126793000,99244166,1642145748468813
186793000,99166046,1642145748568647
149434000,46734864,1642145748668595
119547000,74122562,1642145748768864
95637000,59334164,1642145748869051
76509000,76509000,1642145748968878
76509000,76509000,1642145749068569
76509000,76509000,1642145749165150
136509000,97136446,1642145749268843
196509000,98911022,1642145749368767
157207000,49038833,1642145749468787
125765000,94372937,1642145749568755
100612000,61218141,1642145749668593
80489000,80489000,1642145749768558
80489000,72826855,1642145749868717
140489000,88437100,1642145749968872
112391000,100354275,1642145750068635
112391000,82959044,1642145750168858
89912000,44988370,1642145750268693
71929000,71929000,1642145750368936
71929000,71929000,1642145750468643
131929000,66722076,1642145750565266
191929000,87200594,1642145750668653
153543000,87840585,1642145750768597
122834000,71956566,1642145750868576
98267000,83097276,1642145750968855
98267000,62710618,1642145751068784
78613000,75808985,1642145751168559
78613000,78613000,1642145751268598
138613000,73186405,1642145751368715
198613000,100159023,1642145751468824
158890000,60226051,1642145751568812
127112000,52948680,1642145751668828
101689000,59593424,1642145751768784
81351000,81351000,1642145751865211
81351000,67989653,1642145751968925
141351000,136863456,1642145752068896
141351000,88091938,1642145752168795
113080000,104794473,1642145752268601
113080000,88208064,1642145752368724
90464000,47753911,1642145752468943
72371000,72371000,1642145752564816
72371000,72371000,1642145752668821
132371000,86122268,1642145752768726
192371000,46868302,1642145752868565
153896000,87413084,1642145752968583
123116000,67808855,1642145753068491
98492000,88361652,1642145753168539
98492000,51915775,1642145753268531
78793000,78793000,1642145753368507
78793000,41068394,1642145753468561
138793000,58193072,1642145753568605
111034000,111034000,1642145753668767
111034000,110489346,1642145753765594
171034000,78417553,1642145753868824
136827000,52363141,1642145753968785
109461000,81279827,1642145754068733
87568000,87568000,1642145754168585
87568000,87568000,1642145754268690
147568000,106187036,1642145754364982
157398000,87628531,1642145754469017
125918000,58958397,1642145754568635
100734000,100734000,1642145754668499
100734000,100734000,1642145754768745
160734000,104567104,1642145754868762
220734000,92900360,1642145754968755
176587000,69716771,1642145755068741
141269000,81781299,1642145755168741
113015000,113015000,1642145755268795
113015000,55477856,1642145755368791
173015000,44443264,1642145755468818
138412000,81409906,1642145755568468
110729000,81181706,1642145755668911
88583000,72744796,1642145755768905
88583000,63117918,1642145755868680
70866000,70866000,1642145755968468
70866000,70866000,1642145756068485
130866000,62185320,1642145756168644
104692000,103801831,1642145756268719
104692000,84915771,1642145756368801
164692000,138780619,1642145756468502
164692000,55341781,1642145756568595
131753000,59233920,1642145756668762
105402000,86819358,1642145756768535
105402000,56605760,1642145756868486
84321000,84321000,1642145756968765
84321000,84321000,1642145757068724
144321000,67278471,1642145757168769
204321000,79973117,1642145757268730
163456000,73225849,1642145757368833
130764000,106429885,1642145757468523
130764000,96493675,1642145757568911
104611000,87252358,1642145757668695
104611000,92536119,1642145757768442
104611000,87907265,1642145757868504
104611000,104611000,1642145757964726
104611000,80349624,1642145758068413
117916000,64627147,1642145758168753
94332000,62566266,1642145758268684
75465000,75032039,1642145758368406
75465000,53534164,1642145758464640
135465000,80609739,1642145758568659
108372000,97480306,1642145758668557
108372000,105566056,1642145758768403
108372000,103421841,1642145758868422
108372000,106602251,1642145758968406
108372000,61133405,1642145759068715
86697000,86697000,1642145759168771
86697000,86697000,1642145759268491
104939000,104455198,1642145759368429
164939000,91999815,1642145759468736
131951000,34056573,1642145759564673
105560000,103237527,1642145759668523
105560000,86387601,1642145759768411
105560000,88699722,1642145759868716
105560000,105560000,1642145759968688
105560000,105560000,1642145760068777
165560000,106736675,1642145760168572
225560000,110299509,1642145760268885
180448000,96618833,1642145760368671
144358000,113548387,1642145760468738
115486000,106559022,1642145760568856
115486000,93140869,1642145760668768
115486000,105051604,1642145760768853
115486000,68354025,1642145760868694
92388000,89518283,1642145760968672
92388000,83006844,1642145761064840
92388000,91231872,1642145761168582
92388000,92388000,1642145761265055
92388000,61825756,1642145761368581
152388000,84983287,1642145761468432
121910000,55965612,1642145761568711
97528000,86036973,1642145761664899
97528000,91573772,1642145761768394
97528000,75068740,1642145761868732
157528000,80463009,1642145761968664
126022000,58019252,1642145762068610
100817000,99001071,1642145762168613
100817000,55907591,1642145762268682
80653000,80653000,1642145762368435
80653000,79917580,1642145762468618
140653000,59113352,1642145762568349
200653000,93832809,1642145762668308
160522000,55973702,1642145762768669
128417000,86599409,1642145762868587
102733000,99206767,1642145762968767
102733000,53508854,1642145763068628
82186000,82186000,1642145763164640
82186000,82186000,1642145763268343
142186000,101179722,1642145763368577
202186000,53990383,1642145763468746
161748000,93770331,1642145763564614
129398000,106557573,1642145763668603
129398000,61079668,1642145763768352
103518000,42145233,1642145763868503
82814000,78317448,1642145763968561
82814000,58880208,1642145764068362
66251000,50357462,1642145764168348
53000000,53000000,1642145764268381
53000000,53000000,1642145764368547
113000000,90878919,1642145764468627
173000000,98080705,1642145764568788
138400000,50795729,1642145764668380
110720000,34497105,1642145764768740
88576000,88576000,1642145764864837
88576000,88576000,1642145764968544
148576000,90904540,1642145765068313
208576000,113939316,1642145765168303
166860000,77173224,1642145765268290
133488000,59343007,1642145765368644
106790000,45831243,1642145765468523
85432000,50486606,1642145765568610
68345000,50504513,1642145765668293
54676000,54676000,1642145765768266
54676000,54625213,1642145765868414
114676000,67126013,1642145765968503
174676000,115113847,1642145766068610
139740000,97051714,1642145766168446
111792000,104242315,1642145766268893
111792000,56210479,1642145766368666
171792000,85707994,1642145766468767
137433000,110040880,1642145766568777
137433000,116016166,1642145766668281
137433000,66292884,1642145766765290
109946000,109946000,1642145766868328
109946000,109946000,1642145766968616
169946000,91696190,1642145767068280
229946000,59083475,1642145767168509
183956000,88635391,1642145767268469
147164000,60043678,1642145767368304
117731000,98871739,1642145767468548
117731000,79437798,1642145767568492
94184000,83986604,1642145767668543
94184000,54891670,1642145767768548
154184000,98035775,1642145767868451
123347000,52975094,1642145767968431
98677000,93093940,1642145768068659
98677000,78875434,1642145768168517
78941000,67486773,1642145768268595
78941000,78941000,1642145768364812
78941000,78277083,1642145768468481
138941000,45476758,1642145768568639
198941000,63391525,1642145768668604
159152000,112229496,1642145768768642
127321000,83722207,1642145768864742
101856000,101856000,1642145768968646
101856000,67577427,1642145769068437
81484000,81484000,1642145769164768
81484000,78436581,1642145769268307
141484000,73318424,1642145769368650
113187000,87685126,1642145769468289
90549000,69909163,1642145769568271
72439000,65700611,1642145769664678
72439000,69038223,1642145769768578
132439000,67164118,1642145769868227
105951000,83590891,1642145769968273
84760000,60171810,1642145770068649
144760000,78907885,1642145770168553
115808000,109362047,1642145770268241
115808000,98101038,1642145770368521
115808000,67208593,1642145770464858
175808000,139841233,1642145770568198
140646000,78916290,1642145770668240
112516000,64369129,1642145770768278
90012000,90012000,1642145770868274
90012000,52028610,1642145770968265
150012000,86257778,1642145771068624
120009000,107239430,1642145771164527
120009000,80143275,1642145771268385
96007000,96007000,1642145771368537
96007000,62201792,1642145771468624
156007000,75885292,1642145771568621
124805000,107897248,1642145771668297
124805000,72206662,1642145771768217
99844000,94112505,1642145771864631
99844000,71055144,1642145771968224
79875000,73371401,1642145772068467
79875000,48896419,1642145772168384
63900000,51998821,1642145772268252
63900000,61617032,1642145772368561
63900000,57559071,1642145772468273
63900000,62007016,1642145772568502
123900000,116795885,1642145772664417
166426000,99879957,1642145772768150
133140000,59989287,1642145772868682
106512000,90334744,1642145772968395
106512000,91526349,1642145773068276
106512000,68753715,1642145773168183
85209000,85209000,1642145773268554
85209000,85209000,1642145773368675
145209000,90499414,1642145773468528
205209000,65972491,1642145773568471
164167000,79748075,1642145773668381
131333000,73866641,1642145773768184
105066000,60677030,1642145773868690
84052000,84052000,1642145773968292
84052000,82588087,1642145774068345
144052000,93361586,1642145774164547
204052000,100188621,1642145774268587
163241000,59420385,1642145774368400
130592000,98871591,1642145774468471
104473000,88291327,1642145774568494
104473000,104473000,1642145774668262
104473000,104473000,1642145774768416
164473000,75077443,1642145774868492
131578000,119891237,1642145774968173
131578000,54847681,1642145775068593
105262000,87419485,1642145775168600
105262000,41811612,1642145775268126
84209000,73321639,1642145775368224
84209000,74697330,1642145775468221
144209000,82895190,1642145775568526
115367000,84970461,1642145775668466
92293000,50469932,1642145775768492
73834000,46092275,1642145775868449
59067000,59067000,1642145775968459
59067000,59067000,1642145776068225
119067000,30499454,1642145776168691
179067000,89861153,1642145776268317
143253000,45289116,1642145776368126
114602000,110345333,1642145776468196
114602000,71457795,1642145776568303
91681000,86322444,1642145776668521
91681000,86092629,1642145776768467
91681000,91681000,1642145776868353
91681000,91681000,1642145776968382
151681000,120088451,1642145777068213
211681000,106151444,1642145777168193
169344000,72104376,1642145777268347
135475000,128011548,1642145777368327
135475000,47992146,1642145777468333
108380000,88982022,1642145777568466
108380000,60418287,1642145777668347
86704000,86704000,1642145777768510
86704000,61722754,1642145777868203
69363000,66943544,1642145777968110
69363000,67271238,1642145778064512
69363000,58381784,1642145778168160
129363000,99765447,1642145778264600
103490000,91596803,1642145778368358
103490000,80892130,1642145778468315
82792000,82792000,1642145778568399
82792000,82792000,1642145778664513
142792000,100023538,1642145778768564
114233000,68154650,1642145778868169
91386000,91386000,1642145778968141
91386000,88743897,1642145779064616
151386000,116029489,1642145779168075
211386000,91963572,1642145779268492
169108000,46884233,1642145779368398
135286000,83013812,1642145779468082
108228000,54907300,1642145779568150
86582000,86582000,1642145779668094
86582000,86582000,1642145779768396
146582000,103923396,1642145779868382
206582000,98120095,1642145779968140
165265000,90772399,1642145780068133
132212000,87516700,1642145780168175
105769000,58840800,1642145780264652
84615000,84615000,1642145780368199
84615000,84615000,1642145780468183
144615000,92110824,1642145780568087
204615000,106799530,1642145780668331
163692000,57693794,1642145780768357
130953000,92011138,1642145780868050
104762000,92352579,1642145780964375
104762000,102973911,1642145781068320
104762000,101002735,1642145781164435
104762000,73973711,1642145781268057
164762000,86040822,1642145781368454
131809000,114531590,1642145781468406
131809000,106132863,1642145781568293
131809000,49256015,1642145781668178
105447000,105447000,1642145781768331
105447000,105447000,1642145781868419
165447000,104267413,1642145781968359
225447000,53661575,1642145782064303
180357000,129757440,1642145782168133
144285000,65135345,1642145782268063
115428000,66340678,1642145782368348
92342000,84650781,1642145782468104
92342000,76936531,1642145782568067
92342000,92342000,1642145782668388
92342000,92342000,1642145782764607
152342000,122385074,1642145782868174
189067000,95382162,1642145782968299
151253000,90920206,1642145783068338
121002000,47998975,1642145783168432
96801000,88407212,1642145783264577
96801000,94782638,1642145783368310
96801000,83062562,1642145783468260
112219000,99931583,1642145783568494
112219000,56167230,1642145783668297
89775000,81472553,1642145783768155
89775000,89775000,1642145783868284
89775000,89775000,1642145783968371
149775000,114758419,1642145784064681
209775000,89126735,1642145784168350
167820000,117782994,1642145784268271
134256000,57325355,1642145784368254
107404000,95995214,1642145784468029
107404000,60577330,1642145784568158
85923000,85923000,1642145784668010
85923000,60574957,1642145784767999
145923000,58038580,1642145784868192
116738000,59813361,1642145784968287
93390000,90668558,1642145785068286
93390000,93390000,1642145785168362
93390000,93390000,1642145785268434
153390000,105310901,1642145785367974
213390000,65500381,1642145785468367
170712000,83575306,1642145785568207
136569000,100067057,1642145785667975
109255000,64495427,1642145785767963
87404000,87404000,1642145785868195
87404000,87404000,1642145785968285
147404000,67590252,1642145786068170
207404000,101081170,1642145786168287
165923000,108735964,1642145786268224
132738000,114687128,1642145786367970
132738000,97498325,1642145786468035
106190000,40489208,1642145786568059
84952000,84952000,1642145786667977
84952000,84952000,1642145786768062
144952000,100868685,1642145786864632
204952000,92173323,1642145786968159
163961000,111117040,1642145787068025
131168000,49457245,1642145787167911
104934000,71683038,1642145787268298
83947000,43091481,1642145787367941
67157000,67157000,1642145787468191
67157000,67157000,1642145787568348
127157000,69010093,1642145787668013
187157000,108524983,1642145787764669
149725000,115918473,1642145787868142
119780000,85037383,1642145787968222
95824000,95824000,1642145788068049
95824000,80107449,1642145788168174
152493000,63949693,1642145788268016
121994000,110355190,1642145788368268
121994000,107046932,1642145788468151
121994000,115487946,1642145788567929
121994000,98635286,1642145788667957
116994000,116994000,1642145788764546
116994000,95520868,1642145788868000
176994000,43752705,1642145788967925
141595000,141023488,1642145789067940
141595000,103168409,1642145789168150
113276000,92767914,1642145789268174
113276000,61883209,1642145789368235
90620000,60459250,1642145789468118
72496000,72496000,1642145789567957
72496000,49456278,1642145789668276
132496000,94182012,1642145789767929
105996000,43994475,1642145789867927
84796000,83490620,1642145789967944
84796000,84796000,1642145790067896
84796000,71094132,1642145790167949
144796000,105921456,1642145790268166
115836000,73947051,1642145790368157
92668000,49228535,1642145790468064
74134000,74134000,1642145790568181
74134000,74134000,1642145790667977
134134000,91063563,1642145790768234
194134000,80290680,1642145790868113
155307000,67205200,1642145790968222
124245000,93421071,1642145791068347
99396000,75025507,1642145791167894
79516000,76781645,1642145791268292
79516000,73521729,1642145791368159
92950000,88018337,1642145791468333
92950000,54174678,1642145791568124
74360000,74360000,1642145791668271
74360000,74360000,1642145791767882
134360000,88381308,1642145791868259
194360000,51546846,1642145791968352
155488000,68827860,1642145792068132
124390000,50869463,1642145792168152
99512000,81253542,1642145792268181
99512000,80087486,1642145792367871
99512000,51284765,1642145792468266
79609000,78530419,1642145792568031
79609000,79609000,1642145792667957
79609000,79609000,1642145792768078
139609000,133329731,1642145792867832
172667000,106948395,1642145792968197
138133000,97164672,1642145793067998
110506000,75045679,1642145793164490
88404000,78511013,1642145793267959
88404000,88404000,1642145793368191
88404000,54015994,1642145793468124
148404000,81365834,1642145793568121
118723000,118723000,1642145793668197
118723000,87382582,1642145793768061
178723000,97364538,1642145793868199
142978000,45192155,1642145793968298
114382000,48060959,1642145794067904
91505000,60083770,1642145794167846
73204000,44159708,1642145794268146
58563000,58563000,1642145794368105
58563000,58563000,1642145794467890
118563000,116586852,1642145794568086
118563000,110964044,1642145794668043
160515000,89302839,1642145794767817
128412000,105300959,1642145794868014
128412000,122243475,1642145794964441
128412000,85748080,1642145795068078
145236000,87813182,1642145795168071
116188000,102043590,1642145795267864
116188000,92084378,1642145795368021
92950000,92950000,1642145795464326
92950000,84985803,1642145795567879
92950000,86097068,1642145795667908
92950000,83388935,1642145795767912
92950000,48283761,1642145795868006
74360000,60133453,1642145795968242
74360000,74360000,1642145796067786
74360000,74360000,1642145796167978
134360000,97209375,1642145796268059
194360000,60369352,1642145796364125
155488000,110039194,1642145796468019
124390000,84524917,1642145796564212
99512000,86041247,1642145796667998
99512000,99512000,1642145796768024
159512000,50259282,1642145796867809
219512000,141274125,1642145796967907
175609000,118117908,1642145797067933
140487000,78378266,1642145797167769
112389000,96265958,1642145797268040
112389000,96767070,1642145797368073
112389000,74727906,1642145797468118
89911000,79094962,1642145797567812
89911000,89911000,1642145797667828
149911000,75732275,1642145797767964
209911000,89422559,1642145797867866
167928000,43345772,1642145797967871
134342000,91308320,1642145798064362
107473000,60735489,1642145798164105
85978000,85978000,1642145798268011
85978000,72469700,1642145798367779
145978000,75869948,1642145798467760
116782000,50880265,1642145798567778
93425000,90573041,1642145798668047
93425000,93425000,1642145798767806
93425000,92431870,1642145798867763
93425000,86730676,1642145798968040
93425000,93425000,1642145799064025
213425000,101650550,1642145799168099
273425000,92184694,1642145799268066
218740000,111972040,1642145799367935
174992000,137015796,1642145799467898
139993000,126196366,1642145799564006
139993000,112507014,1642145799667999
199993000,70793718,1642145799767734
159994000,86800456,1642145799867818
127995000,91074669,1642145799964050
102396000,102396000,1642145800064201
102396000,102396000,1642145800167953
162396000,82167581,1642145800267760
168573000,52633762,1642145800367935
134858000,90104211,1642145800467777
107886000,102942083,1642145800568102
107886000,76127744,1642145800667942
86308000,86308000,1642145800764048
86308000,73195736,1642145800867802
146308000,84965162,1642145800967969
117046000,106748084,1642145801064343
117046000,47671828,1642145801167915
93636000,67017280,1642145801267737
74908000,36534294,1642145801367964
59926000,59926000,1642145801467745
59926000,59926000,1642145801567908
119926000,64971546,1642145801668009
179926000,129440721,1642145801768063
143940000,67617427,1642145801867933
115152000,39857208,1642145801968096
92121000,57004639,1642145802067927
73696000,73696000,1642145802167846
73696000,73696000,1642145802267719
133696000,100356698,1642145802368029
193696000,94183818,1642145802467736
154956000,75131220,1642145802567713
123964000,101154891,1642145802667714
123964000,48311415,1642145802768029
99171000,90699916,1642145802867961
99171000,70455692,1642145802968028
79336000,79336000,1642145803067909
79336000,79336000,1642145803167706
139336000,46648904,1642145803267929
199336000,73391482,1642145803367814
159468000,79008927,1642145803467904
127574000,50685896,1642145803567974
102059000,44974317,1642145803667911
81647000,81647000,1642145803767694
81647000,81647000,1642145803867776
141647000,79299865,1642145803967969
201647000,102511967,1642145804067698
161317000,103736138,1642145804167957
129053000,73190833,1642145804267902
103242000,94316423,1642145804363938
103242000,103242000,1642145804467681
103242000,98766565,1642145804568117
163242000,63303745,1642145804667880
130593000,100730424,1642145804767650
104474000,89919464,1642145804867686
104474000,56150030,1642145804967968
83579000,82633042,1642145805067965
83579000,43855272,1642145805167661
66863000,63741937,1642145805267926
66863000,66863000,1642145805367932
66863000,66863000,1642145805467746
126863000,95737615,1642145805567938
186863000,77715673,1642145805667874
149490000,55035436,1642145805767889
119592000,79829357,1642145805867853
95673000,79496282,1642145805968046
95673000,90374367,1642145806067696
95673000,79661477,1642145806167756
95673000,57155857,1642145806267822
76538000,76538000,1642145806364209
76538000,76538000,1642145806467668
136538000,108030051,1642145806568006
195038000,128198218,1642145806667678
156030000,64682368,1642145806767647
124824000,51310923,1642145806864202
99859000,99859000,1642145806968184
99859000,99859000,1642145807067694
159859000,65280798,1642145807167635
219859000,111903570,1642145807267925
175887000,77916875,1642145807367725
140709000,92926659,1642145807467917
112567000,43347716,1642145807568054
90053000,87224800,1642145807667908
90053000,66860549,1642145807767797
72042000,36440603,1642145807864313
57633000,57633000,1642145807967648
57633000,57633000,1642145808067633
117633000,76495589,1642145808167840
177633000,98843234,1642145808268106
142106000,87733798,1642145808367623
113684000,85402039,1642145808467601
90947000,67367655,1642145808564153
72757000,72757000,1642145808667886
72757000,72757000,1642145808767898
132757000,67061388,1642145808867883
192757000,85858772,1642145808967605
154205000,92385049,1642145809067889
123364000,81724585,1642145809167911
98691000,98691000,1642145809267544
98691000,98691000,1642145809364112
158691000,158691000,1642145809467593
218691000,69317601,1642145809567806
278691000,86412493,1642145809667837
222952000,75295398,1642145809767597
178361000,105328722,1642145809867849
142688000,99411206,1642145809967830
114150000,75839264,1642145810067582
91320000,52376896,1642145810167917
73056000,72165945,1642145810267557
73056000,73056000,1642145810367887
133056000,113709318,1642145810467920
188539000,71979548,1642145810567590
150831000,71639048,1642145810667813
120664000,78820891,1642145810767681
96531000,71797146,1642145810867598
77224000,77224000,1642145810967922
77224000,77224000,1642145811067687
137224000,70008262,1642145811167635
197224000,91252367,1642145811263966
157779000,49677844,1642145811364205
126223000,44700328,1642145811467936
100978000,35838193,1642145811567841
80782000,54282181,1642145811667866
64625000,64625000,1642145811763900
64625000,64625000,1642145811867614
124625000,85694635,1642145811967767
184625000,113693277,1642145812067564
147700000,106172059,1642145812164069
118160000,99888670,1642145812264096
118160000,118160000,1642145812367718
118160000,118160000,1642145812467519
178160000,84102177,1642145812567895
