136744960.0	513802240.0
136744960.0	513802240.0
136888320.0	513802240.0
136892416.0	513802240.0
136769536.0	513802240.0
136769536.0	513802240.0
136900608.0	513802240.0
136912896.0	513802240.0
136921088.0	513802240.0
136794112.0	513802240.0
137056256.0	513802240.0
136843264.0	513802240.0
136974336.0	513802240.0
136974336.0	513802240.0
136974336.0	513802240.0
136847360.0	513802240.0
136847360.0	513802240.0
136847360.0	513802240.0
136982528.0	513802240.0
136855552.0	513802240.0
136994816.0	513802240.0
136867840.0	513802240.0
137129984.0	513802240.0
137052160.0	513802240.0
137052160.0	513802240.0
137056256.0	513802240.0
137056256.0	513802240.0
137056256.0	513802240.0
137060352.0	513802240.0
137060352.0	513802240.0
137060352.0	513802240.0
137326592.0	513802240.0
137203712.0	513802240.0
137203712.0	513802240.0
137080832.0	513802240.0
137080832.0	513802240.0
137285632.0	513802240.0
137285632.0	513802240.0
137179136.0	513802240.0
137179136.0	513802240.0
137179136.0	513802240.0
137187328.0	513802240.0
137191424.0	513802240.0
137191424.0	513802240.0
137191424.0	513802240.0
137191424.0	513802240.0
137330688.0	513802240.0
137478144.0	513802240.0
137482240.0	513802240.0
137613312.0	513802240.0
137748480.0	513802240.0
137535488.0	513802240.0
137666560.0	513802240.0
137666560.0	513802240.0
137547776.0	513802240.0
137547776.0	513802240.0
137547776.0	513802240.0
137678848.0	513802240.0
137551872.0	513802240.0
137682944.0	513802240.0
137682944.0	513802240.0
137687040.0	513802240.0
137818112.0	513802240.0
137850880.0	513802240.0
137662464.0	513802240.0
137793536.0	513802240.0
137670656.0	513802240.0
137670656.0	513802240.0
137801728.0	513802240.0
137805824.0	513802240.0
137940992.0	513802240.0
137949184.0	513802240.0
138080256.0	513802240.0
138080256.0	513802240.0
137953280.0	513802240.0
137826304.0	513802240.0
138096640.0	513802240.0
138096640.0	513802240.0
138055680.0	513802240.0
138055680.0	513802240.0
137928704.0	513802240.0
137928704.0	513802240.0
138059776.0	513802240.0
137953280.0	513802240.0
137953280.0	513802240.0
137953280.0	513802240.0
137953280.0	513802240.0
137953280.0	513802240.0
137957376.0	513802240.0
137957376.0	513802240.0
137973760.0	513802240.0
137973760.0	513802240.0
137973760.0	513802240.0
137973760.0	513802240.0
137973760.0	513802240.0
138272768.0	513802240.0
138833920.0	513802240.0
138739712.0	513802240.0
138596352.0	513802240.0
138596352.0	513802240.0
138596352.0	513802240.0
138596352.0	513802240.0
139251712.0	513802240.0
139251712.0	513802240.0
139251712.0	513802240.0
139198464.0	513802240.0
139198464.0	513802240.0
139157504.0	513802240.0
139157504.0	513802240.0
139288576.0	513802240.0
139223040.0	513802240.0
139223040.0	513802240.0
139223040.0	513802240.0
139223040.0	513802240.0
139223040.0	513802240.0
139223040.0	513802240.0
139321344.0	513802240.0
139321344.0	513802240.0
139321344.0	513802240.0
139321344.0	513802240.0
139583488.0	513802240.0
139542528.0	513802240.0
139423744.0	513802240.0
139423744.0	513802240.0
139423744.0	513802240.0
139423744.0	513802240.0
139423744.0	513802240.0
139554816.0	513802240.0
139427840.0	513802240.0
139436032.0	513802240.0
139436032.0	513802240.0
139436032.0	513802240.0
139612160.0	513802240.0
139612160.0	513802240.0
139624448.0	513802240.0
139624448.0	513802240.0
139501568.0	513802240.0
139501568.0	513802240.0
139501568.0	513802240.0
139632640.0	513802240.0
139509760.0	513802240.0
139509760.0	513802240.0
139509760.0	513802240.0
139509760.0	513802240.0
139509760.0	513802240.0
139640832.0	513802240.0
139513856.0	513802240.0
139513856.0	513802240.0
139513856.0	513802240.0
139513856.0	513802240.0
139513856.0	513802240.0
139644928.0	513802240.0
139538432.0	513802240.0
139542528.0	513802240.0
139542528.0	513802240.0
139542528.0	513802240.0
139673600.0	513802240.0
139804672.0	513802240.0
139816960.0	513802240.0
139816960.0	513802240.0
139816960.0	513802240.0
139816960.0	513802240.0
139612160.0	513802240.0
139612160.0	513802240.0
139751424.0	513802240.0
139882496.0	513802240.0
140013568.0	513802240.0
139886592.0	513802240.0
139935744.0	513802240.0
139808768.0	513802240.0
139808768.0	513802240.0
139726848.0	513802240.0
140120064.0	513802240.0
139993088.0	513802240.0
139993088.0	513802240.0
139993088.0	513802240.0
139870208.0	513802240.0
140001280.0	513802240.0
140001280.0	513802240.0
140001280.0	513802240.0
