30000000,2152646,1642191636984068
30000000,7629187,1642191637084011
30000000,23055870,1642191637183849
30000000,3208904,1642191637284033
30000000,2138716,1642191637384145
30000000,4316663,1642191637483672
30000000,2140180,1642191637584468
30000000,3197121,1642191637684172
30000000,2124474,1642191637783763
30000000,3227269,1642191637884129
30000000,2161947,1642191637984280
30000000,7687152,1642191638084280
30000000,11612385,1642191638184219
30000000,3294839,1642191638283928
30000000,2145710,1642191638384146
30000000,4293273,1642191638484181
30000000,2152061,1642191638584303
30000000,3224724,1642191638684454
30000000,2183173,1642191638783986
30000000,2151046,1642191638884234
30000000,2147771,1642191638983822
30000000,8899298,1642191639088180
30000000,11524198,1642191639184363
30000000,4211979,1642191639283785
30000000,2125753,1642191639383757
30000000,6246009,1642191639483601
30000000,2151118,1642191639583819
30000000,3208307,1642191639684604
30000000,2159783,1642191639784460
30000000,2154044,1642191639883842
30000000,2151876,1642191639984158
30000000,7657792,1642191640084353
30000000,10627189,1642191640184244
30000000,3230816,1642191640288178
30000000,2160279,1642191640384211
30000000,4261792,1642191640484468
30000000,2152746,1642191640584236
30000000,3180114,1642191640684121
30000000,2153342,1642191640784100
30000000,2154082,1642191640884226
30000000,2170937,1642191640983908
30000000,7547754,1642191641084215
30000000,7721393,1642191641184390
30000000,3215756,1642191641284354
30000000,2193398,1642191641383837
30000000,3129402,1642191641484033
30000000,2154971,1642191641584443
30000000,2155556,1642191641683923
30000000,2169582,1642191641784397
30000000,3247600,1642191641884318
30000000,2203009,1642191641983872
30000000,7813658,1642191642084497
30000000,10512329,1642191642184319
30000000,3254394,1642191642283813
30000000,2160747,1642191642383629
30000000,4270356,1642191642484321
30000000,2125549,1642191642584053
30000000,2168098,1642191642683599
30000000,3155280,1642191642784299
30000000,5939031,1642191642883636
30000000,5932499,1642191642984598
30000000,7561482,1642191643084330
30000000,12463289,1642191643183930
30000000,3207003,1642191643283547
30000000,2159957,1642191643383878
30000000,4339878,1642191643483920
30000000,2165577,1642191643584288
30000000,6424393,1642191643683853
30000000,1187307,1642191643783826
30000000,1129006,1642191643884104
30000000,2193983,1642191643984162
30000000,5548037,1642191644084258
30000000,9172268,1642191644184284
30000000,3261266,1642191644283766
30000000,2152596,1642191644384173
30000000,8467179,1642191644483891
30000000,1131565,1642191644584166
30000000,2349715,1642191644696367
30000000,2142429,1642191644784109
30000000,5823911,1642191644883639
30000000,2158922,1642191644984213
30000000,6675231,1642191645083512
30000000,15307485,1642191645184451
30000000,7155334,1642191645284292
30000000,2149284,1642191645383855
30000000,4290797,1642191645483639
30000000,5788818,1642191645583585
30000000,5813537,1642191645683774
30000000,4840776,1642191645784028
30000000,10786944,1642191645883865
30000000,4160184,1642191645984247
30000000,8556102,1642191646083884
30000000,11717953,1642191646183550
30000000,2174819,1642191646283848
30000000,3827941,1642191646384366
30000000,12547408,1642191646483519
30000000,5920012,1642191646584245
30000000,3111651,1642191646684079
30000000,2148518,1642191646784426
30000000,9123330,1642191646884038
30000000,5957055,1642191646984114
30000000,9618198,1642191647084304
30000000,26902208,1642191647183584
30000000,3177903,1642191647284261
30000000,2156757,1642191647384289
30000000,4239672,1642191647487490
30000000,10806580,1642191647583938
30000000,6655355,1642191647684372
30000000,2149575,1642191647783871
30000000,2153915,1642191647884514
30000000,5731670,1642191647984265
30000000,8971304,1642191648084283
30000000,9262382,1642191648187717
30000000,9158333,1642191648284184
30000000,2159450,1642191648384074
30000000,4278534,1642191648484067
30000000,2160919,1642191648584236
30000000,3213626,1642191648683944
30000000,3297789,1642191648784291
30000000,2160903,1642191648884057
30000000,2162970,1642191648984409
30000000,6591001,1642191649083702
30000000,8287998,1642191649183938
30000000,3234802,1642191649284002
30000000,2195937,1642191649384155
30000000,5287832,1642191649483732
30000000,5901099,1642191649584319
30000000,7098812,1642191649692952
30000000,2154323,1642191649783500
30000000,3273525,1642191649883877
30000000,2156766,1642191649983754
30000000,6613080,1642191650083954
30000000,8653135,1642191650183328
30000000,4409530,1642191650284126
30000000,2278143,1642191650387405
30000000,4276520,1642191650484095
30000000,2162752,1642191650581050
30000000,3212724,1642191650683749
30000000,5960489,1642191650784355
30000000,7562154,1642191650883692
30000000,2176378,1642191650983649
30000000,6662966,1642191651083930
30000000,14440814,1642191651184181
30000000,3253090,1642191651284211
30000000,2154365,1642191651384426
30000000,4241477,1642191651484314
30000000,4833847,1642191651584112
30000000,9791800,1642191651687899
30000000,4553148,1642191651784017
30000000,2155402,1642191651883295
30000000,2151896,1642191651984384
30000000,6621746,1642191652083486
30000000,15581164,1642191652183314
30000000,7221282,1642191652283359
30000000,2168014,1642191652384129
30000000,4268114,1642191652484159
30000000,2207377,1642191652584248
30000000,2165217,1642191652683554
30000000,3220427,1642191652783500
30000000,2165983,1642191652884490
30000000,6377566,1642191652983764
30000000,8228188,1642191653084208
30000000,12671952,1642191653183483
30000000,7021111,1642191653283497
30000000,2178125,1642191653383865
30000000,6916668,1642191653484073
30000000,4205212,1642191653584062
30000000,2159195,1642191653684493
30000000,3230307,1642191653784275
30000000,6123414,1642191653884046
30000000,2148939,1642191653983819
30000000,6760883,1642191654084500
30000000,11840262,1642191654183687
30000000,4343755,1642191654283670
30000000,6265183,1642191654383805
30000000,8427816,1642191654484052
30000000,2141827,1642191654583750
30000000,2139396,1642191654684906
30000000,3227854,1642191654784128
30000000,2153477,1642191654884121
30000000,2170615,1642191654983917
30000000,6698255,1642191655083379
30000000,8215729,1642191655183196
30000000,4423689,1642191655284284
30000000,2152984,1642191655384273
30000000,4234397,1642191655483798
30000000,6004480,1642191655583545
30000000,4875297,1642191655684143
30000000,3218912,1642191655783377
30000000,2157964,1642191655883788
30000000,2141207,1642191655983562
30000000,6721378,1642191656084178
30000000,9689473,1642191656183491
30000000,4383679,1642191656283911
30000000,2151046,1642191656383844
30000000,4240147,1642191656484092
30000000,2148407,1642191656583798
30000000,5131728,1642191656683646
30000000,4975401,1642191656783883
30000000,4648412,1642191656883807
30000000,2145686,1642191656983751
30000000,8596508,1642191657084200
30000000,26198820,1642191657183807
30000000,4459434,1642191657283388
30000000,2124741,1642191657384266
30000000,4258728,1642191657483337
30000000,2163669,1642191657583505
30000000,2151945,1642191657683509
30000000,3218058,1642191657783414
30000000,3253866,1642191657884182
30000000,2141213,1642191657983210
30000000,6561199,1642191658083302
30000000,12197503,1642191658183582
30000000,4333803,1642191658284138
30000000,2138153,1642191658383992
30000000,4229732,1642191658483915
30000000,2141981,1642191658584148
30000000,2187446,1642191658684060
30000000,3208429,1642191658783360
30000000,2146596,1642191658883440
30000000,2147456,1642191658983200
30000000,6665690,1642191659083712
30000000,9275737,1642191659183851
30000000,4364297,1642191659284073
30000000,2163437,1642191659384055
30000000,4319896,1642191659484246
30000000,2139432,1642191659583924
30000000,2141941,1642191659696174
30000000,3273134,1642191659784093
30000000,2157111,1642191659883586
30000000,2177120,1642191659983500
30000000,8278648,1642191660083103
30000000,8087161,1642191660183028
30000000,4456183,1642191660283540
30000000,2164103,1642191660383562
30000000,4266426,1642191660483778
30000000,2180939,1642191660583806
30000000,2231057,1642191660684058
30000000,3193473,1642191660783109
30000000,2150095,1642191660883815
30000000,2140345,1642191660984124
30000000,7570738,1642191661084027
30000000,10257359,1642191661184348
30000000,4361936,1642191661284048
30000000,2149865,1642191661383671
30000000,4213294,1642191661483628
30000000,2140321,1642191661584093
30000000,2144914,1642191661683556
30000000,3204170,1642191661783827
30000000,3240737,1642191661883852
30000000,2147859,1642191661983936
30000000,6496492,1642191662083395
30000000,7137953,1642191662184261
30000000,4361768,1642191662283766
30000000,2142600,1642191662384107
30000000,4221168,1642191662483718
30000000,2178722,1642191662583605
30000000,2154531,1642191662683640
30000000,3194682,1642191662783452
30000000,2156174,1642191662883814
30000000,2182885,1642191662983621
30000000,8451297,1642191663083687
30000000,7145563,1642191663183418
30000000,4368051,1642191663283963
30000000,2185446,1642191663383971
30000000,4220591,1642191663483982
30000000,2197843,1642191663584105
30000000,2164275,1642191663683991
30000000,3210757,1642191663783225
30000000,2208930,1642191663883913
30000000,2183075,1642191663983828
30000000,6704740,1642191664083879
30000000,10100561,1642191664184071
30000000,8308953,1642191664284155
30000000,2196825,1642191664384059
30000000,8405014,1642191664483605
30000000,6081454,1642191664583817
30000000,7095898,1642191664688730
30000000,3224927,1642191664784208
30000000,7069721,1642191664883556
30000000,2185019,1642191664983736
30000000,9413930,1642191665084127
30000000,7101531,1642191665183214
30000000,4427953,1642191665283087
30000000,5950996,1642191665382982
30000000,4239553,1642191665483901
30000000,2150309,1642191665583550
30000000,6005087,1642191665683693
30000000,7044930,1642191665784237
30000000,7904370,1642191665883828
30000000,7277200,1642191665983928
30000000,16173997,1642191666083484
30000000,13892908,1642191666184151
30000000,6977689,1642191666283892
30000000,6595717,1642191666383354
30000000,4275657,1642191666483049
30000000,2105924,1642191666583752
30000000,2153465,1642191666683205
30000000,3230535,1642191666783993
30000000,6937990,1642191666883437
30000000,2184524,1642191666983240
30000000,7313971,1642191667084100
30000000,22826435,1642191667183822
30000000,4291979,1642191667284017
30000000,2168924,1642191667384168
30000000,4271485,1642191667483603
30000000,5817500,1642191667584218
30000000,8575073,1642191667683380
30000000,2188050,1642191667784184
30000000,2143970,1642191667883497
30000000,2143718,1642191667983438
30000000,7559239,1642191668083654
30000000,10686005,1642191668183910
30000000,4443731,1642191668284042
30000000,2169495,1642191668383419
30000000,5268871,1642191668483926
30000000,5917323,1642191668584140
30000000,6882944,1642191668684285
30000000,2189509,1642191668783547
30000000,2195227,1642191668883607
30000000,7620413,1642191668983876
30000000,12805029,1642191669083627
30000000,12849416,1642191669182904
30000000,9793883,1642191669283850
30000000,4026395,1642191669383555
30000000,5297172,1642191669485144
30000000,8613280,1642191669583929
30000000,3183426,1642191669686372
30000000,6999365,1642191669783140
30000000,7067045,1642191669882879
30000000,5916348,1642191669983703
30000000,19968308,1642191670083375
30000000,15727024,1642191670183348
30000000,11527212,1642191670284129
30000000,10189746,1642191670383988
30000000,9369022,1642191670483191
30000000,13032899,1642191670583670
30000000,6951323,1642191670683745
30000000,3209537,1642191670783997
30000000,8836346,1642191670883695
30000000,6967030,1642191670983292
30000000,11838389,1642191671083844
30000000,13238009,1642191671183505
30000000,11181431,1642191671283995
30000000,9510761,1642191671383651
30000000,6722071,1642191671482938
30000000,11023473,1642191671583808
30000000,13727588,1642191671683370
30000000,13463528,1642191671783978
30000000,10971313,1642191671883593
30000000,12830173,1642191671983481
30000000,14094437,1642191672083510
30000000,9379551,1642191672183280
30000000,7741141,1642191672283048
30000000,9238389,1642191672383404
30000000,17753865,1642191672484462
30000000,14112663,1642191672583770
30000000,9182690,1642191672684050
30000000,7098030,1642191672783751
30000000,8746148,1642191672883549
30000000,13097431,1642191672983837
30000000,10304884,1642191673088030
30000000,12515895,1642191673182968
30000000,12324179,1642191673283217
30000000,11236752,1642191673383203
30000000,8254081,1642191673483150
30000000,8888974,1642191673583679
30000000,8031923,1642191673683531
30000000,11753228,1642191673783701
30000000,8999294,1642191673883817
30000000,7504223,1642191673983484
30000000,13740871,1642191674083911
30000000,13659483,1642191674183009
30000000,20064585,1642191674283643
30000000,3257561,1642191674382960
30000000,16947276,1642191674483852
30000000,13955078,1642191674583149
30000000,7366419,1642191674684752
30000000,11465804,1642191674783764
30000000,10189097,1642191674882842
30000000,11767280,1642191674982810
30000000,16955338,1642191675083600
30000000,13802547,1642191675183895
30000000,13209537,1642191675283447
30000000,12195404,1642191675383959
30000000,9959523,1642191675483870
30000000,10700628,1642191675584007
30000000,7401368,1642191675683586
30000000,9987987,1642191675783909
30000000,5744300,1642191675883923
30000000,4992738,1642191675983527
30000000,8306814,1642191676083641
30000000,12804458,1642191676183066
30000000,8283777,1642191676283397
30000000,13721334,1642191676383089
30000000,10759192,1642191676483612
30000000,15149921,1642191676584008
30000000,6087336,1642191676684099
30000000,11321904,1642191676783937
30000000,13298252,1642191676883736
30000000,11140669,1642191676983384
30000000,14120751,1642191677083749
30000000,28388530,1642191677183246
30000000,11293021,1642191677283455
30000000,5734485,1642191677383372
30000000,10665875,1642191677483847
30000000,11640685,1642191677582757
30000000,11372986,1642191677684023
30000000,8470589,1642191677784063
30000000,10899502,1642191677883777
30000000,8805754,1642191677983584
30000000,14190346,1642191678083392
30000000,15570577,1642191678182918
30000000,15481411,1642191678283510
30000000,10135748,1642191678383757
30000000,13872792,1642191678483779
30000000,10142189,1642191678583867
30000000,13572561,1642191678683643
30000000,19075135,1642191678783778
30000000,15112161,1642191678883810
30000000,6045986,1642191678984291
30000000,5514224,1642191679084127
30000000,17070250,1642191679183780
30000000,8139303,1642191679283134
30000000,7143161,1642191679383922
30000000,4247937,1642191679483778
30000000,2163740,1642191679583836
30000000,2171681,1642191679686809
30000000,3223706,1642191679783440
30000000,2167812,1642191679883397
30000000,2168746,1642191679982816
30000000,6602907,1642191680082695
30000000,8229642,1642191680183645
30000000,3397408,1642191680283505
30000000,2191800,1642191680382932
30000000,4223206,1642191680482829
30000000,2142479,1642191680582970
30000000,2168529,1642191680683015
30000000,3193396,1642191680783042
30000000,2145419,1642191680883362
30000000,2146725,1642191680982898
30000000,7526684,1642191681082791
30000000,7737909,1642191681182763
30000000,3351897,1642191681282738
30000000,5923557,1642191681383076
30000000,6928138,1642191681482831
30000000,2146537,1642191681582988
30000000,2152876,1642191681682864
30000000,3206481,1642191681783709
30000000,3250645,1642191681883965
30000000,2143535,1642191681979702
30000000,6584542,1642191682083232
30000000,6636327,1642191682183678
30000000,3405807,1642191682282766
30000000,5944824,1642191682383276
30000000,5153268,1642191682482721
30000000,2141463,1642191682583120
30000000,2136067,1642191682682961
30000000,3216773,1642191682782987
30000000,2158767,1642191682883019
30000000,2146277,1642191682983303
30000000,7440021,1642191683083659
30000000,7142415,1642191683183341
30000000,7241148,1642191683283598
30000000,4722121,1642191683383568
30000000,4254212,1642191683483094
30000000,5730667,1642191683583205
30000000,2158264,1642191683683153
30000000,3236234,1642191683783678
30000000,2199347,1642191683883814
30000000,2149077,1642191683983753
30000000,6694675,1642191684083581
30000000,13150538,1642191684183644
30000000,8223859,1642191684283015
30000000,2152250,1642191684383719
30000000,7449952,1642191684483539
30000000,2155285,1642191684583698
30000000,2151934,1642191684688462
30000000,3233207,1642191684787094
30000000,5965265,1642191684883123
30000000,2152662,1642191684983949
30000000,6590991,1642191685083593
30000000,8186759,1642191685183476
30000000,3263994,1642191685283172
30000000,1029205,1642191685382839
30000000,3141243,1642191685483641
30000000,1036102,1642191685583218
30000000,1035844,1642191685683177
30000000,2095732,1642191685783338
30000000,2137071,1642191685883614
30000000,4910210,1642191685982942
30000000,7562285,1642191686082758
30000000,8182010,1642191686183510
30000000,5787442,1642191686283576
30000000,1127843,1642191686382766
30000000,3157305,1642191686482918
30000000,2147274,1642191686583364
30000000,2133592,1642191686683707
30000000,3214591,1642191686783433
30000000,4591075,1642191686883398
30000000,2150197,1642191686983542
30000000,6764987,1642191687083747
30000000,22138434,1642191687182906
30000000,8226592,1642191687283632
30000000,2170323,1642191687383105
30000000,4263560,1642191687483583
30000000,2155602,1642191687583645
30000000,2173454,1642191687683622
30000000,3248474,1642191687783472
30000000,2153590,1642191687883668
30000000,2128158,1642191687983653
30000000,7574946,1642191688082971
30000000,8186528,1642191688183214
30000000,4399055,1642191688283165
30000000,2123958,1642191688382831
30000000,4245915,1642191688482882
30000000,2126856,1642191688583165
30000000,2129570,1642191688682645
30000000,3232703,1642191688782965
30000000,2169230,1642191688883461
30000000,2154978,1642191688983470
30000000,6529862,1642191689083485
30000000,8236187,1642191689183205
30000000,4385684,1642191689283293
30000000,2152293,1642191689382795
30000000,4265129,1642191689482775
30000000,2177943,1642191689583419
30000000,2154852,1642191689682918
30000000,3216305,1642191689782726
30000000,3275347,1642191689883310
30000000,2122198,1642191689983003
30000000,6602708,1642191690082982
30000000,10224305,1642191690182951
30000000,4384451,1642191690283222
30000000,2160876,1642191690383348
30000000,4256153,1642191690483197
30000000,2153841,1642191690583015
30000000,2168197,1642191690683389
30000000,3224758,1642191690782866
30000000,2123564,1642191690882715
30000000,2122649,1642191690982701
30000000,6645963,1642191691083370
30000000,8206435,1642191691182713
30000000,4375784,1642191691282748
30000000,2155696,1642191691382520
30000000,4314957,1642191691482913
30000000,2127096,1642191691582607
30000000,2175973,1642191691683310
30000000,3191487,1642191691782682
30000000,2132782,1642191691883304
30000000,2127998,1642191691983064
30000000,6659471,1642191692082523
30000000,8226864,1642191692183426
30000000,4399504,1642191692283129
30000000,2149818,1642191692383303
30000000,4271906,1642191692482638
30000000,2146864,1642191692582892
30000000,2139593,1642191692683590
30000000,3227632,1642191692782816
30000000,2203533,1642191692882813
30000000,2169391,1642191692983375
30000000,6377058,1642191693082848
30000000,9268298,1642191693182814
30000000,4397926,1642191693283018
30000000,5971824,1642191693383527
30000000,4246911,1642191693483092
30000000,6947876,1642191693583490
30000000,6997254,1642191693683809
30000000,8090723,1642191693782889
30000000,11409560,1642191693882608
30000000,6029972,1642191693982645
30000000,15382924,1642191694083114
30000000,15426277,1642191694183744
30000000,14021461,1642191694282996
30000000,12018890,1642191694382964
30000000,10038917,1642191694483549
30000000,2155761,1642191694583071
30000000,9248163,1642191694682699
30000000,9089314,1642191694783473
30000000,9714313,1642191694882764
30000000,8535436,1642191694983024
30000000,15797153,1642191695083550
30000000,17697877,1642191695183636
30000000,21470746,1642191695283567
30000000,14476247,1642191695383023
30000000,14406713,1642191695483566
30000000,10074807,1642191695583081
30000000,7276431,1642191695683613
30000000,9133297,1642191695782903
30000000,7087687,1642191695884064
30000000,11119427,1642191695983588
30000000,17218168,1642191696083721
30000000,11971895,1642191696182906
30000000,4454426,1642191696282961
30000000,6843121,1642191696383956
30000000,5406852,1642191696482960
30000000,9225725,1642191696583189
30000000,2174776,1642191696683187
30000000,3465340,1642191696783386
30000000,7246196,1642191696883580
30000000,8714761,1642191696983548
30000000,11822312,1642191697083857
30000000,30000000,1642191697184026
30000000,10936357,1642191697283216
30000000,5494980,1642191697383420
30000000,4311844,1642191697483539
30000000,5148327,1642191697583606
30000000,3121231,1642191697683408
30000000,3237739,1642191697783662
30000000,5223718,1642191697883120
30000000,2224085,1642191697983180
30000000,5599282,1642191698083757
30000000,10292600,1642191698182837
30000000,3741080,1642191698283694
30000000,7907559,1642191698382753
30000000,4371450,1642191698483539
30000000,2230064,1642191698583812
30000000,2215379,1642191698683606
30000000,3383380,1642191698783437
30000000,6056150,1642191698883103
30000000,5665630,1642191698983306
30000000,9735685,1642191699082532
30000000,14308023,1642191699183643
30000000,7260917,1642191699282489
30000000,2232020,1642191699382618
30000000,3266276,1642191699483352
30000000,2266233,1642191699582969
30000000,9095274,1642191699683463
30000000,3387869,1642191699783355
30000000,2164337,1642191699882674
30000000,2223716,1642191699982950
30000000,6670491,1642191700082783
30000000,14295689,1642191700183442
30000000,7345060,1642191700282885
30000000,2265049,1642191700383041
30000000,4257934,1642191700482493
30000000,2172927,1642191700582962
30000000,6969559,1642191700682845
30000000,3367206,1642191700783287
30000000,2325362,1642191700883138
30000000,6133481,1642191700983199
30000000,8613149,1642191701083404
30000000,9765465,1642191701183235
30000000,9429136,1642191701283323
30000000,3312391,1642191701383488
30000000,4335294,1642191701483475
30000000,1308971,1642191701582750
30000000,1207215,1642191701683577
30000000,2199513,1642191701783484
30000000,2332682,1642191701883446
30000000,2178917,1642191701982961
30000000,6594454,1642191702083030
30000000,8265826,1642191702182714
30000000,4563742,1642191702283199
30000000,2171156,1642191702383523
30000000,3275336,1642191702482603
30000000,2233272,1642191702583869
30000000,5984498,1642191702683562
30000000,3363986,1642191702782986
30000000,5150691,1642191702883506
30000000,2332744,1642191702982804
30000000,5658745,1642191703083491
30000000,12342182,1642191703183431
30000000,3395467,1642191703283140
30000000,2197448,1642191703383437
30000000,4327212,1642191703482832
30000000,4175710,1642191703583389
30000000,2301015,1642191703682629
30000000,8054555,1642191703783084
30000000,2365189,1642191703883475
30000000,7098528,1642191703982744
30000000,5809588,1642191704083378
30000000,8265795,1642191704182917
30000000,7575995,1642191704282648
30000000,2172062,1642191704382727
30000000,7364164,1642191704483019
30000000,2281282,1642191704582744
30000000,2261020,1642191704683234
30000000,3318033,1642191704783340
30000000,2185665,1642191704882640
30000000,2175276,1642191704982877
30000000,7530220,1642191705082593
30000000,12445686,1642191705182529
30000000,3467691,1642191705283081
30000000,6359952,1642191705383225
30000000,6381772,1642191705482858
30000000,6018739,1642191705583508
30000000,5222288,1642191705683736
30000000,5405266,1642191705783352
30000000,7928396,1642191705883085
30000000,2297371,1642191705983401
30000000,6444568,1642191706082686
30000000,12176094,1642191706183136
30000000,3397812,1642191706283379
30000000,2275462,1642191706383429
30000000,9699954,1642191706483326
30000000,5420986,1642191706583209
30000000,5300863,1642191706682987
30000000,6684308,1642191706783199
30000000,5367157,1642191706883244
30000000,3284642,1642191706983228
30000000,5541778,1642191707082954
30000000,22704725,1642191707183001
30000000,2263848,1642191707282628
30000000,3176246,1642191707383444
30000000,6329366,1642191707483486
30000000,2173707,1642191707582760
30000000,4797199,1642191707683294
30000000,3315522,1642191707782607
30000000,2230875,1642191707883487
30000000,3319224,1642191707983103
30000000,4465056,1642191708082416
30000000,8369367,1642191708182534
30000000,4141320,1642191708282476
30000000,2216530,1642191708382290
30000000,3222404,1642191708482363
30000000,2222571,1642191708582371
30000000,2309393,1642191708683367
30000000,4235240,1642191708782929
30000000,3163673,1642191708883333
30000000,3218568,1642191708983367
30000000,5473989,1642191709082672
30000000,11251579,1642191709183196
30000000,7055553,1642191709283331
30000000,4133331,1642191709383236
30000000,7244304,1642191709483105
30000000,3216156,1642191709583155
30000000,4163600,1642191709683141
30000000,4446837,1642191709783219
30000000,4223376,1642191709882983
30000000,4139771,1642191709982380
30000000,5715372,1642191710082483
30000000,9191175,1642191710182639
30000000,3247358,1642191710282747
30000000,3118333,1642191710383222
30000000,4391423,1642191710483133
30000000,3402674,1642191710582884
30000000,2254466,1642191710682705
30000000,4244229,1642191710782675
30000000,2335497,1642191710882857
30000000,7362698,1642191710983306
30000000,5379340,1642191711082925
30000000,11811512,1642191711182581
30000000,8385460,1642191711283214
30000000,6014227,1642191711382486
30000000,10601738,1642191711482286
30000000,6950901,1642191711583278
30000000,10701761,1642191711687025
30000000,15359119,1642191711782717
30000000,3165153,1642191711883333
30000000,13216597,1642191711983233
30000000,13979018,1642191712083347
30000000,15466390,1642191712182726
30000000,9952408,1642191712283031
30000000,7210660,1642191712379995
30000000,9087541,1642191712483287
30000000,2158783,1642191712582826
30000000,2220672,1642191712682511
30000000,7918665,1642191712782568
30000000,7611870,1642191712882845
30000000,3222975,1642191712983443
30000000,5694617,1642191713083180
30000000,8218714,1642191713182691
30000000,3238747,1642191713282878
30000000,6249346,1642191713383125
30000000,9358885,1642191713483192
30000000,8495457,1642191713583212
30000000,7018197,1642191713683673
30000000,8027276,1642191713782261
30000000,7129086,1642191713883493
30000000,7162352,1642191713982402
30000000,8260590,1642191714083367
30000000,11986600,1642191714182469
30000000,8392832,1642191714282403
30000000,9223724,1642191714383156
30000000,16479660,1642191714482545
30000000,4946326,1642191714582966
30000000,5174156,1642191714683405
30000000,3202880,1642191714782641
30000000,11170642,1642191714883009
30000000,10443759,1642191714982822
30000000,12944330,1642191715082749
30000000,9432963,1642191715183078
30000000,11059462,1642191715283008
30000000,4862229,1642191715383118
30000000,11210127,1642191715483119
30000000,6241327,1642191715582941
30000000,12781403,1642191715682923
30000000,7167799,1642191715783066
30000000,9852039,1642191715883103
30000000,9714522,1642191715982474
30000000,8653229,1642191716082704
30000000,11694565,1642191716182301
30000000,4285894,1642191716283492
30000000,7192793,1642191716382477
30000000,9415770,1642191716482243
30000000,5998668,1642191716583035
30000000,5877089,1642191716683040
30000000,7122708,1642191716783069
30000000,6583172,1642191716882896
30000000,7367012,1642191716982204
30000000,5421919,1642191717082592
30000000,24665203,1642191717183161
30000000,4305933,1642191717282564
30000000,8092038,1642191717382351
30000000,5470237,1642191717482234
30000000,5917784,1642191717582283
30000000,2138502,1642191717682921
30000000,3277471,1642191717783245
30000000,10387119,1642191717882140
30000000,9144220,1642191717983065
30000000,5560417,1642191718083196
30000000,10344426,1642191718186093
30000000,4291962,1642191718282947
30000000,2224351,1642191718383208
30000000,5457997,1642191718483155
30000000,2210380,1642191718583050
30000000,2204676,1642191718682831
30000000,3274051,1642191718782995
30000000,3151479,1642191718882618
30000000,3285891,1642191718982669
30000000,5219339,1642191719082901
30000000,8298992,1642191719182849
30000000,3241470,1642191719282863
30000000,2227768,1642191719382559
30000000,5586118,1642191719482437
30000000,4163247,1642191719582162
30000000,2191549,1642191719682756
30000000,3267899,1642191719782656
30000000,2218847,1642191719882922
30000000,3397444,1642191719982761
30000000,6532805,1642191720082397
30000000,9331753,1642191720182463
30000000,3286507,1642191720282602
30000000,2180239,1642191720382406
30000000,6415644,1642191720482167
30000000,2225182,1642191720582799
30000000,2269490,1642191720682367
30000000,3200689,1642191720782764
30000000,2181262,1642191720883034
30000000,4294496,1642191720982608
30000000,6532507,1642191721082959
30000000,10210046,1642191721182676
30000000,3370583,1642191721282748
30000000,2239789,1642191721382550
30000000,5504547,1642191721482689
30000000,4141556,1642191721582063
30000000,2230071,1642191721682668
30000000,3229079,1642191721782163
30000000,3263056,1642191721882295
30000000,3407147,1642191721982769
30000000,4515820,1642191722082630
30000000,8227730,1642191722182903
30000000,3309359,1642191722282864
30000000,2317161,1642191722382201
30000000,5542548,1642191722486185
30000000,6200899,1642191722582713
30000000,5994428,1642191722683040
30000000,8866838,1642191722782516
30000000,7158021,1642191722883022
30000000,9212633,1642191722982468
30000000,8120748,1642191723083330
30000000,13421700,1642191723183933
30000000,3512767,1642191723283230
30000000,11020446,1642191723382847
30000000,9340740,1642191723482824
30000000,14028534,1642191723583026
30000000,10698739,1642191723683139
30000000,17546604,1642191723786492
30000000,18577980,1642191723882137
30000000,14189328,1642191723982606
30000000,14810001,1642191724082303
30000000,11768458,1642191724182801
30000000,2195048,1642191724282866
30000000,8062431,1642191724382401
30000000,17149288,1642191724482615
30000000,10389097,1642191724583196
30000000,10850645,1642191724682378
30000000,8039226,1642191724783172
30000000,1032710,1642191724882417
30000000,13495699,1642191724983217
30000000,13525677,1642191725082746
30000000,19447491,1642191725182610
30000000,11550898,1642191725282749
30000000,6649657,1642191725383214
30000000,6900266,1642191725482793
30000000,10755778,1642191725583241
30000000,8552412,1642191725682612
30000000,11909708,1642191725783055
30000000,2119344,1642191725882391
30000000,2102127,1642191725982215
30000000,4707034,1642191726083193
30000000,10981163,1642191726182413
30000000,3143028,1642191726282544
30000000,1034308,1642191726383129
30000000,2107118,1642191726482330
30000000,1042614,1642191726582606
30000000,5800321,1642191726682754
30000000,6705360,1642191726782169
30000000,3356115,1642191726882648
30000000,8040814,1642191726982501
30000000,7999148,1642191727083039
30000000,17963052,1642191727183193
30000000,10241692,1642191727282348
30000000,4350483,1642191727382438
30000000,8890914,1642191727482813
30000000,2157222,1642191727582076
30000000,2170406,1642191727682329
30000000,3220877,1642191727782275
30000000,2145536,1642191727882097
30000000,3233171,1642191727982307
30000000,4553960,1642191728082708
30000000,8227070,1642191728182721
30000000,3208165,1642191728281976
30000000,2307446,1642191728382637
30000000,4301601,1642191728482589
30000000,2177439,1642191728583226
30000000,2165012,1642191728682019
30000000,3216452,1642191728783029
30000000,2158687,1642191728882231
30000000,9833532,1642191728982262
30000000,9436940,1642191729082291
30000000,12546492,1642191729182816
30000000,13594908,1642191729282437
30000000,10537570,1642191729382960
30000000,7474435,1642191729482414
30000000,1035773,1642191729582894
30000000,16149295,1642191729682577
30000000,18007227,1642191729782827
30000000,9250463,1642191729882766
30000000,8758065,1642191729981989
30000000,15076194,1642191730082951
30000000,15012050,1642191730182167
30000000,8538142,1642191730283062
30000000,5922310,1642191730383001
30000000,4255075,1642191730482993
30000000,2153705,1642191730582838
30000000,8184026,1642191730682945
30000000,3291186,1642191730782351
30000000,5987257,1642191730883047
30000000,7058435,1642191730982532
30000000,10288998,1642191731086314
30000000,8257814,1642191731183078
30000000,7052575,1642191731282672
30000000,10012837,1642191731382475
30000000,10345692,1642191731483183
30000000,5981843,1642191731582699
30000000,9185749,1642191731682765
30000000,19874038,1642191731781937
30000000,9772034,1642191731882230
30000000,15409765,1642191731982656
30000000,10422498,1642191732082901
30000000,15678024,1642191732182752
30000000,11010041,1642191732283013
30000000,3216286,1642191732382318
30000000,13697927,1642191732482052
30000000,2156906,1642191732582007
30000000,15058193,1642191732683683
30000000,22680038,1642191732782796
30000000,12779847,1642191732882488
30000000,10542873,1642191732981847
30000000,10906139,1642191733083358
30000000,19928031,1642191733182893
30000000,21037498,1642191733282993
30000000,19668747,1642191733382178
30000000,7918910,1642191733482169
30000000,7002255,1642191733582629
30000000,3183077,1642191733682841
30000000,3245582,1642191733782831
30000000,11757588,1642191733881973
30000000,6940456,1642191733983008
30000000,13111676,1642191734081892
30000000,13260816,1642191734182374
30000000,11762202,1642191734283071
30000000,13571311,1642191734382548
30000000,13548046,1642191734482224
30000000,8616902,1642191734582730
30000000,11634195,1642191734683171
30000000,4265661,1642191734782646
30000000,3154250,1642191734882165
30000000,6266352,1642191734982668
30000000,5392335,1642191735082900
30000000,10187219,1642191735182042
30000000,2155998,1642191735282766
30000000,3218485,1642191735382934
30000000,5456183,1642191735482778
30000000,5773954,1642191735582931
30000000,7035548,1642191735682060
30000000,8238727,1642191735782981
30000000,10070151,1642191735882905
30000000,7972628,1642191735983083
30000000,20452318,1642191736082478
30000000,15276583,1642191736182648
30000000,5823033,1642191736282535
30000000,2241530,1642191736382947
30000000,16307799,1642191736481893
30000000,10508569,1642191736582623
30000000,4895814,1642191736682553
30000000,5882033,1642191736782533
30000000,4942678,1642191736882693
30000000,17995557,1642191736982538
30000000,12949036,1642191737082112
30000000,30000000,1642191737182432
30000000,14992148,1642191737281815
90000000,9778975,1642191737382285
72000000,4311442,1642191737482255
57600000,14210319,1642191737582778
46080000,13168751,1642191737682745
36864000,11743514,1642191737781955
30000000,14202074,1642191737881785
30000000,7203623,1642191737981891
30000000,13177244,1642191738082790
30000000,13147870,1642191738182876
30000000,10886571,1642191738282966
30000000,10399123,1642191738382751
30000000,11934506,1642191738482537
30000000,6921665,1642191738582354
30000000,2188111,1642191738682573
30000000,15215035,1642191738782392
30000000,11622510,1642191738882462
30000000,7377946,1642191738982681
30000000,13327920,1642191739082115
30000000,12059735,1642191739182837
30000000,2278148,1642191739282824
30000000,18609091,1642191739382319
30000000,11881801,1642191739482704
30000000,15250839,1642191739582663
30000000,11045559,1642191739682235
30000000,3400054,1642191739782590
30000000,7362283,1642191739882518
30000000,4309326,1642191739982465
30000000,11693456,1642191740081894
30000000,15527857,1642191740182148
30000000,2282599,1642191740282670
30000000,3228301,1642191740381849
30000000,5513349,1642191740481903
30000000,2146194,1642191740582616
30000000,2136517,1642191740682771
30000000,3210076,1642191740782061
30000000,2154342,1642191740882554
30000000,3218143,1642191740982393
30000000,10242201,1642191741081725
30000000,14000647,1642191741182648
30000000,3189853,1642191741282442
30000000,3308231,1642191741382555
30000000,5431628,1642191741482641
30000000,2171368,1642191741582863
30000000,2166967,1642191741682722
30000000,3229735,1642191741782736
30000000,6939730,1642191741882579
30000000,3225516,1642191741981953
30000000,5508197,1642191742081802
30000000,13966739,1642191742182722
30000000,2149143,1642191742282471
30000000,3228860,1642191742381879
30000000,5439468,1642191742482164
30000000,2178135,1642191742582712
30000000,2169095,1642191742682460
30000000,3221319,1642191742782019
30000000,2158658,1642191742881771
30000000,3237000,1642191742982387
30000000,9198654,1642191743082474
30000000,8226013,1642191743182512
30000000,2143144,1642191743282130
30000000,3245307,1642191743381988
30000000,4383192,1642191743482380
30000000,4217010,1642191743582206
30000000,2171455,1642191743682731
30000000,3230829,1642191743781890
30000000,5920537,1642191743882626
30000000,3243697,1642191743982585
30000000,5582842,1642191744082095
30000000,8163524,1642191744182383
30000000,2157722,1642191744282638
30000000,3239101,1642191744381690
30000000,7545674,1642191744481964
30000000,3271960,1642191744582350
30000000,5863938,1642191744682302
30000000,3205098,1642191744781866
30000000,2169314,1642191744882668
30000000,3294899,1642191744982672
30000000,5630478,1642191745082043
30000000,8184314,1642191745182665
30000000,2173811,1642191745282569
30000000,3233872,1642191745382495
30000000,9227218,1642191745482101
30000000,3227730,1642191745582067
30000000,2165086,1642191745681955
30000000,7148368,1642191745782153
30000000,7914517,1642191745882004
30000000,3220852,1642191745981697
30000000,5533936,1642191746082008
30000000,7111120,1642191746182322
30000000,2187434,1642191746282270
30000000,3226022,1642191746382000
30000000,4361030,1642191746481808
30000000,3229897,1642191746581849
30000000,2166680,1642191746682340
30000000,6063538,1642191746781799
30000000,2172795,1642191746881610
30000000,12309420,1642191746982255
30000000,10306795,1642191747082101
30000000,26926893,1642191747182416
30000000,8079425,1642191747282132
30000000,3220816,1642191747382535
30000000,4380775,1642191747482163
30000000,3215992,1642191747582314
30000000,4135236,1642191747682799
30000000,3205066,1642191747782300
30000000,2149826,1642191747882377
30000000,4212269,1642191747981820
30000000,5452180,1642191748082292
30000000,9294321,1642191748182023
30000000,2147250,1642191748282303
30000000,3238276,1642191748381609
30000000,4341141,1642191748482046
30000000,3193631,1642191748582378
30000000,2163990,1642191748682439
30000000,3225419,1642191748781786
30000000,2155886,1642191748882266
30000000,3253715,1642191748981807
30000000,6408176,1642191749082514
30000000,8189793,1642191749181733
30000000,2161592,1642191749282033
30000000,3248245,1642191749381658
30000000,4423113,1642191749482378
30000000,3222076,1642191749581783
30000000,2166003,1642191749682309
30000000,3217124,1642191749782113
30000000,3212273,1642191749881875
30000000,3244138,1642191749982283
30000000,5519482,1642191750082657
30000000,9269565,1642191750181733
30000000,2168299,1642191750282581
30000000,3217012,1642191750381895
30000000,4387299,1642191750482085
30000000,3209088,1642191750582490
30000000,2218066,1642191750681642
30000000,3225491,1642191750782295
30000000,2168263,1642191750882078
30000000,3237590,1642191750982033
30000000,6485256,1642191751081930
30000000,8208786,1642191751181650
30000000,2204214,1642191751282417
30000000,3234136,1642191751382161
30000000,4438284,1642191751481598
30000000,4215918,1642191751582271
30000000,2167380,1642191751682569
30000000,3221847,1642191751782285
30000000,2149911,1642191751882238
30000000,3218648,1642191751981864
30000000,5583613,1642191752081688
30000000,10366219,1642191752181813
30000000,2141848,1642191752281510
30000000,3229732,1642191752382163
30000000,4385290,1642191752482310
30000000,3243154,1642191752581853
30000000,2194949,1642191752681742
30000000,3272607,1642191752781958
30000000,2152973,1642191752882143
30000000,3212240,1642191752982344
30000000,5495020,1642191753082072
30000000,8201027,1642191753182034
30000000,2160876,1642191753281721
30000000,4174541,1642191753382432
30000000,4325057,1642191753482484
30000000,3215145,1642191753582586
30000000,2189446,1642191753682278
30000000,3211403,1642191753782047
30000000,3294907,1642191753882355
30000000,3225358,1642191753982584
30000000,5523460,1642191754082313
30000000,10869463,1642191754182026
30000000,2143981,1642191754282023
30000000,2169701,1642191754382554
30000000,6367903,1642191754482080
30000000,6141358,1642191754582598
30000000,5896338,1642191754682267
30000000,8574784,1642191754782534
30000000,2164385,1642191754882517
30000000,9313494,1642191754983010
30000000,8568743,1642191755082447
30000000,8958618,1642191755182191
30000000,3180171,1642191755282571
30000000,4255210,1642191755381623
30000000,4253850,1642191755481600
30000000,2101953,1642191755581895
30000000,4845491,1642191755682396
30000000,5976068,1642191755782470
30000000,4924671,1642191755882572
30000000,7464293,1642191755982552
30000000,9794632,1642191756081542
30000000,10953806,1642191756182462
30000000,5821283,1642191756282574
30000000,9414899,1642191756382879
30000000,8418760,1642191756482696
30000000,6872581,1642191756581411
30000000,6430201,1642191756682114
30000000,7805889,1642191756782404
30000000,5974310,1642191756881512
30000000,9254826,1642191756982579
30000000,11849482,1642191757082475
30000000,30000000,1642191757182162
30000000,15636066,1642191757282243
30000000,9126306,1642191757382295
30000000,11303285,1642191757486271
30000000,8092711,1642191757582565
30000000,18302343,1642191757681970
30000000,8052043,1642191757782490
30000000,3265146,1642191757882105
30000000,3223749,1642191757982526
30000000,5514914,1642191758081694
30000000,8184783,1642191758182548
30000000,2143348,1642191758281859
30000000,3221621,1642191758381856
30000000,3201272,1642191758481985
30000000,2103467,1642191758581951
30000000,2209337,1642191758682300
30000000,3222368,1642191758782373
30000000,2153088,1642191758882145
30000000,3236203,1642191758981574
30000000,5583645,1642191759082529
30000000,8194872,1642191759182545
30000000,5336508,1642191759282229
30000000,7095631,1642191759382535
30000000,3180481,1642191759481854
30000000,2104547,1642191759581909
30000000,2215401,1642191759681497
30000000,3217091,1642191759781863
30000000,2164763,1642191759882265
30000000,3241132,1642191759981861
30000000,5512582,1642191760081903
30000000,8185266,1642191760182320
30000000,2208358,1642191760282253
30000000,7033389,1642191760382414
30000000,3182299,1642191760481854
30000000,5860356,1642191760582411
30000000,3152423,1642191760681767
30000000,3223563,1642191760782282
30000000,6086732,1642191760882131
30000000,3232673,1642191760981893
30000000,8294197,1642191761082448
30000000,11103870,1642191761182283
30000000,2157718,1642191761282150
30000000,3231548,1642191761381960
30000000,3254375,1642191761482054
30000000,2091161,1642191761582176
30000000,2159981,1642191761682173
30000000,3226369,1642191761782046
30000000,3255241,1642191761882085
30000000,3222916,1642191761982079
30000000,5568107,1642191762082128
30000000,9869104,1642191762182168
30000000,3309311,1642191762281978
30000000,3239281,1642191762382216
30000000,4396981,1642191762481551
30000000,3227056,1642191762585538
30000000,2157867,1642191762682302
30000000,3223031,1642191762781496
30000000,6046085,1642191762882233
30000000,3216219,1642191762981926
30000000,5608389,1642191763082452
30000000,9735078,1642191763181469
30000000,2149341,1642191763282537
30000000,3233616,1642191763382273
30000000,4363796,1642191763482104
30000000,3190454,1642191763581746
30000000,2155987,1642191763682381
30000000,3269445,1642191763781688
30000000,2163117,1642191763881749
30000000,4309571,1642191763982247
30000000,6503574,1642191764082327
30000000,8196044,1642191764182322
30000000,5895182,1642191764285896
30000000,3234477,1642191764381786
30000000,6327669,1642191764482575
30000000,3253730,1642191764581814
30000000,2164986,1642191764682293
30000000,3201384,1642191764782155
30000000,2162350,1642191764882232
30000000,7034969,1642191764981529
30000000,6463382,1642191765082053
30000000,8183282,1642191765182473
30000000,2155845,1642191765282465
30000000,3226960,1642191765381559
30000000,4354014,1642191765482305
30000000,5926996,1642191765582325
30000000,2238026,1642191765682379
30000000,6922019,1642191765782076
30000000,7727805,1642191765881540
30000000,7131573,1642191765982025
30000000,9501124,1642191766082059
30000000,26551217,1642191766182077
30000000,2111489,1642191766281463
30000000,3230725,1642191766382366
30000000,4374361,1642191766482529
30000000,2106475,1642191766581839
30000000,2150856,1642191766682303
30000000,11666299,1642191766781972
30000000,5244127,1642191766882301
30000000,8429129,1642191766982071
30000000,10707864,1642191767082026
30000000,10295784,1642191767181882
30000000,3196050,1642191767282179
30000000,7108751,1642191767381566
30000000,3219212,1642191767481561
30000000,3275337,1642191767581778
30000000,3193710,1642191767682344
30000000,3226073,1642191767782511
30000000,2165266,1642191767882097
30000000,3222759,1642191767982356
30000000,6778027,1642191768082126
30000000,8109625,1642191768181546
30000000,3201741,1642191768281471
30000000,2147350,1642191768381631
30000000,3211522,1642191768482299
30000000,4261331,1642191768582139
30000000,6120035,1642191768682061
30000000,4229578,1642191768781873
30000000,2165552,1642191768882275
30000000,3215485,1642191768981999
30000000,8169157,1642191769081776
30000000,10942917,1642191769181588
30000000,4399431,1642191769282046
30000000,5888957,1642191769382302
30000000,3248412,1642191769482121
30000000,20998644,1642191769582240
30000000,6138432,1642191769681643
30000000,7412017,1642191769781701
30000000,16946025,1642191769882428
30000000,18214804,1642191769982402
30000000,22932391,1642191770082064
30000000,20172340,1642191770182384
30000000,10238706,1642191770281963
30000000,9590331,1642191770382540
30000000,12095925,1642191770482233
30000000,8006573,1642191770582373
30000000,2228282,1642191770682125
30000000,10297309,1642191770782135
30000000,2326687,1642191770882227
30000000,3286351,1642191770982302
30000000,5507734,1642191771081857
30000000,9218367,1642191771181526
30000000,7057681,1642191771281445
30000000,8400709,1642191771385377
30000000,9946983,1642191771482171
30000000,8151187,1642191771582316
30000000,13336821,1642191771685800
30000000,3336618,1642191771782162
30000000,6120425,1642191771881525
30000000,8170497,1642191771981686
30000000,10398758,1642191772081725
30000000,9845996,1642191772182096
30000000,3249421,1642191772281812
30000000,4982743,1642191772382155
30000000,7948710,1642191772482081
30000000,8732383,1642191772581951
30000000,12252757,1642191772682351
30000000,5898723,1642191772782262
30000000,3210776,1642191772885577
30000000,8104697,1642191772981929
30000000,9212020,1642191773081922
30000000,10585349,1642191773181901
