65048576	314572800
65036288	314572800
65036288	314572800
68820992	314572800
68562944	314572800
68710400	314572800
68984832	314572800
68902912	314572800
68993024	314572800
69128192	314572800
69132288	314572800
69316608	314572800
69316608	314572800
69316608	314572800
69316608	314572800
69316608	314572800
69431296	314572800
69316608	314572800
69316608	314572800
69316608	314572800
69337088	314572800
69337088	314572800
69337088	314572800
69337088	314572800
69337088	314572800
69337088	314572800
69337088	314572800
69337088	314572800
69337088	314572800
69341184	314572800
69341184	314572800
69341184	314572800
69341184	314572800
69341184	314572800
69341184	314572800
69341184	314572800
69341184	314572800
69357568	314572800
69419008	314572800
69541888	314572800
69431296	314572800
69431296	314572800
69431296	314572800
69431296	314572800
69431296	314572800
69431296	314572800
69517312	314572800
69435392	314572800
69435392	314572800
69435392	314572800
69443584	314572800
69443584	314572800
69443584	314572800
69443584	314572800
69443584	314572800
69451776	314572800
69451776	314572800
69451776	314572800
69451776	314572800
69459968	314572800
69459968	314572800
69459968	314572800
69574656	314572800
69459968	314572800
69496832	314572800
69496832	314572800
69496832	314572800
69496832	314572800
69496832	314572800
69496832	314572800
69627904	314572800
69505024	314572800
69505024	314572800
69505024	314572800
69505024	314572800
69505024	314572800
69505024	314572800
69505024	314572800
69505024	314572800
69550080	314572800
69664768	314572800
69648384	314572800
69603328	314572800
69701632	314572800
69701632	314572800
69685248	314572800
69799936	314572800
69783552	314572800
69898240	314572800
69881856	314572800
69693440	314572800
69902336	314572800
69787648	314572800
69787648	314572800
69787648	314572800
69787648	314572800
69787648	314572800
69787648	314572800
69787648	314572800
69849088	314572800
69849088	314572800
69849088	314572800
69849088	314572800
69849088	314572800
69849088	314572800
69849088	314572800
69963776	314572800
69849088	314572800
69853184	314572800
69853184	314572800
69853184	314572800
69853184	314572800
69853184	314572800
69853184	314572800
69853184	314572800
69853184	314572800
69853184	314572800
69853184	314572800
69853184	314572800
69853184	314572800
69967872	314572800
69853184	314572800
69853184	314572800
69853184	314572800
69853184	314572800
69853184	314572800
69857280	314572800
69857280	314572800
69857280	314572800
69857280	314572800
69857280	314572800
69857280	314572800
69857280	314572800
69857280	314572800
69857280	314572800
69971968	314572800
69857280	314572800
69857280	314572800
69857280	314572800
69857280	314572800
