120504320	314572800
120389632	314572800
120504320	314572800
120504320	314572800
120389632	314572800
120389632	314572800
120401920	314572800
120401920	314572800
120401920	314572800
120401920	314572800
120401920	314572800
120401920	314572800
120401920	314572800
120401920	314572800
120401920	314572800
120406016	314572800
120406016	314572800
120406016	314572800
120520704	314572800
120406016	314572800
120406016	314572800
120406016	314572800
120406016	314572800
120410112	314572800
120410112	314572800
120524800	314572800
120410112	314572800
120410112	314572800
120410112	314572800
120410112	314572800
120524800	314572800
120524800	314572800
120410112	314572800
120410112	314572800
120410112	314572800
120410112	314572800
120410112	314572800
120410112	314572800
120410112	314572800
120410112	314572800
120532992	314572800
120426496	314572800
120426496	314572800
120426496	314572800
120426496	314572800
120426496	314572800
120426496	314572800
120541184	314572800
120541184	314572800
120426496	314572800
120430592	314572800
120430592	314572800
120430592	314572800
120430592	314572800
120545280	314572800
120545280	314572800
120430592	314572800
120430592	314572800
120430592	314572800
120438784	314572800
120438784	314572800
120438784	314572800
120438784	314572800
120438784	314572800
120438784	314572800
120438784	314572800
120438784	314572800
120438784	314572800
120438784	314572800
120438784	314572800
120438784	314572800
120438784	314572800
120438784	314572800
120438784	314572800
120438784	314572800
120438784	314572800
120451072	314572800
120565760	314572800
120451072	314572800
120451072	314572800
120451072	314572800
120451072	314572800
120565760	314572800
120549376	314572800
120516608	314572800
120598528	314572800
120582144	314572800
120565760	314572800
120549376	314572800
120999936	314572800
120635392	314572800
120635392	314572800
120750080	314572800
120950784	314572800
120868864	314572800
120868864	314572800
120868864	314572800
120868864	314572800
120983552	314572800
120868864	314572800
120983552	314572800
120983552	314572800
120868864	314572800
120918016	314572800
120918016	314572800
120918016	314572800
120918016	314572800
120918016	314572800
120918016	314572800
120918016	314572800
120918016	314572800
120918016	314572800
120918016	314572800
120918016	314572800
121032704	314572800
120918016	314572800
120918016	314572800
120918016	314572800
120918016	314572800
120918016	314572800
120918016	314572800
120918016	314572800
120918016	314572800
120918016	314572800
120918016	314572800
120918016	314572800
120918016	314572800
120918016	314572800
121032704	314572800
121016320	314572800
120918016	314572800
120918016	314572800
120918016	314572800
120918016	314572800
120918016	314572800
120918016	314572800
120918016	314572800
120918016	314572800
120918016	314572800
120918016	314572800
