71122944	123490304
71122944	123490304
71122944	123490304
71122944	123490304
71122944	123490304
71122944	123490304
71122944	123490304
71204864	123490304
71159808	123490304
71159808	123490304
71159808	123490304
71274496	123490304
71159808	123490304
71159808	123490304
71159808	123490304
71159808	123490304
71159808	123490304
71241728	123490304
71159808	123490304
71159808	123490304
71159808	123490304
71159808	123490304
71274496	123490304
71159808	123490304
71159808	123490304
71159808	123490304
71159808	123490304
71163904	123490304
71163904	123490304
71163904	123490304
71163904	123490304
71163904	123490304
71163904	123490304
71163904	123490304
71163904	123490304
71163904	123490304
71163904	123490304
71208960	123490304
71208960	123490304
71208960	123490304
71208960	123490304
71323648	123490304
71208960	123490304
71208960	123490304
71208960	123490304
71208960	123490304
71208960	123490304
71208960	123490304
71208960	123490304
71208960	123490304
71208960	123490304
71335936	123490304
71217152	123490304
71217152	123490304
71217152	123490304
71217152	123490304
71217152	123490304
71266304	123490304
71266304	123490304
71266304	123490304
71266304	123490304
71380992	123490304
71266304	123490304
71266304	123490304
71266304	123490304
71266304	123490304
71266304	123490304
71266304	123490304
71266304	123490304
71266304	123490304
71266304	123490304
71266304	123490304
71266304	123490304
71266304	123490304
71266304	123490304
71266304	123490304
71266304	123490304
71270400	123490304
71270400	123490304
71270400	123490304
71270400	123490304
71270400	123490304
71270400	123490304
71270400	123490304
71270400	123490304
71270400	123490304
71270400	123490304
71270400	123490304
71270400	123490304
71270400	123490304
71270400	123490304
71385088	123490304
71270400	123490304
71270400	123490304
71270400	123490304
71385088	123490304
71385088	123490304
71270400	123490304
71385088	123490304
71270400	123490304
71270400	123490304
71270400	123490304
71270400	123490304
71270400	123490304
71270400	123490304
71270400	123490304
71270400	123490304
71270400	123490304
71270400	123490304
71270400	123490304
71270400	123490304
71393280	123490304
71278592	123490304
71393280	123490304
71278592	123490304
71278592	123490304
71278592	123490304
71278592	123490304
71278592	123490304
71278592	123490304
