43169.0	50000.0
30054.0	50000.0
49676.0	50000.0
47562.0	50000.0
49829.0	50000.0
50221.0	50000.0
49812.0	50000.0
49813.0	50000.0
47969.0	50000.0
50055.0	50000.0
40202.0	50000.0
49646.0	50000.0
40213.0	50000.0
49528.0	50000.0
50169.0	50000.0
48974.0	50000.0
22197.0	50000.0
48922.0	50000.0
28422.0	50000.0
45753.0	50000.0
49728.0	50000.0
50138.0	50000.0
49522.0	50000.0
48912.0	50000.0
523.0	50000.0
41422.0	50000.0
30649.0	50000.0
44174.0	50000.0
49811.0	50000.0
49812.0	50000.0
49797.0	50000.0
50195.0	50000.0
49793.0	50000.0
48228.0	50000.0
49801.0	50000.0
39970.0	50000.0
19847.0	50000.0
48887.0	50000.0
40125.0	50000.0
50224.0	50000.0
49766.0	50000.0
50590.0	50000.0
49810.0	50000.0
49792.0	50000.0
52486.0	50000.0
45196.0	50000.0
39545.0	50000.0
23367.0	50000.0
48611.0	50000.0
33639.0	50000.0
49794.0	50000.0
49797.0	50000.0
50154.0	50000.0
48106.0	50000.0
32645.0	50000.0
19060.0	50000.0
47740.0	50000.0
44810.0	50000.0
50211.0	50000.0
50181.0	50000.0
49763.0	50000.0
50572.0	50000.0
49798.0	50000.0
50423.0	50000.0
48684.0	50000.0
49797.0	50000.0
48496.0	50000.0
229.0	50000.0
14681.0	50000.0
48135.0	50000.0
40149.0	50000.0
49762.0	50000.0
49810.0	50000.0
50147.0	50000.0
49731.0	50000.0
48488.0	50000.0
50156.0	50000.0
49809.0	50000.0
49934.0	50000.0
24638.0	50000.0
40580.0	50000.0
48527.0	50000.0
50185.0	50000.0
50166.0	50000.0
49777.0	50000.0
50575.0	50000.0
52751.0	50000.0
45581.0	50000.0
50230.0	50000.0
49823.0	50000.0
49545.0	50000.0
724.0	50000.0
32818.0	50000.0
49799.0	50000.0
41293.0	50000.0
50150.0	50000.0
49760.0	50000.0
50086.0	50000.0
49584.0	50000.0
48761.0	50000.0
49534.0	50000.0
49774.0	50000.0
20023.0	50000.0
