88833.0	100000.0
99844.0	100000.0
98675.0	100000.0
61578.0	100000.0
46896.0	100000.0
80609.0	100000.0
99821.0	100000.0
99812.0	100000.0
99779.0	100000.0
97705.0	100000.0
60024.0	100000.0
91154.0	100000.0
89294.0	100000.0
103462.0	100000.0
59659.0	100000.0
4105.0	100000.0
98758.0	100000.0
66765.0	100000.0
99921.0	100000.0
98700.0	100000.0
56919.0	100000.0
93215.0	100000.0
100240.0	100000.0
99844.0	100000.0
99356.0	100000.0
99835.0	100000.0
11258.0	100000.0
24862.0	100000.0
81760.0	100000.0
99899.0	100000.0
99840.0	100000.0
97773.0	100000.0
81176.0	100000.0
16030.0	100000.0
69839.0	100000.0
80855.0	100000.0
99841.0	100000.0
98676.0	100000.0
99836.0	100000.0
49877.0	100000.0
44202.0	100000.0
88916.0	100000.0
103046.0	100000.0
71749.0	100000.0
60623.0	100000.0
80721.0	100000.0
99785.0	100000.0
97927.0	100000.0
99574.0	100000.0
2651.0	100000.0
46997.0	100000.0
91984.0	100000.0
102737.0	100000.0
94555.0	100000.0
