49038.0	50000.0
42632.0	50000.0
49804.0	50000.0
45969.0	50000.0
49966.0	50000.0
49967.0	50000.0
49596.0	50000.0
49967.0	50000.0
49966.0	50000.0
49976.0	50000.0
48765.0	50000.0
49953.0	50000.0
49941.0	50000.0
49964.0	50000.0
18163.0	50000.0
6585.0	50000.0
48156.0	50000.0
32711.0	50000.0
50095.0	50000.0
49936.0	50000.0
49968.0	50000.0
50354.0	50000.0
48529.0	50000.0
49971.0	50000.0
1300.0	50000.0
47954.0	50000.0
43949.0	50000.0
5073.0	50000.0
48187.0	50000.0
49573.0	50000.0
49978.0	50000.0
49969.0	50000.0
49376.0	50000.0
49925.0	50000.0
26074.0	50000.0
49498.0	50000.0
33066.0	50000.0
49959.0	50000.0
50324.0	50000.0
49571.0	50000.0
49067.0	50000.0
41470.0	50000.0
32393.0	50000.0
49120.0	50000.0
27768.0	50000.0
49968.0	50000.0
49955.0	50000.0
49933.0	50000.0
49943.0	50000.0
49586.0	50000.0
49352.0	50000.0
49947.0	50000.0
49965.0	50000.0
48432.0	50000.0
37427.0	50000.0
50383.0	50000.0
50421.0	50000.0
49563.0	50000.0
49976.0	50000.0
50371.0	50000.0
49069.0	50000.0
41630.0	50000.0
23976.0	50000.0
50003.0	50000.0
41370.0	50000.0
50358.0	50000.0
49550.0	50000.0
50316.0	50000.0
49950.0	50000.0
50231.0	50000.0
49923.0	50000.0
50327.0	50000.0
48477.0	50000.0
50282.0	50000.0
46306.0	50000.0
21672.0	50000.0
46671.0	50000.0
39077.0	50000.0
49934.0	50000.0
50335.0	50000.0
49939.0	50000.0
49585.0	50000.0
50066.0	50000.0
48297.0	50000.0
44206.0	50000.0
1344.0	50000.0
36040.0	50000.0
42117.0	50000.0
49973.0	50000.0
49963.0	50000.0
50361.0	50000.0
49939.0	50000.0
50361.0	50000.0
49962.0	50000.0
49957.0	50000.0
51483.0	50000.0
47670.0	50000.0
29479.0	50000.0
