93866.0	100000.0
88858.0	100000.0
11473.0	100000.0
89023.0	100000.0
100239.0	100000.0
98445.0	100000.0
70712.0	100000.0
33036.0	100000.0
74186.0	100000.0
99121.0	100000.0
50412.0	100000.0
88675.0	100000.0
34062.0	100000.0
99851.0	100000.0
98508.0	100000.0
31761.0	100000.0
36876.0	100000.0
53207.0	100000.0
99922.0	100000.0
98733.0	100000.0
73466.0	100000.0
83967.0	100000.0
102340.0	100000.0
85894.0	100000.0
67893.0	100000.0
59511.0	100000.0
99849.0	100000.0
98585.0	100000.0
6584.0	100000.0
41968.0	100000.0
82913.0	100000.0
99833.0	100000.0
98120.0	100000.0
32205.0	100000.0
50505.0	100000.0
76428.0	100000.0
102232.0	100000.0
60494.0	100000.0
51255.0	100000.0
77226.0	100000.0
100241.0	100000.0
101193.0	100000.0
84674.0	100000.0
75829.0	100000.0
88873.0	100000.0
100127.0	100000.0
98541.0	100000.0
22028.0	100000.0
69539.0	100000.0
88658.0	100000.0
104105.0	100000.0
59465.0	100000.0
