0.0	100000.0
0.0	100000.0
0.0	100000.0
0.0	100000.0
0.0	100000.0
0.0	100000.0
0.0	100000.0
0.0	100000.0
0.0	100000.0
0.0	100000.0
0.0	100000.0
0.0	100000.0
0.0	100000.0
0.0	100000.0
0.0	100000.0
0.0	100000.0
0.0	100000.0
0.0	100000.0
0.0	100000.0
0.0	100000.0
0.0	100000.0
0.0	100000.0
0.0	100000.0
0.0	100000.0
0.0	100000.0
0.0	100000.0
0.0	100000.0
0.0	100000.0
0.0	100000.0
0.0	100000.0
67407.0	100000.0
77032.0	100000.0
99855.0	100000.0
100774.0	100000.0
58413.0	100000.0
0.0	100000.0
0.0	100000.0
83771.0	100000.0
6678.0	100000.0
45197.0	100000.0
102072.0	100000.0
76579.0	100000.0
0.0	100000.0
0.0	100000.0
0.0	100000.0
0.0	100000.0
0.0	100000.0
0.0	100000.0
0.0	100000.0
0.0	100000.0
0.0	100000.0
0.0	100000.0
0.0	100000.0
0.0	100000.0
0.0	100000.0
0.0	100000.0
0.0	100000.0
0.0	100000.0
0.0	100000.0
0.0	100000.0
0.0	100000.0
0.0	100000.0
0.0	100000.0
0.0	100000.0
0.0	100000.0
0.0	100000.0
0.0	100000.0
0.0	100000.0
0.0	100000.0
0.0	100000.0
0.0	100000.0
0.0	100000.0
0.0	100000.0
0.0	100000.0
0.0	100000.0
0.0	100000.0
0.0	100000.0
0.0	100000.0
0.0	100000.0
0.0	100000.0
0.0	100000.0
0.0	100000.0
0.0	100000.0
0.0	100000.0
0.0	100000.0
0.0	100000.0
0.0	100000.0
0.0	100000.0
0.0	100000.0
0.0	100000.0
82018.0	100000.0
4387.0	100000.0
99862.0	100000.0
99822.0	100000.0
98928.0	100000.0
3218.0	100000.0
0.0	100000.0
33085.0	100000.0
76606.0	100000.0
100038.0	100000.0
99839.0	100000.0
97974.0	100000.0
15493.0	100000.0
0.0	100000.0
0.0	100000.0
0.0	100000.0
0.0	100000.0
0.0	100000.0
0.0	100000.0
0.0	100000.0
0.0	100000.0
0.0	100000.0
0.0	100000.0
0.0	100000.0
0.0	100000.0
0.0	100000.0
0.0	100000.0
0.0	100000.0
0.0	100000.0
0.0	100000.0
0.0	100000.0
0.0	100000.0
0.0	100000.0
0.0	100000.0
0.0	100000.0
0.0	100000.0
0.0	100000.0
0.0	100000.0
0.0	100000.0
0.0	100000.0
0.0	100000.0
0.0	100000.0
0.0	100000.0
0.0	100000.0
0.0	100000.0
0.0	100000.0
0.0	100000.0
0.0	100000.0
0.0	100000.0
0.0	100000.0
0.0	100000.0
0.0	100000.0
0.0	100000.0
0.0	100000.0
0.0	100000.0
0.0	100000.0
0.0	100000.0
0.0	100000.0
0.0	100000.0
0.0	100000.0
65207.0	100000.0
83640.0	100000.0
100196.0	100000.0
97546.0	100000.0
65091.0	100000.0
66274.0	100000.0
68015.0	100000.0
99779.0	100000.0
100084.0	100000.0
99799.0	100000.0
99567.0	100000.0
67187.0	100000.0
0.0	100000.0
0.0	100000.0
0.0	100000.0
0.0	100000.0
0.0	100000.0
0.0	100000.0
0.0	100000.0
0.0	100000.0
0.0	100000.0
0.0	100000.0
0.0	100000.0
0.0	100000.0
0.0	100000.0
0.0	100000.0
0.0	100000.0
0.0	100000.0
0.0	100000.0
0.0	100000.0
0.0	100000.0
0.0	100000.0
0.0	100000.0
0.0	100000.0
0.0	100000.0
0.0	100000.0
0.0	100000.0
0.0	100000.0
0.0	100000.0
0.0	100000.0
0.0	100000.0
0.0	100000.0
0.0	100000.0
0.0	100000.0
0.0	100000.0
0.0	100000.0
0.0	100000.0
0.0	100000.0
0.0	100000.0
0.0	100000.0
0.0	100000.0
0.0	100000.0
0.0	100000.0
0.0	100000.0
0.0	100000.0
0.0	100000.0
0.0	100000.0
0.0	100000.0
0.0	100000.0
29393.0	100000.0
69638.0	100000.0
100170.0	100000.0
99824.0	100000.0
99398.0	100000.0
59228.0	100000.0
0.0	100000.0
0.0	100000.0
0.0	100000.0
0.0	100000.0
0.0	100000.0
0.0	100000.0
0.0	100000.0
0.0	100000.0
0.0	100000.0
0.0	100000.0
0.0	100000.0
0.0	100000.0
0.0	100000.0
0.0	100000.0
0.0	100000.0
0.0	100000.0
0.0	100000.0
0.0	100000.0
0.0	100000.0
0.0	100000.0
0.0	100000.0
0.0	100000.0
0.0	100000.0
0.0	100000.0
0.0	100000.0
0.0	100000.0
0.0	100000.0
0.0	100000.0
0.0	100000.0
0.0	100000.0
0.0	100000.0
0.0	100000.0
0.0	100000.0
0.0	100000.0
0.0	100000.0
0.0	100000.0
0.0	100000.0
0.0	100000.0
0.0	100000.0
0.0	100000.0
0.0	100000.0
0.0	100000.0
0.0	100000.0
0.0	100000.0
0.0	100000.0
0.0	100000.0
0.0	100000.0
0.0	100000.0
0.0	100000.0
0.0	100000.0
0.0	100000.0
0.0	100000.0
0.0	100000.0
0.0	100000.0
0.0	100000.0
0.0	100000.0
0.0	100000.0
0.0	100000.0
0.0	100000.0
0.0	100000.0
0.0	100000.0
0.0	100000.0
0.0	100000.0
0.0	100000.0
0.0	100000.0
0.0	100000.0
0.0	100000.0
0.0	100000.0
0.0	100000.0
0.0	100000.0
0.0	100000.0
0.0	100000.0
0.0	100000.0
0.0	100000.0
0.0	100000.0
0.0	100000.0
0.0	100000.0
0.0	100000.0
0.0	100000.0
0.0	100000.0
0.0	100000.0
0.0	100000.0
0.0	100000.0
0.0	100000.0
0.0	100000.0
