30034.0	100000.0
56583.0	100000.0
98633.0	100000.0
98989.0	100000.0
53265.0	100000.0
84702.0	100000.0
72753.0	100000.0
99846.0	100000.0
99039.0	100000.0
65924.0	100000.0
25437.0	100000.0
56186.0	100000.0
30690.0	100000.0
99847.0	100000.0
98921.0	100000.0
10712.0	100000.0
67641.0	100000.0
59534.0	100000.0
99847.0	100000.0
99223.0	100000.0
99603.0	100000.0
77732.0	100000.0
20622.0	100000.0
78887.0	100000.0
54176.0	100000.0
99847.0	100000.0
99155.0	100000.0
32279.0	100000.0
34262.0	100000.0
76807.0	100000.0
99835.0	100000.0
100238.0	100000.0
98158.0	100000.0
9202.0	100000.0
52660.0	100000.0
58287.0	100000.0
99759.0	100000.0
99826.0	100000.0
100223.0	100000.0
98227.0	100000.0
68301.0	100000.0
40244.0	100000.0
66110.0	100000.0
62397.0	100000.0
100143.0	100000.0
98651.0	100000.0
45927.0	100000.0
