61901.0	100000.0
63563.0	100000.0
35955.0	100000.0
4116.0	100000.0
78251.0	100000.0
99852.0	100000.0
99857.0	100000.0
99675.0	100000.0
99454.0	100000.0
99635.0	100000.0
17311.0	100000.0
59192.0	100000.0
30139.0	100000.0
90328.0	100000.0
100238.0	100000.0
99089.0	100000.0
41270.0	100000.0
21793.0	100000.0
54988.0	100000.0
95071.0	100000.0
103835.0	100000.0
93792.0	100000.0
3589.0	100000.0
68384.0	100000.0
78950.0	100000.0
102580.0	100000.0
62803.0	100000.0
83381.0	100000.0
70970.0	100000.0
99826.0	100000.0
98871.0	100000.0
60637.0	100000.0
64257.0	100000.0
84226.0	100000.0
99836.0	100000.0
100242.0	100000.0
97773.0	100000.0
12018.0	100000.0
65240.0	100000.0
57421.0	100000.0
99935.0	100000.0
100249.0	100000.0
98155.0	100000.0
61062.0	100000.0
