35745.0	100000.0
52114.0	100000.0
100244.0	100000.0
99847.0	100000.0
100253.0	100000.0
98793.0	100000.0
99633.0	100000.0
91909.0	100000.0
61674.0	100000.0
87776.0	100000.0
100249.0	100000.0
98545.0	100000.0
99653.0	100000.0
100243.0	100000.0
39273.0	100000.0
50824.0	100000.0
62247.0	100000.0
100230.0	100000.0
68909.0	100000.0
507.0	100000.0
93922.0	100000.0
89116.0	100000.0
101283.0	100000.0
86386.0	100000.0
84026.0	100000.0
99718.0	100000.0
98309.0	100000.0
28775.0	100000.0
71598.0	100000.0
77916.0	100000.0
98430.0	100000.0
90189.0	100000.0
72410.0	100000.0
99846.0	100000.0
99210.0	100000.0
56969.0	100000.0
79868.0	100000.0
66881.0	100000.0
100177.0	100000.0
99846.0	100000.0
98318.0	100000.0
40212.0	100000.0
76280.0	100000.0
56084.0	100000.0
107952.0	100000.0
84918.0	100000.0
99489.0	100000.0
89862.0	100000.0
99530.0	100000.0
72167.0	100000.0
81002.0	100000.0
93303.0	100000.0
105034.0	100000.0
92607.0	100000.0
74351.0	100000.0
87588.0	100000.0
99837.0	100000.0
100235.0	100000.0
97453.0	100000.0
42607.0	100000.0
77481.0	100000.0
84968.0	100000.0
99696.0	100000.0
98127.0	100000.0
99563.0	100000.0
64495.0	100000.0
