50013.0	50000.0
50015.0	50000.0
50026.0	50000.0
48211.0	50000.0
50001.0	50000.0
49900.0	50000.0
38278.0	50000.0
50109.0	50000.0
38898.0	50000.0
50184.0	50000.0
50024.0	50000.0
53009.0	50000.0
45464.0	50000.0
14925.0	50000.0
22449.0	50000.0
45131.0	50000.0
49649.0	50000.0
50407.0	50000.0
49988.0	50000.0
48745.0	50000.0
28247.0	50000.0
14953.0	50000.0
49396.0	50000.0
26266.0	50000.0
49606.0	50000.0
50008.0	50000.0
50036.0	50000.0
49998.0	50000.0
50346.0	50000.0
49958.0	50000.0
48757.0	50000.0
50392.0	50000.0
49995.0	50000.0
52000.0	50000.0
46392.0	50000.0
46248.0	50000.0
50023.0	50000.0
50427.0	50000.0
49611.0	50000.0
50411.0	50000.0
52534.0	50000.0
46369.0	50000.0
38693.0	50000.0
14242.0	50000.0
46669.0	50000.0
45182.0	50000.0
49589.0	50000.0
50006.0	50000.0
50401.0	50000.0
49994.0	50000.0
50374.0	50000.0
49502.0	50000.0
48287.0	50000.0
50444.0	50000.0
50037.0	50000.0
39772.0	50000.0
49981.0	50000.0
46503.0	50000.0
50414.0	50000.0
49915.0	50000.0
49992.0	50000.0
50006.0	50000.0
49252.0	50000.0
38169.0	50000.0
14879.0	50000.0
44769.0	50000.0
39092.0	50000.0
49958.0	50000.0
50395.0	50000.0
49696.0	50000.0
50426.0	50000.0
50001.0	50000.0
50414.0	50000.0
49042.0	50000.0
50404.0	50000.0
37247.0	50000.0
49578.0	50000.0
49589.0	50000.0
49987.0	50000.0
49633.0	50000.0
50378.0	50000.0
49997.0	50000.0
49465.0	50000.0
49987.0	50000.0
49435.0	50000.0
1243.0	50000.0
21274.0	50000.0
42670.0	50000.0
47440.0	50000.0
49959.0	50000.0
50197.0	50000.0
49841.0	50000.0
50013.0	50000.0
49901.0	50000.0
50000.0	50000.0
37849.0	50000.0
47630.0	50000.0
49302.0	50000.0
50398.0	50000.0
50027.0	50000.0
49164.0	50000.0
48603.0	50000.0
1239.0	50000.0
