70701.0	100000.0
58916.0	100000.0
99951.0	100000.0
92382.0	100000.0
69052.0	100000.0
74839.0	100000.0
98289.0	100000.0
61568.0	100000.0
98457.0	100000.0
68247.0	100000.0
99936.0	100000.0
98394.0	100000.0
63570.0	100000.0
92210.0	100000.0
99847.0	100000.0
99668.0	100000.0
98088.0	100000.0
35072.0	100000.0
22026.0	100000.0
80506.0	100000.0
100237.0	100000.0
97978.0	100000.0
95013.0	100000.0
87373.0	100000.0
99828.0	100000.0
100739.0	100000.0
97844.0	100000.0
90297.0	100000.0
88629.0	100000.0
99844.0	100000.0
101696.0	100000.0
96420.0	100000.0
55889.0	100000.0
52242.0	100000.0
75526.0	100000.0
99842.0	100000.0
99103.0	100000.0
63396.0	100000.0
72924.0	100000.0
96256.0	100000.0
99927.0	100000.0
98061.0	100000.0
86284.0	100000.0
95619.0	100000.0
99820.0	100000.0
98938.0	100000.0
37936.0	100000.0
58719.0	100000.0
78515.0	100000.0
98667.0	100000.0
90492.0	100000.0
83789.0	100000.0
99850.0	100000.0
98054.0	100000.0
93484.0	100000.0
55466.0	100000.0
85704.0	100000.0
99827.0	100000.0
98627.0	100000.0
17751.0	100000.0
48551.0	100000.0
80356.0	100000.0
99574.0	100000.0
99840.0	100000.0
104971.0	100000.0
92796.0	100000.0
