50345.0	50000.0
52788.0	50000.0
45992.0	50000.0
17350.0	50000.0
9905.0	50000.0
48675.0	50000.0
46803.0	50000.0
50272.0	50000.0
49847.0	50000.0
47908.0	50000.0
36442.0	50000.0
37682.0	50000.0
46716.0	50000.0
49905.0	50000.0
49895.0	50000.0
49920.0	50000.0
48984.0	50000.0
36555.0	50000.0
44856.0	50000.0
47652.0	50000.0
49875.0	50000.0
50250.0	50000.0
49897.0	50000.0
49853.0	50000.0
47599.0	50000.0
49898.0	50000.0
20087.0	50000.0
10538.0	50000.0
48618.0	50000.0
30848.0	50000.0
49892.0	50000.0
49874.0	50000.0
50560.0	50000.0
48187.0	50000.0
50232.0	50000.0
16592.0	50000.0
40369.0	50000.0
35017.0	50000.0
49893.0	50000.0
50686.0	50000.0
49889.0	50000.0
49893.0	50000.0
50296.0	50000.0
48825.0	50000.0
50296.0	50000.0
43487.0	50000.0
24169.0	50000.0
41168.0	50000.0
45571.0	50000.0
49877.0	50000.0
49861.0	50000.0
50268.0	50000.0
50288.0	50000.0
50271.0	50000.0
51549.0	50000.0
47755.0	50000.0
49883.0	50000.0
36392.0	50000.0
49562.0	50000.0
27915.0	50000.0
47929.0	50000.0
50344.0	50000.0
52158.0	50000.0
45379.0	50000.0
23556.0	50000.0
35455.0	50000.0
44976.0	50000.0
43595.0	50000.0
49868.0	50000.0
50266.0	50000.0
50264.0	50000.0
50299.0	50000.0
47001.0	50000.0
49904.0	50000.0
50294.0	50000.0
41188.0	50000.0
20082.0	50000.0
45893.0	50000.0
43557.0	50000.0
49888.0	50000.0
50694.0	50000.0
49886.0	50000.0
50046.0	50000.0
50207.0	50000.0
49790.0	50000.0
50129.0	50000.0
51296.0	50000.0
47676.0	50000.0
49817.0	50000.0
49838.0	50000.0
48371.0	50000.0
48657.0	50000.0
41382.0	50000.0
49912.0	50000.0
50289.0	50000.0
49909.0	50000.0
50279.0	50000.0
49944.0	50000.0
46694.0	50000.0
50276.0	50000.0
18802.0	50000.0
31055.0	50000.0
46467.0	50000.0
38678.0	50000.0
50275.0	50000.0
49879.0	50000.0
49457.0	50000.0
49480.0	50000.0
4791.0	50000.0
43428.0	50000.0
37793.0	50000.0
50313.0	50000.0
49901.0	50000.0
49895.0	50000.0
49901.0	50000.0
49003.0	50000.0
49875.0	50000.0
38325.0	50000.0
49849.0	50000.0
45193.0	50000.0
49802.0	50000.0
49813.0	50000.0
49683.0	50000.0
48669.0	50000.0
16529.0	50000.0
27932.0	50000.0
36425.0	50000.0
49376.0	50000.0
49861.0	50000.0
49857.0	50000.0
49878.0	50000.0
49865.0	50000.0
48645.0	50000.0
49850.0	50000.0
49847.0	50000.0
49867.0	50000.0
11389.0	50000.0
