98793.0	100000.0
75770.0	100000.0
75642.0	100000.0
105842.0	100000.0
95776.0	100000.0
85161.0	100000.0
99847.0	100000.0
90167.0	100000.0
91792.0	100000.0
65394.0	100000.0
100228.0	100000.0
77111.0	100000.0
46471.0	100000.0
88977.0	100000.0
99927.0	100000.0
102316.0	100000.0
79413.0	100000.0
2867.0	100000.0
89481.0	100000.0
89537.0	100000.0
99832.0	100000.0
98713.0	100000.0
99833.0	100000.0
56004.0	100000.0
91431.0	100000.0
99832.0	100000.0
101398.0	100000.0
64964.0	100000.0
23852.0	100000.0
69294.0	100000.0
99847.0	100000.0
99934.0	100000.0
103535.0	100000.0
94689.0	100000.0
33289.0	100000.0
79001.0	100000.0
86441.0	100000.0
100241.0	100000.0
98320.0	100000.0
99835.0	100000.0
27514.0	100000.0
39980.0	100000.0
82943.0	100000.0
103151.0	100000.0
53374.0	100000.0
60313.0	100000.0
93073.0	100000.0
100254.0	100000.0
99862.0	100000.0
99838.0	100000.0
99086.0	100000.0
99842.0	100000.0
29815.0	100000.0
44770.0	100000.0
89934.0	100000.0
98281.0	100000.0
30021.0	100000.0
