0.0	100000.0
0.0	100000.0
0.0	100000.0
0.0	100000.0
0.0	100000.0
0.0	100000.0
0.0	100000.0
0.0	100000.0
0.0	100000.0
0.0	100000.0
0.0	100000.0
0.0	100000.0
0.0	100000.0
0.0	100000.0
0.0	100000.0
0.0	100000.0
0.0	100000.0
0.0	100000.0
0.0	100000.0
0.0	100000.0
0.0	100000.0
0.0	100000.0
0.0	100000.0
0.0	100000.0
0.0	100000.0
0.0	100000.0
0.0	100000.0
0.0	100000.0
0.0	100000.0
79425.0	100000.0
8095.0	100000.0
82350.0	100000.0
98899.0	100000.0
55531.0	100000.0
82560.0	100000.0
88403.0	100000.0
99522.0	100000.0
96848.0	100000.0
53741.0	100000.0
37196.0	100000.0
99834.0	100000.0
103953.0	100000.0
95147.0	100000.0
17150.0	100000.0
0.0	100000.0
0.0	100000.0
0.0	100000.0
0.0	100000.0
0.0	100000.0
0.0	100000.0
0.0	100000.0
0.0	100000.0
0.0	100000.0
0.0	100000.0
0.0	100000.0
0.0	100000.0
0.0	100000.0
0.0	100000.0
0.0	100000.0
0.0	100000.0
0.0	100000.0
0.0	100000.0
0.0	100000.0
0.0	100000.0
0.0	100000.0
0.0	100000.0
0.0	100000.0
0.0	100000.0
0.0	100000.0
0.0	100000.0
0.0	100000.0
0.0	100000.0
0.0	100000.0
0.0	100000.0
0.0	100000.0
0.0	100000.0
0.0	100000.0
0.0	100000.0
0.0	100000.0
0.0	100000.0
0.0	100000.0
0.0	100000.0
0.0	100000.0
0.0	100000.0
0.0	100000.0
0.0	100000.0
0.0	100000.0
0.0	100000.0
22013.0	100000.0
48966.0	100000.0
71284.0	100000.0
99842.0	100000.0
98806.0	100000.0
33076.0	100000.0
7079.0	100000.0
61078.0	100000.0
95154.0	100000.0
95931.0	100000.0
67221.0	100000.0
97718.0	100000.0
99849.0	100000.0
98356.0	100000.0
56450.0	100000.0
0.0	100000.0
0.0	100000.0
0.0	100000.0
0.0	100000.0
0.0	100000.0
0.0	100000.0
0.0	100000.0
0.0	100000.0
0.0	100000.0
0.0	100000.0
0.0	100000.0
0.0	100000.0
0.0	100000.0
0.0	100000.0
0.0	100000.0
0.0	100000.0
0.0	100000.0
0.0	100000.0
0.0	100000.0
0.0	100000.0
0.0	100000.0
0.0	100000.0
0.0	100000.0
0.0	100000.0
0.0	100000.0
0.0	100000.0
0.0	100000.0
0.0	100000.0
0.0	100000.0
0.0	100000.0
0.0	100000.0
0.0	100000.0
0.0	100000.0
0.0	100000.0
0.0	100000.0
0.0	100000.0
0.0	100000.0
0.0	100000.0
0.0	100000.0
0.0	100000.0
0.0	100000.0
0.0	100000.0
0.0	100000.0
0.0	100000.0
0.0	100000.0
0.0	100000.0
72481.0	100000.0
53686.0	100000.0
100090.0	100000.0
99720.0	100000.0
98544.0	100000.0
99233.0	100000.0
86307.0	100000.0
75384.0	100000.0
99847.0	100000.0
99901.0	100000.0
98295.0	100000.0
54077.0	100000.0
0.0	100000.0
0.0	100000.0
0.0	100000.0
0.0	100000.0
0.0	100000.0
0.0	100000.0
0.0	100000.0
0.0	100000.0
0.0	100000.0
0.0	100000.0
0.0	100000.0
0.0	100000.0
0.0	100000.0
0.0	100000.0
0.0	100000.0
0.0	100000.0
0.0	100000.0
0.0	100000.0
0.0	100000.0
0.0	100000.0
0.0	100000.0
0.0	100000.0
0.0	100000.0
0.0	100000.0
0.0	100000.0
0.0	100000.0
0.0	100000.0
0.0	100000.0
0.0	100000.0
0.0	100000.0
0.0	100000.0
0.0	100000.0
0.0	100000.0
0.0	100000.0
0.0	100000.0
0.0	100000.0
0.0	100000.0
0.0	100000.0
0.0	100000.0
0.0	100000.0
0.0	100000.0
0.0	100000.0
0.0	100000.0
0.0	100000.0
0.0	100000.0
0.0	100000.0
0.0	100000.0
7571.0	100000.0
69825.0	100000.0
99990.0	100000.0
97451.0	100000.0
57500.0	100000.0
0.0	100000.0
52602.0	100000.0
75315.0	100000.0
101718.0	100000.0
85506.0	100000.0
89102.0	100000.0
99233.0	100000.0
99154.0	100000.0
85970.0	100000.0
77499.0	100000.0
99848.0	100000.0
98499.0	100000.0
35489.0	100000.0
0.0	100000.0
0.0	100000.0
0.0	100000.0
0.0	100000.0
0.0	100000.0
0.0	100000.0
0.0	100000.0
0.0	100000.0
0.0	100000.0
0.0	100000.0
0.0	100000.0
0.0	100000.0
0.0	100000.0
0.0	100000.0
0.0	100000.0
0.0	100000.0
0.0	100000.0
0.0	100000.0
0.0	100000.0
0.0	100000.0
0.0	100000.0
0.0	100000.0
0.0	100000.0
0.0	100000.0
0.0	100000.0
0.0	100000.0
0.0	100000.0
0.0	100000.0
0.0	100000.0
0.0	100000.0
0.0	100000.0
0.0	100000.0
0.0	100000.0
0.0	100000.0
0.0	100000.0
0.0	100000.0
0.0	100000.0
0.0	100000.0
0.0	100000.0
0.0	100000.0
0.0	100000.0
0.0	100000.0
0.0	100000.0
59398.0	100000.0
79224.0	100000.0
100217.0	100000.0
98181.0	100000.0
99769.0	100000.0
7505.0	100000.0
0.0	100000.0
0.0	100000.0
0.0	100000.0
0.0	100000.0
0.0	100000.0
0.0	100000.0
0.0	100000.0
0.0	100000.0
0.0	100000.0
0.0	100000.0
0.0	100000.0
0.0	100000.0
0.0	100000.0
0.0	100000.0
0.0	100000.0
0.0	100000.0
0.0	100000.0
0.0	100000.0
0.0	100000.0
0.0	100000.0
0.0	100000.0
0.0	100000.0
0.0	100000.0
0.0	100000.0
0.0	100000.0
