186740736.0	268435456.0
199299072.0	268435456.0
100823040.0	268435456.0
100794368.0	268435456.0
100794368.0	268435456.0
100794368.0	268435456.0
100794368.0	268435456.0
100794368.0	268435456.0
100794368.0	268435456.0
100794368.0	268435456.0
100794368.0	268435456.0
100794368.0	268435456.0
100794368.0	268435456.0
100794368.0	268435456.0
100794368.0	268435456.0
100794368.0	268435456.0
100794368.0	268435456.0
100794368.0	268435456.0
100794368.0	268435456.0
100794368.0	268435456.0
100794368.0	268435456.0
100794368.0	268435456.0
100794368.0	268435456.0
100794368.0	268435456.0
100794368.0	268435456.0
100794368.0	268435456.0
100794368.0	268435456.0
100794368.0	268435456.0
100794368.0	268435456.0
100794368.0	268435456.0
100794368.0	268435456.0
100794368.0	268435456.0
100794368.0	268435456.0
100794368.0	268435456.0
100794368.0	268435456.0
100794368.0	268435456.0
100794368.0	268435456.0
100794368.0	268435456.0
100794368.0	268435456.0
100794368.0	268435456.0
100794368.0	268435456.0
100794368.0	268435456.0
100794368.0	268435456.0
100794368.0	268435456.0
100794368.0	268435456.0
100794368.0	268435456.0
100794368.0	268435456.0
100794368.0	268435456.0
100794368.0	268435456.0
100794368.0	268435456.0
100794368.0	268435456.0
100794368.0	268435456.0
100794368.0	268435456.0
100794368.0	268435456.0
100794368.0	268435456.0
100794368.0	268435456.0
100794368.0	268435456.0
124755968.0	268435456.0
171175936.0	268435456.0
185745408.0	268435456.0
195899392.0	268435456.0
101109760.0	268435456.0
101003264.0	268435456.0
120893440.0	268435456.0
171159552.0	268435456.0
178593792.0	268435456.0
197709824.0	268435456.0
184696832.0	268435456.0
101343232.0	268435456.0
101343232.0	268435456.0
101343232.0	268435456.0
101343232.0	268435456.0
101343232.0	268435456.0
101343232.0	268435456.0
101343232.0	268435456.0
101343232.0	268435456.0
101343232.0	268435456.0
101343232.0	268435456.0
101343232.0	268435456.0
101343232.0	268435456.0
101343232.0	268435456.0
101343232.0	268435456.0
101343232.0	268435456.0
101343232.0	268435456.0
101343232.0	268435456.0
101343232.0	268435456.0
101343232.0	268435456.0
101343232.0	268435456.0
101343232.0	268435456.0
101343232.0	268435456.0
101343232.0	268435456.0
101343232.0	268435456.0
101343232.0	268435456.0
101343232.0	268435456.0
101343232.0	268435456.0
101343232.0	268435456.0
101343232.0	268435456.0
101343232.0	268435456.0
101343232.0	268435456.0
101343232.0	268435456.0
101343232.0	268435456.0
101343232.0	268435456.0
101343232.0	268435456.0
101343232.0	268435456.0
101343232.0	268435456.0
101343232.0	268435456.0
101343232.0	268435456.0
101343232.0	268435456.0
101343232.0	268435456.0
101343232.0	268435456.0
101343232.0	268435456.0
101343232.0	268435456.0
101343232.0	268435456.0
101343232.0	268435456.0
101343232.0	268435456.0
101343232.0	268435456.0
101343232.0	268435456.0
139059200.0	268435456.0
184954880.0	268435456.0
196734976.0	268435456.0
218177536.0	268435456.0
222408704.0	268435456.0
183070720.0	268435456.0
101814272.0	268435456.0
157069312.0	268435456.0
185360384.0	268435456.0
198217728.0	268435456.0
219545600.0	268435456.0
222883840.0	268435456.0
102440960.0	268435456.0
102273024.0	268435456.0
102219776.0	268435456.0
102219776.0	268435456.0
102219776.0	268435456.0
102219776.0	268435456.0
102219776.0	268435456.0
102219776.0	268435456.0
102219776.0	268435456.0
102219776.0	268435456.0
102219776.0	268435456.0
102219776.0	268435456.0
102219776.0	268435456.0
102219776.0	268435456.0
102219776.0	268435456.0
102219776.0	268435456.0
102219776.0	268435456.0
102219776.0	268435456.0
102219776.0	268435456.0
102219776.0	268435456.0
102219776.0	268435456.0
102219776.0	268435456.0
102219776.0	268435456.0
102219776.0	268435456.0
102219776.0	268435456.0
102219776.0	268435456.0
102219776.0	268435456.0
102219776.0	268435456.0
102219776.0	268435456.0
102219776.0	268435456.0
102219776.0	268435456.0
102219776.0	268435456.0
102219776.0	268435456.0
102219776.0	268435456.0
102219776.0	268435456.0
102219776.0	268435456.0
102219776.0	268435456.0
102219776.0	268435456.0
102219776.0	268435456.0
102219776.0	268435456.0
102219776.0	268435456.0
102219776.0	268435456.0
102219776.0	268435456.0
102219776.0	268435456.0
102219776.0	268435456.0
102219776.0	268435456.0
102219776.0	268435456.0
102219776.0	268435456.0
139042816.0	268435456.0
177926144.0	268435456.0
196431872.0	268435456.0
198750208.0	268435456.0
120905728.0	268435456.0
157814784.0	268435456.0
186126336.0	268435456.0
197681152.0	268435456.0
178462720.0	268435456.0
102825984.0	268435456.0
102825984.0	268435456.0
102825984.0	268435456.0
102825984.0	268435456.0
102825984.0	268435456.0
102825984.0	268435456.0
102825984.0	268435456.0
102825984.0	268435456.0
102825984.0	268435456.0
102825984.0	268435456.0
102825984.0	268435456.0
102825984.0	268435456.0
102825984.0	268435456.0
102825984.0	268435456.0
102825984.0	268435456.0
102825984.0	268435456.0
102825984.0	268435456.0
102825984.0	268435456.0
102825984.0	268435456.0
102825984.0	268435456.0
102825984.0	268435456.0
102825984.0	268435456.0
102825984.0	268435456.0
102825984.0	268435456.0
102825984.0	268435456.0
102825984.0	268435456.0
102825984.0	268435456.0
102825984.0	268435456.0
102825984.0	268435456.0
102825984.0	268435456.0
102825984.0	268435456.0
102825984.0	268435456.0
102825984.0	268435456.0
102825984.0	268435456.0
102825984.0	268435456.0
102825984.0	268435456.0
102825984.0	268435456.0
102825984.0	268435456.0
102825984.0	268435456.0
102825984.0	268435456.0
102825984.0	268435456.0
102825984.0	268435456.0
102825984.0	268435456.0
102825984.0	268435456.0
102825984.0	268435456.0
102825984.0	268435456.0
102825984.0	268435456.0
102825984.0	268435456.0
102825984.0	268435456.0
102825984.0	268435456.0
102825984.0	268435456.0
158023680.0	268435456.0
177836032.0	268435456.0
198774784.0	268435456.0
179675136.0	268435456.0
122327040.0	268435456.0
159141888.0	268435456.0
187416576.0	268435456.0
198803456.0	268435456.0
201408512.0	268435456.0
220639232.0	268435456.0
222605312.0	268435456.0
104202240.0	268435456.0
104165376.0	268435456.0
104165376.0	268435456.0
104165376.0	268435456.0
104042496.0	268435456.0
104042496.0	268435456.0
104042496.0	268435456.0
104042496.0	268435456.0
104042496.0	268435456.0
104042496.0	268435456.0
104042496.0	268435456.0
104042496.0	268435456.0
104042496.0	268435456.0
104042496.0	268435456.0
104042496.0	268435456.0
104042496.0	268435456.0
104042496.0	268435456.0
104042496.0	268435456.0
104042496.0	268435456.0
104042496.0	268435456.0
104042496.0	268435456.0
104042496.0	268435456.0
104042496.0	268435456.0
104042496.0	268435456.0
104042496.0	268435456.0
104042496.0	268435456.0
104042496.0	268435456.0
104042496.0	268435456.0
104042496.0	268435456.0
104042496.0	268435456.0
104042496.0	268435456.0
104042496.0	268435456.0
104042496.0	268435456.0
104042496.0	268435456.0
104042496.0	268435456.0
104042496.0	268435456.0
104042496.0	268435456.0
104042496.0	268435456.0
104042496.0	268435456.0
104042496.0	268435456.0
104042496.0	268435456.0
104042496.0	268435456.0
104042496.0	268435456.0
104042496.0	268435456.0
104042496.0	268435456.0
104042496.0	268435456.0
104042496.0	268435456.0
104042496.0	268435456.0
104042496.0	268435456.0
104042496.0	268435456.0
104042496.0	268435456.0
135512064.0	268435456.0
