76075008.0	268435456.0
76075008.0	268435456.0
76075008.0	268435456.0
76075008.0	268435456.0
76075008.0	268435456.0
76075008.0	268435456.0
76075008.0	268435456.0
76075008.0	268435456.0
76075008.0	268435456.0
76075008.0	268435456.0
76075008.0	268435456.0
76075008.0	268435456.0
76075008.0	268435456.0
76075008.0	268435456.0
76075008.0	268435456.0
76075008.0	268435456.0
76075008.0	268435456.0
76075008.0	268435456.0
76075008.0	268435456.0
76075008.0	268435456.0
76075008.0	268435456.0
76075008.0	268435456.0
76075008.0	268435456.0
76075008.0	268435456.0
76075008.0	268435456.0
76075008.0	268435456.0
76075008.0	268435456.0
76075008.0	268435456.0
76075008.0	268435456.0
76075008.0	268435456.0
100306944.0	268435456.0
152543232.0	268435456.0
172068864.0	268435456.0
153001984.0	268435456.0
77144064.0	268435456.0
77144064.0	268435456.0
77144064.0	268435456.0
77144064.0	268435456.0
77144064.0	268435456.0
77144064.0	268435456.0
77144064.0	268435456.0
77144064.0	268435456.0
77144064.0	268435456.0
77144064.0	268435456.0
77144064.0	268435456.0
77144064.0	268435456.0
77144064.0	268435456.0
77144064.0	268435456.0
77144064.0	268435456.0
77144064.0	268435456.0
77144064.0	268435456.0
77144064.0	268435456.0
77144064.0	268435456.0
77144064.0	268435456.0
77144064.0	268435456.0
77144064.0	268435456.0
77144064.0	268435456.0
77144064.0	268435456.0
77144064.0	268435456.0
77144064.0	268435456.0
77144064.0	268435456.0
77144064.0	268435456.0
77144064.0	268435456.0
77144064.0	268435456.0
77144064.0	268435456.0
77144064.0	268435456.0
77144064.0	268435456.0
77144064.0	268435456.0
77144064.0	268435456.0
77144064.0	268435456.0
77144064.0	268435456.0
77144064.0	268435456.0
77144064.0	268435456.0
77144064.0	268435456.0
77144064.0	268435456.0
77144064.0	268435456.0
77144064.0	268435456.0
77144064.0	268435456.0
77144064.0	268435456.0
77144064.0	268435456.0
77144064.0	268435456.0
77144064.0	268435456.0
77144064.0	268435456.0
77144064.0	268435456.0
77144064.0	268435456.0
77144064.0	268435456.0
77144064.0	268435456.0
77144064.0	268435456.0
77144064.0	268435456.0
77144064.0	268435456.0
108863488.0	268435456.0
160518144.0	268435456.0
173948928.0	268435456.0
194752512.0	268435456.0
78135296.0	268435456.0
78118912.0	268435456.0
78118912.0	268435456.0
78118912.0	268435456.0
96813056.0	268435456.0
150941696.0	268435456.0
164139008.0	268435456.0
175509504.0	268435456.0
197459968.0	268435456.0
161542144.0	268435456.0
79687680.0	268435456.0
79568896.0	268435456.0
79495168.0	268435456.0
79478784.0	268435456.0
79462400.0	268435456.0
79462400.0	268435456.0
79462400.0	268435456.0
79462400.0	268435456.0
79462400.0	268435456.0
79462400.0	268435456.0
79462400.0	268435456.0
79462400.0	268435456.0
79462400.0	268435456.0
79462400.0	268435456.0
79462400.0	268435456.0
79462400.0	268435456.0
79462400.0	268435456.0
79462400.0	268435456.0
79462400.0	268435456.0
79462400.0	268435456.0
79462400.0	268435456.0
79462400.0	268435456.0
79462400.0	268435456.0
79462400.0	268435456.0
79462400.0	268435456.0
79462400.0	268435456.0
79462400.0	268435456.0
79462400.0	268435456.0
79462400.0	268435456.0
79462400.0	268435456.0
79462400.0	268435456.0
79462400.0	268435456.0
79462400.0	268435456.0
79462400.0	268435456.0
79462400.0	268435456.0
79462400.0	268435456.0
79462400.0	268435456.0
79462400.0	268435456.0
79462400.0	268435456.0
79462400.0	268435456.0
79462400.0	268435456.0
79462400.0	268435456.0
79462400.0	268435456.0
79462400.0	268435456.0
79462400.0	268435456.0
79462400.0	268435456.0
98791424.0	268435456.0
151371776.0	268435456.0
166035456.0	268435456.0
176889856.0	268435456.0
197541888.0	268435456.0
201768960.0	268435456.0
165924864.0	268435456.0
79990784.0	268435456.0
79990784.0	268435456.0
79990784.0	268435456.0
79990784.0	268435456.0
79990784.0	268435456.0
79990784.0	268435456.0
79990784.0	268435456.0
79990784.0	268435456.0
79990784.0	268435456.0
79990784.0	268435456.0
79990784.0	268435456.0
79990784.0	268435456.0
79990784.0	268435456.0
79990784.0	268435456.0
79990784.0	268435456.0
79990784.0	268435456.0
79990784.0	268435456.0
79990784.0	268435456.0
79990784.0	268435456.0
79990784.0	268435456.0
79990784.0	268435456.0
79990784.0	268435456.0
79990784.0	268435456.0
79990784.0	268435456.0
79990784.0	268435456.0
79990784.0	268435456.0
79990784.0	268435456.0
79990784.0	268435456.0
79990784.0	268435456.0
79990784.0	268435456.0
79990784.0	268435456.0
79990784.0	268435456.0
79990784.0	268435456.0
79990784.0	268435456.0
79990784.0	268435456.0
79990784.0	268435456.0
79990784.0	268435456.0
79990784.0	268435456.0
79990784.0	268435456.0
79990784.0	268435456.0
79990784.0	268435456.0
79990784.0	268435456.0
79990784.0	268435456.0
79990784.0	268435456.0
79990784.0	268435456.0
79990784.0	268435456.0
79990784.0	268435456.0
79990784.0	268435456.0
79990784.0	268435456.0
79990784.0	268435456.0
79990784.0	268435456.0
79990784.0	268435456.0
79990784.0	268435456.0
136138752.0	268435456.0
164642816.0	268435456.0
177192960.0	268435456.0
198389760.0	268435456.0
171646976.0	268435456.0
80568320.0	268435456.0
80568320.0	268435456.0
80568320.0	268435456.0
80568320.0	268435456.0
80568320.0	268435456.0
80568320.0	268435456.0
80568320.0	268435456.0
80568320.0	268435456.0
80568320.0	268435456.0
80568320.0	268435456.0
80568320.0	268435456.0
80568320.0	268435456.0
80568320.0	268435456.0
80568320.0	268435456.0
80568320.0	268435456.0
80568320.0	268435456.0
80568320.0	268435456.0
80568320.0	268435456.0
80568320.0	268435456.0
80568320.0	268435456.0
80568320.0	268435456.0
80568320.0	268435456.0
80568320.0	268435456.0
80568320.0	268435456.0
80568320.0	268435456.0
80568320.0	268435456.0
80568320.0	268435456.0
80568320.0	268435456.0
80568320.0	268435456.0
80568320.0	268435456.0
80568320.0	268435456.0
80568320.0	268435456.0
80568320.0	268435456.0
80568320.0	268435456.0
80568320.0	268435456.0
80568320.0	268435456.0
80568320.0	268435456.0
80568320.0	268435456.0
80568320.0	268435456.0
80568320.0	268435456.0
80568320.0	268435456.0
80568320.0	268435456.0
80568320.0	268435456.0
80568320.0	268435456.0
80568320.0	268435456.0
80568320.0	268435456.0
80568320.0	268435456.0
80568320.0	268435456.0
80568320.0	268435456.0
80568320.0	268435456.0
80568320.0	268435456.0
80568320.0	268435456.0
80568320.0	268435456.0
80568320.0	268435456.0
80568320.0	268435456.0
80568320.0	268435456.0
80568320.0	268435456.0
80568320.0	268435456.0
80568320.0	268435456.0
80568320.0	268435456.0
80568320.0	268435456.0
80568320.0	268435456.0
80568320.0	268435456.0
80568320.0	268435456.0
80568320.0	268435456.0
80568320.0	268435456.0
80568320.0	268435456.0
80568320.0	268435456.0
80568320.0	268435456.0
80568320.0	268435456.0
80568320.0	268435456.0
80568320.0	268435456.0
80568320.0	268435456.0
80568320.0	268435456.0
80568320.0	268435456.0
80568320.0	268435456.0
80568320.0	268435456.0
80568320.0	268435456.0
80568320.0	268435456.0
80568320.0	268435456.0
80568320.0	268435456.0
80568320.0	268435456.0
80568320.0	268435456.0
80568320.0	268435456.0
80568320.0	268435456.0
