128385024.0	268435456.0
171438080.0	268435456.0
190521344.0	268435456.0
201809920.0	268435456.0
212533248.0	268435456.0
134541312.0	268435456.0
187047936.0	268435456.0
196653056.0	268435456.0
213135360.0	268435456.0
233402368.0	268435456.0
236036096.0	268435456.0
193458176.0	268435456.0
117231616.0	268435456.0
153509888.0	268435456.0
193626112.0	268435456.0
203444224.0	268435456.0
192319488.0	268435456.0
117272576.0	268435456.0
117166080.0	268435456.0
117166080.0	268435456.0
117166080.0	268435456.0
117166080.0	268435456.0
117166080.0	268435456.0
117166080.0	268435456.0
117166080.0	268435456.0
117166080.0	268435456.0
117166080.0	268435456.0
117166080.0	268435456.0
117166080.0	268435456.0
117166080.0	268435456.0
117166080.0	268435456.0
117166080.0	268435456.0
117166080.0	268435456.0
117166080.0	268435456.0
117166080.0	268435456.0
117166080.0	268435456.0
117166080.0	268435456.0
117166080.0	268435456.0
117166080.0	268435456.0
117166080.0	268435456.0
117166080.0	268435456.0
117166080.0	268435456.0
117166080.0	268435456.0
117166080.0	268435456.0
117166080.0	268435456.0
117166080.0	268435456.0
117166080.0	268435456.0
117166080.0	268435456.0
117166080.0	268435456.0
117166080.0	268435456.0
117166080.0	268435456.0
117166080.0	268435456.0
117166080.0	268435456.0
117166080.0	268435456.0
117166080.0	268435456.0
117166080.0	268435456.0
117166080.0	268435456.0
117166080.0	268435456.0
117166080.0	268435456.0
117166080.0	268435456.0
117166080.0	268435456.0
117166080.0	268435456.0
117166080.0	268435456.0
117166080.0	268435456.0
125890560.0	268435456.0
172302336.0	268435456.0
199675904.0	268435456.0
212619264.0	268435456.0
232767488.0	268435456.0
237023232.0	268435456.0
206417920.0	268435456.0
148754432.0	268435456.0
200704000.0	268435456.0
212873216.0	268435456.0
117551104.0	268435456.0
117506048.0	268435456.0
117506048.0	268435456.0
117506048.0	268435456.0
117506048.0	268435456.0
117506048.0	268435456.0
117506048.0	268435456.0
117506048.0	268435456.0
117506048.0	268435456.0
117506048.0	268435456.0
117506048.0	268435456.0
117506048.0	268435456.0
117506048.0	268435456.0
117506048.0	268435456.0
117506048.0	268435456.0
117506048.0	268435456.0
117506048.0	268435456.0
117506048.0	268435456.0
117506048.0	268435456.0
117506048.0	268435456.0
117506048.0	268435456.0
117506048.0	268435456.0
117506048.0	268435456.0
117506048.0	268435456.0
117506048.0	268435456.0
117506048.0	268435456.0
117506048.0	268435456.0
117506048.0	268435456.0
117506048.0	268435456.0
117506048.0	268435456.0
117506048.0	268435456.0
117506048.0	268435456.0
117506048.0	268435456.0
117506048.0	268435456.0
117506048.0	268435456.0
117506048.0	268435456.0
117506048.0	268435456.0
117506048.0	268435456.0
117506048.0	268435456.0
117506048.0	268435456.0
117506048.0	268435456.0
117506048.0	268435456.0
117506048.0	268435456.0
117506048.0	268435456.0
117506048.0	268435456.0
117506048.0	268435456.0
117506048.0	268435456.0
117506048.0	268435456.0
117506048.0	268435456.0
117506048.0	268435456.0
142995456.0	268435456.0
188567552.0	268435456.0
212402176.0	268435456.0
194437120.0	268435456.0
155508736.0	268435456.0
197177344.0	268435456.0
214568960.0	268435456.0
236027904.0	268435456.0
238911488.0	268435456.0
208949248.0	268435456.0
173297664.0	268435456.0
212180992.0	268435456.0
234283008.0	268435456.0
239001600.0	268435456.0
118538240.0	268435456.0
118398976.0	268435456.0
118239232.0	268435456.0
118214656.0	268435456.0
118214656.0	268435456.0
118206464.0	268435456.0
118206464.0	268435456.0
118206464.0	268435456.0
118198272.0	268435456.0
118198272.0	268435456.0
118198272.0	268435456.0
118198272.0	268435456.0
118198272.0	268435456.0
118198272.0	268435456.0
118198272.0	268435456.0
118198272.0	268435456.0
118198272.0	268435456.0
118198272.0	268435456.0
118198272.0	268435456.0
118198272.0	268435456.0
118198272.0	268435456.0
118198272.0	268435456.0
118198272.0	268435456.0
118198272.0	268435456.0
118198272.0	268435456.0
118198272.0	268435456.0
118198272.0	268435456.0
118198272.0	268435456.0
118198272.0	268435456.0
118198272.0	268435456.0
118198272.0	268435456.0
118198272.0	268435456.0
118198272.0	268435456.0
118198272.0	268435456.0
118198272.0	268435456.0
118198272.0	268435456.0
118198272.0	268435456.0
118198272.0	268435456.0
118198272.0	268435456.0
118198272.0	268435456.0
118198272.0	268435456.0
118198272.0	268435456.0
118198272.0	268435456.0
118198272.0	268435456.0
118198272.0	268435456.0
118198272.0	268435456.0
140554240.0	268435456.0
192184320.0	268435456.0
214036480.0	268435456.0
235151360.0	268435456.0
239087616.0	268435456.0
239087616.0	268435456.0
208244736.0	268435456.0
138158080.0	268435456.0
192749568.0	268435456.0
213549056.0	268435456.0
234078208.0	268435456.0
236740608.0	268435456.0
209063936.0	268435456.0
118616064.0	268435456.0
118599680.0	268435456.0
118599680.0	268435456.0
118599680.0	268435456.0
118591488.0	268435456.0
118591488.0	268435456.0
118591488.0	268435456.0
118591488.0	268435456.0
118591488.0	268435456.0
118591488.0	268435456.0
118591488.0	268435456.0
118591488.0	268435456.0
118591488.0	268435456.0
118591488.0	268435456.0
118591488.0	268435456.0
118591488.0	268435456.0
118591488.0	268435456.0
118591488.0	268435456.0
118591488.0	268435456.0
118591488.0	268435456.0
118591488.0	268435456.0
118591488.0	268435456.0
118591488.0	268435456.0
118591488.0	268435456.0
118591488.0	268435456.0
118591488.0	268435456.0
118591488.0	268435456.0
118591488.0	268435456.0
118591488.0	268435456.0
118591488.0	268435456.0
118591488.0	268435456.0
118591488.0	268435456.0
118591488.0	268435456.0
118591488.0	268435456.0
118591488.0	268435456.0
118591488.0	268435456.0
118591488.0	268435456.0
118591488.0	268435456.0
118591488.0	268435456.0
118591488.0	268435456.0
118591488.0	268435456.0
118591488.0	268435456.0
118591488.0	268435456.0
118591488.0	268435456.0
118591488.0	268435456.0
118591488.0	268435456.0
118591488.0	268435456.0
149696512.0	268435456.0
195637248.0	268435456.0
216440832.0	268435456.0
237879296.0	268435456.0
201129984.0	268435456.0
118894592.0	268435456.0
118894592.0	268435456.0
118796288.0	268435456.0
118796288.0	268435456.0
118796288.0	268435456.0
118796288.0	268435456.0
118796288.0	268435456.0
118796288.0	268435456.0
118796288.0	268435456.0
118796288.0	268435456.0
118796288.0	268435456.0
118796288.0	268435456.0
118796288.0	268435456.0
118796288.0	268435456.0
118796288.0	268435456.0
118796288.0	268435456.0
118796288.0	268435456.0
118796288.0	268435456.0
118796288.0	268435456.0
118796288.0	268435456.0
118796288.0	268435456.0
118796288.0	268435456.0
118796288.0	268435456.0
118796288.0	268435456.0
118796288.0	268435456.0
118796288.0	268435456.0
118796288.0	268435456.0
118796288.0	268435456.0
118796288.0	268435456.0
118796288.0	268435456.0
118796288.0	268435456.0
118796288.0	268435456.0
118796288.0	268435456.0
118796288.0	268435456.0
118796288.0	268435456.0
118796288.0	268435456.0
118796288.0	268435456.0
118796288.0	268435456.0
118796288.0	268435456.0
118796288.0	268435456.0
118796288.0	268435456.0
118796288.0	268435456.0
118796288.0	268435456.0
118796288.0	268435456.0
118796288.0	268435456.0
118796288.0	268435456.0
118796288.0	268435456.0
118796288.0	268435456.0
118796288.0	268435456.0
118796288.0	268435456.0
118796288.0	268435456.0
