178368512.0	268435456.0
195641344.0	268435456.0
198246400.0	268435456.0
217980928.0	268435456.0
220377088.0	268435456.0
101933056.0	268435456.0
101769216.0	268435456.0
101769216.0	268435456.0
101769216.0	268435456.0
101769216.0	268435456.0
101769216.0	268435456.0
101769216.0	268435456.0
101769216.0	268435456.0
101769216.0	268435456.0
101769216.0	268435456.0
101769216.0	268435456.0
101769216.0	268435456.0
101769216.0	268435456.0
101769216.0	268435456.0
101769216.0	268435456.0
101769216.0	268435456.0
101769216.0	268435456.0
101769216.0	268435456.0
101769216.0	268435456.0
101769216.0	268435456.0
101769216.0	268435456.0
101769216.0	268435456.0
101769216.0	268435456.0
101769216.0	268435456.0
101769216.0	268435456.0
101769216.0	268435456.0
101769216.0	268435456.0
101769216.0	268435456.0
101769216.0	268435456.0
101769216.0	268435456.0
101769216.0	268435456.0
101769216.0	268435456.0
101769216.0	268435456.0
101769216.0	268435456.0
101769216.0	268435456.0
101769216.0	268435456.0
101769216.0	268435456.0
101769216.0	268435456.0
101769216.0	268435456.0
101769216.0	268435456.0
101769216.0	268435456.0
101769216.0	268435456.0
101769216.0	268435456.0
101769216.0	268435456.0
101769216.0	268435456.0
101769216.0	268435456.0
101769216.0	268435456.0
101769216.0	268435456.0
101769216.0	268435456.0
101769216.0	268435456.0
101769216.0	268435456.0
101769216.0	268435456.0
113467392.0	268435456.0
156700672.0	268435456.0
177491968.0	268435456.0
194371584.0	268435456.0
197107712.0	268435456.0
218161152.0	268435456.0
221192192.0	268435456.0
221073408.0	268435456.0
101994496.0	268435456.0
166084608.0	268435456.0
186744832.0	268435456.0
198115328.0	268435456.0
220209152.0	268435456.0
184139776.0	268435456.0
102608896.0	268435456.0
102608896.0	268435456.0
102506496.0	268435456.0
102481920.0	268435456.0
102481920.0	268435456.0
102481920.0	268435456.0
102449152.0	268435456.0
102449152.0	268435456.0
102449152.0	268435456.0
102449152.0	268435456.0
102449152.0	268435456.0
102449152.0	268435456.0
102449152.0	268435456.0
102449152.0	268435456.0
102363136.0	268435456.0
102363136.0	268435456.0
102363136.0	268435456.0
102363136.0	268435456.0
102363136.0	268435456.0
102363136.0	268435456.0
102363136.0	268435456.0
102363136.0	268435456.0
102363136.0	268435456.0
102363136.0	268435456.0
102363136.0	268435456.0
102363136.0	268435456.0
102363136.0	268435456.0
102363136.0	268435456.0
102363136.0	268435456.0
102363136.0	268435456.0
102363136.0	268435456.0
102363136.0	268435456.0
102363136.0	268435456.0
102363136.0	268435456.0
102363136.0	268435456.0
102363136.0	268435456.0
102363136.0	268435456.0
102363136.0	268435456.0
102363136.0	268435456.0
102363136.0	268435456.0
102363136.0	268435456.0
102363136.0	268435456.0
102363136.0	268435456.0
102363136.0	268435456.0
102363136.0	268435456.0
102363136.0	268435456.0
102363136.0	268435456.0
155590656.0	268435456.0
179499008.0	268435456.0
196476928.0	268435456.0
199782400.0	268435456.0
102760448.0	268435456.0
139288576.0	268435456.0
179740672.0	268435456.0
198184960.0	268435456.0
103391232.0	268435456.0
103043072.0	268435456.0
103043072.0	268435456.0
103043072.0	268435456.0
103043072.0	268435456.0
103043072.0	268435456.0
103043072.0	268435456.0
103043072.0	268435456.0
103043072.0	268435456.0
103043072.0	268435456.0
103043072.0	268435456.0
103043072.0	268435456.0
103043072.0	268435456.0
103043072.0	268435456.0
103043072.0	268435456.0
103043072.0	268435456.0
103043072.0	268435456.0
103043072.0	268435456.0
103043072.0	268435456.0
103043072.0	268435456.0
103043072.0	268435456.0
103043072.0	268435456.0
103043072.0	268435456.0
103043072.0	268435456.0
103043072.0	268435456.0
103043072.0	268435456.0
103043072.0	268435456.0
103043072.0	268435456.0
103043072.0	268435456.0
103043072.0	268435456.0
103043072.0	268435456.0
103043072.0	268435456.0
103043072.0	268435456.0
103043072.0	268435456.0
103043072.0	268435456.0
103043072.0	268435456.0
103043072.0	268435456.0
103043072.0	268435456.0
103043072.0	268435456.0
103043072.0	268435456.0
103043072.0	268435456.0
103043072.0	268435456.0
103043072.0	268435456.0
103043072.0	268435456.0
103043072.0	268435456.0
103043072.0	268435456.0
103043072.0	268435456.0
103043072.0	268435456.0
103043072.0	268435456.0
103043072.0	268435456.0
103043072.0	268435456.0
121610240.0	268435456.0
158310400.0	268435456.0
189591552.0	268435456.0
178270208.0	268435456.0
103464960.0	268435456.0
126029824.0	268435456.0
176963584.0	268435456.0
187301888.0	268435456.0
200376320.0	268435456.0
104251392.0	268435456.0
104013824.0	268435456.0
104013824.0	268435456.0
104013824.0	268435456.0
104013824.0	268435456.0
104013824.0	268435456.0
104013824.0	268435456.0
104013824.0	268435456.0
104013824.0	268435456.0
104013824.0	268435456.0
104013824.0	268435456.0
104013824.0	268435456.0
104013824.0	268435456.0
104013824.0	268435456.0
104013824.0	268435456.0
104013824.0	268435456.0
104013824.0	268435456.0
104013824.0	268435456.0
104013824.0	268435456.0
104013824.0	268435456.0
104013824.0	268435456.0
104013824.0	268435456.0
104013824.0	268435456.0
104013824.0	268435456.0
104013824.0	268435456.0
104013824.0	268435456.0
104013824.0	268435456.0
104013824.0	268435456.0
104013824.0	268435456.0
104013824.0	268435456.0
104013824.0	268435456.0
104013824.0	268435456.0
104013824.0	268435456.0
104013824.0	268435456.0
104013824.0	268435456.0
104013824.0	268435456.0
104013824.0	268435456.0
104013824.0	268435456.0
104013824.0	268435456.0
104013824.0	268435456.0
104013824.0	268435456.0
104013824.0	268435456.0
104013824.0	268435456.0
104013824.0	268435456.0
104013824.0	268435456.0
104013824.0	268435456.0
104013824.0	268435456.0
104013824.0	268435456.0
104013824.0	268435456.0
104013824.0	268435456.0
104013824.0	268435456.0
104087552.0	268435456.0
168468480.0	268435456.0
198344704.0	268435456.0
104394752.0	268435456.0
104140800.0	268435456.0
128303104.0	268435456.0
182956032.0	268435456.0
199835648.0	268435456.0
122568704.0	268435456.0
175734784.0	268435456.0
199548928.0	268435456.0
222150656.0	268435456.0
187240448.0	268435456.0
104558592.0	268435456.0
104558592.0	268435456.0
104558592.0	268435456.0
104554496.0	268435456.0
104554496.0	268435456.0
104554496.0	268435456.0
104554496.0	268435456.0
104554496.0	268435456.0
104554496.0	268435456.0
104554496.0	268435456.0
104529920.0	268435456.0
104529920.0	268435456.0
104529920.0	268435456.0
104529920.0	268435456.0
104529920.0	268435456.0
104529920.0	268435456.0
104529920.0	268435456.0
104529920.0	268435456.0
104529920.0	268435456.0
104529920.0	268435456.0
104529920.0	268435456.0
104529920.0	268435456.0
104529920.0	268435456.0
104529920.0	268435456.0
104529920.0	268435456.0
104529920.0	268435456.0
104529920.0	268435456.0
104529920.0	268435456.0
104529920.0	268435456.0
104529920.0	268435456.0
104529920.0	268435456.0
104529920.0	268435456.0
104529920.0	268435456.0
104529920.0	268435456.0
104529920.0	268435456.0
104529920.0	268435456.0
104529920.0	268435456.0
104529920.0	268435456.0
104529920.0	268435456.0
104529920.0	268435456.0
104529920.0	268435456.0
104529920.0	268435456.0
104529920.0	268435456.0
104529920.0	268435456.0
104529920.0	268435456.0
104529920.0	268435456.0
104529920.0	268435456.0
104529920.0	268435456.0
104529920.0	268435456.0
104529920.0	268435456.0
