187375616.0	268435456.0
205467648.0	268435456.0
206778368.0	268435456.0
207990784.0	268435456.0
226508800.0	268435456.0
228081664.0	268435456.0
228618240.0	268435456.0
195121152.0	268435456.0
197357568.0	268435456.0
102227968.0	268435456.0
138145792.0	268435456.0
158257152.0	268435456.0
169517056.0	268435456.0
170721280.0	268435456.0
180670464.0	268435456.0
160550912.0	268435456.0
166313984.0	268435456.0
83886080.0	268435456.0
83886080.0	268435456.0
83886080.0	268435456.0
118173696.0	268435456.0
154370048.0	268435456.0
165986304.0	268435456.0
179314688.0	268435456.0
183377920.0	268435456.0
166535168.0	268435456.0
84332544.0	268435456.0
84332544.0	268435456.0
84328448.0	268435456.0
84328448.0	268435456.0
84328448.0	268435456.0
84328448.0	268435456.0
84328448.0	268435456.0
84328448.0	268435456.0
84328448.0	268435456.0
84328448.0	268435456.0
84328448.0	268435456.0
84328448.0	268435456.0
84328448.0	268435456.0
84328448.0	268435456.0
84328448.0	268435456.0
84324352.0	268435456.0
84324352.0	268435456.0
84324352.0	268435456.0
84324352.0	268435456.0
84324352.0	268435456.0
84324352.0	268435456.0
84324352.0	268435456.0
84324352.0	268435456.0
84324352.0	268435456.0
84324352.0	268435456.0
84324352.0	268435456.0
84324352.0	268435456.0
84324352.0	268435456.0
84324352.0	268435456.0
84324352.0	268435456.0
84324352.0	268435456.0
84324352.0	268435456.0
84324352.0	268435456.0
84324352.0	268435456.0
84324352.0	268435456.0
84324352.0	268435456.0
84324352.0	268435456.0
114814976.0	268435456.0
139767808.0	268435456.0
161837056.0	268435456.0
179765248.0	268435456.0
182239232.0	268435456.0
183549952.0	268435456.0
201601024.0	268435456.0
202911744.0	268435456.0
206581760.0	268435456.0
206581760.0	268435456.0
167632896.0	268435456.0
84680704.0	268435456.0
84660224.0	268435456.0
116252672.0	268435456.0
140333056.0	268435456.0
159784960.0	268435456.0
171044864.0	268435456.0
181903360.0	268435456.0
184262656.0	268435456.0
203493376.0	268435456.0
207687680.0	268435456.0
207687680.0	268435456.0
168800256.0	268435456.0
85733376.0	268435456.0
85733376.0	268435456.0
85647360.0	268435456.0
85647360.0	268435456.0
85647360.0	268435456.0
85495808.0	268435456.0
85495808.0	268435456.0
85495808.0	268435456.0
85495808.0	268435456.0
85495808.0	268435456.0
85458944.0	268435456.0
85458944.0	268435456.0
85458944.0	268435456.0
85458944.0	268435456.0
85458944.0	268435456.0
85458944.0	268435456.0
85458944.0	268435456.0
85458944.0	268435456.0
85458944.0	268435456.0
85458944.0	268435456.0
85458944.0	268435456.0
85458944.0	268435456.0
85458944.0	268435456.0
85458944.0	268435456.0
85458944.0	268435456.0
85458944.0	268435456.0
85458944.0	268435456.0
85458944.0	268435456.0
85458944.0	268435456.0
85458944.0	268435456.0
85458944.0	268435456.0
85458944.0	268435456.0
85458944.0	268435456.0
85458944.0	268435456.0
85458944.0	268435456.0
85458944.0	268435456.0
85458944.0	268435456.0
108007424.0	268435456.0
138207232.0	268435456.0
155893760.0	268435456.0
169463808.0	268435456.0
180056064.0	268435456.0
181624832.0	268435456.0
184098816.0	268435456.0
184098816.0	268435456.0
163151872.0	268435456.0
85987328.0	268435456.0
85987328.0	268435456.0
85987328.0	268435456.0
108568576.0	268435456.0
123785216.0	268435456.0
156463104.0	268435456.0
162840576.0	268435456.0
170041344.0	268435456.0
171347968.0	268435456.0
181026816.0	268435456.0
184586240.0	268435456.0
184586240.0	268435456.0
163844096.0	268435456.0
86503424.0	268435456.0
86503424.0	268435456.0
86503424.0	268435456.0
86503424.0	268435456.0
86503424.0	268435456.0
86503424.0	268435456.0
86503424.0	268435456.0
86503424.0	268435456.0
86503424.0	268435456.0
86503424.0	268435456.0
86503424.0	268435456.0
86503424.0	268435456.0
86503424.0	268435456.0
86503424.0	268435456.0
86503424.0	268435456.0
86503424.0	268435456.0
86503424.0	268435456.0
86503424.0	268435456.0
86503424.0	268435456.0
86503424.0	268435456.0
86503424.0	268435456.0
86503424.0	268435456.0
86503424.0	268435456.0
86503424.0	268435456.0
86503424.0	268435456.0
86503424.0	268435456.0
86503424.0	268435456.0
86503424.0	268435456.0
86503424.0	268435456.0
86503424.0	268435456.0
86503424.0	268435456.0
86503424.0	268435456.0
86503424.0	268435456.0
86503424.0	268435456.0
86503424.0	268435456.0
86503424.0	268435456.0
86503424.0	268435456.0
86503424.0	268435456.0
105062400.0	268435456.0
123101184.0	268435456.0
156954624.0	268435456.0
163278848.0	268435456.0
170741760.0	268435456.0
171917312.0	268435456.0
182251520.0	268435456.0
164179968.0	268435456.0
87142400.0	268435456.0
87142400.0	268435456.0
87142400.0	268435456.0
113336320.0	268435456.0
135278592.0	268435456.0
161841152.0	268435456.0
163676160.0	268435456.0
170872832.0	268435456.0
181469184.0	268435456.0
183959552.0	268435456.0
203067392.0	268435456.0
204902400.0	268435456.0
159723520.0	268435456.0
176103424.0	268435456.0
87547904.0	268435456.0
87408640.0	268435456.0
87408640.0	268435456.0
87408640.0	268435456.0
87408640.0	268435456.0
87408640.0	268435456.0
87408640.0	268435456.0
87408640.0	268435456.0
87408640.0	268435456.0
87404544.0	268435456.0
87404544.0	268435456.0
87298048.0	268435456.0
87298048.0	268435456.0
87298048.0	268435456.0
87298048.0	268435456.0
87298048.0	268435456.0
87298048.0	268435456.0
87298048.0	268435456.0
87298048.0	268435456.0
87298048.0	268435456.0
87298048.0	268435456.0
87298048.0	268435456.0
87298048.0	268435456.0
87298048.0	268435456.0
87298048.0	268435456.0
87298048.0	268435456.0
87298048.0	268435456.0
87298048.0	268435456.0
87298048.0	268435456.0
87298048.0	268435456.0
87298048.0	268435456.0
87298048.0	268435456.0
87298048.0	268435456.0
87298048.0	268435456.0
87298048.0	268435456.0
87298048.0	268435456.0
87298048.0	268435456.0
87298048.0	268435456.0
118808576.0	268435456.0
157577216.0	268435456.0
162553856.0	268435456.0
171843584.0	268435456.0
172941312.0	268435456.0
183144448.0	268435456.0
186683392.0	268435456.0
170344448.0	268435456.0
117424128.0	268435456.0
143253504.0	268435456.0
167088128.0	268435456.0
181997568.0	268435456.0
186454016.0	268435456.0
169590784.0	268435456.0
88113152.0	268435456.0
88100864.0	268435456.0
88100864.0	268435456.0
88100864.0	268435456.0
88100864.0	268435456.0
88100864.0	268435456.0
88100864.0	268435456.0
88100864.0	268435456.0
88100864.0	268435456.0
88100864.0	268435456.0
88100864.0	268435456.0
88100864.0	268435456.0
88100864.0	268435456.0
88100864.0	268435456.0
88100864.0	268435456.0
88100864.0	268435456.0
88100864.0	268435456.0
88100864.0	268435456.0
88100864.0	268435456.0
88100864.0	268435456.0
88100864.0	268435456.0
88100864.0	268435456.0
88100864.0	268435456.0
88100864.0	268435456.0
88100864.0	268435456.0
88100864.0	268435456.0
88100864.0	268435456.0
88100864.0	268435456.0
88100864.0	268435456.0
88100864.0	268435456.0
88100864.0	268435456.0
88100864.0	268435456.0
88100864.0	268435456.0
88100864.0	268435456.0
88100864.0	268435456.0
88100864.0	268435456.0
88100864.0	268435456.0
88100864.0	268435456.0
88100864.0	268435456.0
88100864.0	268435456.0
88100864.0	268435456.0
88100864.0	268435456.0
88100864.0	268435456.0
