84971520.0	268435456.0
84971520.0	268435456.0
84873216.0	268435456.0
84873216.0	268435456.0
84873216.0	268435456.0
84873216.0	268435456.0
84873216.0	268435456.0
84873216.0	268435456.0
84873216.0	268435456.0
84873216.0	268435456.0
84873216.0	268435456.0
84873216.0	268435456.0
84873216.0	268435456.0
84873216.0	268435456.0
84873216.0	268435456.0
84873216.0	268435456.0
84873216.0	268435456.0
84873216.0	268435456.0
84873216.0	268435456.0
84873216.0	268435456.0
84873216.0	268435456.0
84873216.0	268435456.0
84873216.0	268435456.0
84873216.0	268435456.0
84873216.0	268435456.0
84873216.0	268435456.0
84873216.0	268435456.0
84873216.0	268435456.0
84873216.0	268435456.0
115044352.0	268435456.0
160346112.0	268435456.0
171380736.0	268435456.0
182165504.0	268435456.0
104321024.0	268435456.0
141156352.0	268435456.0
169754624.0	268435456.0
181784576.0	268435456.0
166899712.0	268435456.0
105373696.0	268435456.0
157810688.0	268435456.0
183173120.0	268435456.0
87552000.0	268435456.0
87527424.0	268435456.0
87396352.0	268435456.0
87396352.0	268435456.0
87396352.0	268435456.0
87396352.0	268435456.0
87396352.0	268435456.0
87396352.0	268435456.0
87396352.0	268435456.0
87396352.0	268435456.0
87396352.0	268435456.0
87396352.0	268435456.0
87396352.0	268435456.0
87396352.0	268435456.0
87396352.0	268435456.0
87396352.0	268435456.0
87396352.0	268435456.0
87396352.0	268435456.0
87396352.0	268435456.0
87396352.0	268435456.0
87396352.0	268435456.0
87396352.0	268435456.0
87396352.0	268435456.0
87396352.0	268435456.0
87396352.0	268435456.0
87396352.0	268435456.0
87396352.0	268435456.0
87396352.0	268435456.0
87396352.0	268435456.0
87396352.0	268435456.0
87396352.0	268435456.0
87396352.0	268435456.0
87396352.0	268435456.0
87396352.0	268435456.0
87396352.0	268435456.0
87396352.0	268435456.0
87396352.0	268435456.0
87396352.0	268435456.0
87396352.0	268435456.0
87396352.0	268435456.0
87396352.0	268435456.0
87396352.0	268435456.0
87396352.0	268435456.0
87396352.0	268435456.0
87396352.0	268435456.0
87396352.0	268435456.0
87396352.0	268435456.0
87396352.0	268435456.0
123973632.0	268435456.0
172032000.0	268435456.0
184975360.0	268435456.0
208510976.0	268435456.0
169111552.0	268435456.0
87736320.0	268435456.0
101593088.0	268435456.0
142835712.0	268435456.0
166801408.0	268435456.0
181714944.0	268435456.0
169172992.0	268435456.0
87928832.0	268435456.0
87928832.0	268435456.0
87928832.0	268435456.0
87928832.0	268435456.0
87928832.0	268435456.0
87928832.0	268435456.0
87928832.0	268435456.0
87928832.0	268435456.0
87928832.0	268435456.0
87928832.0	268435456.0
87928832.0	268435456.0
87928832.0	268435456.0
87928832.0	268435456.0
87928832.0	268435456.0
87928832.0	268435456.0
87928832.0	268435456.0
87928832.0	268435456.0
87928832.0	268435456.0
87928832.0	268435456.0
87928832.0	268435456.0
87928832.0	268435456.0
87928832.0	268435456.0
87928832.0	268435456.0
87928832.0	268435456.0
87928832.0	268435456.0
87928832.0	268435456.0
87928832.0	268435456.0
87928832.0	268435456.0
87928832.0	268435456.0
87928832.0	268435456.0
87928832.0	268435456.0
87928832.0	268435456.0
87928832.0	268435456.0
87928832.0	268435456.0
87928832.0	268435456.0
87928832.0	268435456.0
87928832.0	268435456.0
87928832.0	268435456.0
87928832.0	268435456.0
87928832.0	268435456.0
87928832.0	268435456.0
87928832.0	268435456.0
87928832.0	268435456.0
87928832.0	268435456.0
87928832.0	268435456.0
87928832.0	268435456.0
87928832.0	268435456.0
87928832.0	268435456.0
87928832.0	268435456.0
106381312.0	268435456.0
158527488.0	268435456.0
172281856.0	268435456.0
183275520.0	268435456.0
203141120.0	268435456.0
206266368.0	268435456.0
209084416.0	268435456.0
171057152.0	268435456.0
88371200.0	268435456.0
88371200.0	268435456.0
88371200.0	268435456.0
88371200.0	268435456.0
88371200.0	268435456.0
88371200.0	268435456.0
88371200.0	268435456.0
88371200.0	268435456.0
88371200.0	268435456.0
88371200.0	268435456.0
88371200.0	268435456.0
88371200.0	268435456.0
88371200.0	268435456.0
88371200.0	268435456.0
88371200.0	268435456.0
88371200.0	268435456.0
88371200.0	268435456.0
88371200.0	268435456.0
88371200.0	268435456.0
88371200.0	268435456.0
88371200.0	268435456.0
88371200.0	268435456.0
88371200.0	268435456.0
88371200.0	268435456.0
88371200.0	268435456.0
88371200.0	268435456.0
88371200.0	268435456.0
88371200.0	268435456.0
88371200.0	268435456.0
88371200.0	268435456.0
88371200.0	268435456.0
88371200.0	268435456.0
88371200.0	268435456.0
88371200.0	268435456.0
88371200.0	268435456.0
88371200.0	268435456.0
88371200.0	268435456.0
88371200.0	268435456.0
88371200.0	268435456.0
88371200.0	268435456.0
88371200.0	268435456.0
88371200.0	268435456.0
88371200.0	268435456.0
88371200.0	268435456.0
88371200.0	268435456.0
88371200.0	268435456.0
88371200.0	268435456.0
88371200.0	268435456.0
88371200.0	268435456.0
88371200.0	268435456.0
88371200.0	268435456.0
88371200.0	268435456.0
125571072.0	268435456.0
165158912.0	268435456.0
183951360.0	268435456.0
204472320.0	268435456.0
206946304.0	268435456.0
89051136.0	268435456.0
88944640.0	268435456.0
88907776.0	268435456.0
115126272.0	268435456.0
172470272.0	268435456.0
187396096.0	268435456.0
89247744.0	268435456.0
160866304.0	268435456.0
185982976.0	268435456.0
208470016.0	268435456.0
172523520.0	268435456.0
89686016.0	268435456.0
89665536.0	268435456.0
89665536.0	268435456.0
89665536.0	268435456.0
89665536.0	268435456.0
89665536.0	268435456.0
89665536.0	268435456.0
89665536.0	268435456.0
89661440.0	268435456.0
89661440.0	268435456.0
89661440.0	268435456.0
89661440.0	268435456.0
89661440.0	268435456.0
89661440.0	268435456.0
89661440.0	268435456.0
89661440.0	268435456.0
89661440.0	268435456.0
89661440.0	268435456.0
89661440.0	268435456.0
89661440.0	268435456.0
89661440.0	268435456.0
89661440.0	268435456.0
89661440.0	268435456.0
89661440.0	268435456.0
89661440.0	268435456.0
89661440.0	268435456.0
89661440.0	268435456.0
89661440.0	268435456.0
89661440.0	268435456.0
89661440.0	268435456.0
89661440.0	268435456.0
89661440.0	268435456.0
89661440.0	268435456.0
89661440.0	268435456.0
89661440.0	268435456.0
89661440.0	268435456.0
89661440.0	268435456.0
89661440.0	268435456.0
89661440.0	268435456.0
89661440.0	268435456.0
89661440.0	268435456.0
89661440.0	268435456.0
89661440.0	268435456.0
89661440.0	268435456.0
89661440.0	268435456.0
89661440.0	268435456.0
128286720.0	268435456.0
175161344.0	268435456.0
205680640.0	268435456.0
210780160.0	268435456.0
210780160.0	268435456.0
89911296.0	268435456.0
89776128.0	268435456.0
89776128.0	268435456.0
89776128.0	268435456.0
89776128.0	268435456.0
89776128.0	268435456.0
89776128.0	268435456.0
89776128.0	268435456.0
89776128.0	268435456.0
89776128.0	268435456.0
89776128.0	268435456.0
89776128.0	268435456.0
89776128.0	268435456.0
89776128.0	268435456.0
89776128.0	268435456.0
89776128.0	268435456.0
89776128.0	268435456.0
89776128.0	268435456.0
89776128.0	268435456.0
89776128.0	268435456.0
89776128.0	268435456.0
89776128.0	268435456.0
89776128.0	268435456.0
89776128.0	268435456.0
