254435328.0	268435456.0
254828544.0	268435456.0
221130752.0	268435456.0
221130752.0	268435456.0
223621120.0	268435456.0
109154304.0	268435456.0
109154304.0	268435456.0
109154304.0	268435456.0
109154304.0	268435456.0
109154304.0	268435456.0
109154304.0	268435456.0
109154304.0	268435456.0
109154304.0	268435456.0
109154304.0	268435456.0
109154304.0	268435456.0
109154304.0	268435456.0
109154304.0	268435456.0
109154304.0	268435456.0
109154304.0	268435456.0
109154304.0	268435456.0
109154304.0	268435456.0
109154304.0	268435456.0
109154304.0	268435456.0
109154304.0	268435456.0
109154304.0	268435456.0
109154304.0	268435456.0
109154304.0	268435456.0
109154304.0	268435456.0
109154304.0	268435456.0
109154304.0	268435456.0
109154304.0	268435456.0
109154304.0	268435456.0
109154304.0	268435456.0
109154304.0	268435456.0
109154304.0	268435456.0
109154304.0	268435456.0
109154304.0	268435456.0
109154304.0	268435456.0
109154304.0	268435456.0
109154304.0	268435456.0
109154304.0	268435456.0
109154304.0	268435456.0
109154304.0	268435456.0
109154304.0	268435456.0
146161664.0	268435456.0
183136256.0	268435456.0
189022208.0	268435456.0
197660672.0	268435456.0
207343616.0	268435456.0
208523264.0	268435456.0
209702912.0	268435456.0
210882560.0	268435456.0
229064704.0	268435456.0
230936576.0	268435456.0
189075456.0	268435456.0
112619520.0	268435456.0
112398336.0	268435456.0
112398336.0	268435456.0
130674688.0	268435456.0
150867968.0	268435456.0
187977728.0	268435456.0
195960832.0	268435456.0
206823424.0	268435456.0
186585088.0	268435456.0
112685056.0	268435456.0
112660480.0	268435456.0
112660480.0	268435456.0
112660480.0	268435456.0
112615424.0	268435456.0
112615424.0	268435456.0
112615424.0	268435456.0
112615424.0	268435456.0
112615424.0	268435456.0
112615424.0	268435456.0
112615424.0	268435456.0
112615424.0	268435456.0
112615424.0	268435456.0
112615424.0	268435456.0
112615424.0	268435456.0
112615424.0	268435456.0
112615424.0	268435456.0
112615424.0	268435456.0
112615424.0	268435456.0
112615424.0	268435456.0
112615424.0	268435456.0
112615424.0	268435456.0
112615424.0	268435456.0
112615424.0	268435456.0
112615424.0	268435456.0
112615424.0	268435456.0
112615424.0	268435456.0
112615424.0	268435456.0
112615424.0	268435456.0
112615424.0	268435456.0
112615424.0	268435456.0
112615424.0	268435456.0
112615424.0	268435456.0
112615424.0	268435456.0
112615424.0	268435456.0
112615424.0	268435456.0
112615424.0	268435456.0
112615424.0	268435456.0
112615424.0	268435456.0
131641344.0	268435456.0
164749312.0	268435456.0
187555840.0	268435456.0
197312512.0	268435456.0
198860800.0	268435456.0
209838080.0	268435456.0
229183488.0	268435456.0
231686144.0	268435456.0
234614784.0	268435456.0
234614784.0	268435456.0
234614784.0	268435456.0
195751936.0	268435456.0
113278976.0	268435456.0
113238016.0	268435456.0
113238016.0	268435456.0
113238016.0	268435456.0
113238016.0	268435456.0
113238016.0	268435456.0
113238016.0	268435456.0
113238016.0	268435456.0
113238016.0	268435456.0
113238016.0	268435456.0
113238016.0	268435456.0
113238016.0	268435456.0
113238016.0	268435456.0
113238016.0	268435456.0
113238016.0	268435456.0
113238016.0	268435456.0
113238016.0	268435456.0
113238016.0	268435456.0
113238016.0	268435456.0
113238016.0	268435456.0
113238016.0	268435456.0
113238016.0	268435456.0
113238016.0	268435456.0
113238016.0	268435456.0
113238016.0	268435456.0
113238016.0	268435456.0
113238016.0	268435456.0
113238016.0	268435456.0
113238016.0	268435456.0
113238016.0	268435456.0
113238016.0	268435456.0
113238016.0	268435456.0
113238016.0	268435456.0
113238016.0	268435456.0
113238016.0	268435456.0
113238016.0	268435456.0
113238016.0	268435456.0
113238016.0	268435456.0
113238016.0	268435456.0
113238016.0	268435456.0
113238016.0	268435456.0
113238016.0	268435456.0
113238016.0	268435456.0
113238016.0	268435456.0
113238016.0	268435456.0
113238016.0	268435456.0
113238016.0	268435456.0
113238016.0	268435456.0
124252160.0	268435456.0
147492864.0	268435456.0
183369728.0	268435456.0
190173184.0	268435456.0
197255168.0	268435456.0
198434816.0	268435456.0
208773120.0	268435456.0
211554304.0	268435456.0
190644224.0	268435456.0
113569792.0	268435456.0
113463296.0	268435456.0
130138112.0	268435456.0
146345984.0	268435456.0
188334080.0	268435456.0
199663616.0	268435456.0
209858560.0	268435456.0
211169280.0	268435456.0
244723712.0	268435456.0
232607744.0	268435456.0
236146688.0	268435456.0
193490944.0	268435456.0
113942528.0	268435456.0
113881088.0	268435456.0
113860608.0	268435456.0
113737728.0	268435456.0
113737728.0	268435456.0
113737728.0	268435456.0
113737728.0	268435456.0
113737728.0	268435456.0
113696768.0	268435456.0
113696768.0	268435456.0
113696768.0	268435456.0
113696768.0	268435456.0
113696768.0	268435456.0
113692672.0	268435456.0
113688576.0	268435456.0
113688576.0	268435456.0
113688576.0	268435456.0
113688576.0	268435456.0
113688576.0	268435456.0
113688576.0	268435456.0
113688576.0	268435456.0
113688576.0	268435456.0
113688576.0	268435456.0
113688576.0	268435456.0
113688576.0	268435456.0
113688576.0	268435456.0
113688576.0	268435456.0
113688576.0	268435456.0
113688576.0	268435456.0
113688576.0	268435456.0
113688576.0	268435456.0
113688576.0	268435456.0
113688576.0	268435456.0
113688576.0	268435456.0
113688576.0	268435456.0
113688576.0	268435456.0
113688576.0	268435456.0
113688576.0	268435456.0
113688576.0	268435456.0
132775936.0	268435456.0
168939520.0	268435456.0
189620224.0	268435456.0
197865472.0	268435456.0
208134144.0	268435456.0
209018880.0	268435456.0
189186048.0	268435456.0
113922048.0	268435456.0
145154048.0	268435456.0
183320576.0	268435456.0
191148032.0	268435456.0
199294976.0	268435456.0
200474624.0	268435456.0
210014208.0	268435456.0
213442560.0	268435456.0
114049024.0	268435456.0
114049024.0	268435456.0
114049024.0	268435456.0
114049024.0	268435456.0
114049024.0	268435456.0
114049024.0	268435456.0
114049024.0	268435456.0
114049024.0	268435456.0
114049024.0	268435456.0
114049024.0	268435456.0
114049024.0	268435456.0
114049024.0	268435456.0
114049024.0	268435456.0
114049024.0	268435456.0
114049024.0	268435456.0
114049024.0	268435456.0
114049024.0	268435456.0
114049024.0	268435456.0
114049024.0	268435456.0
114049024.0	268435456.0
114049024.0	268435456.0
114049024.0	268435456.0
114049024.0	268435456.0
114049024.0	268435456.0
114049024.0	268435456.0
114049024.0	268435456.0
114049024.0	268435456.0
114049024.0	268435456.0
114049024.0	268435456.0
114049024.0	268435456.0
114049024.0	268435456.0
114049024.0	268435456.0
114049024.0	268435456.0
114049024.0	268435456.0
114049024.0	268435456.0
114049024.0	268435456.0
114049024.0	268435456.0
114049024.0	268435456.0
114049024.0	268435456.0
114049024.0	268435456.0
114049024.0	268435456.0
114049024.0	268435456.0
114049024.0	268435456.0
114049024.0	268435456.0
114049024.0	268435456.0
114049024.0	268435456.0
114049024.0	268435456.0
114049024.0	268435456.0
114049024.0	268435456.0
114049024.0	268435456.0
114049024.0	268435456.0
114049024.0	268435456.0
114049024.0	268435456.0
114049024.0	268435456.0
114049024.0	268435456.0
114049024.0	268435456.0
114049024.0	268435456.0
114049024.0	268435456.0
114049024.0	268435456.0
114049024.0	268435456.0
114049024.0	268435456.0
114049024.0	268435456.0
