254242816.0	268435456.0
221790208.0	268435456.0
108716032.0	268435456.0
108716032.0	268435456.0
108716032.0	268435456.0
108716032.0	268435456.0
160530432.0	268435456.0
206991360.0	268435456.0
215375872.0	268435456.0
195092480.0	268435456.0
134586368.0	268435456.0
175357952.0	268435456.0
202063872.0	268435456.0
216485888.0	268435456.0
198676480.0	268435456.0
120844288.0	268435456.0
120672256.0	268435456.0
120672256.0	268435456.0
120672256.0	268435456.0
120672256.0	268435456.0
120672256.0	268435456.0
120672256.0	268435456.0
120672256.0	268435456.0
120672256.0	268435456.0
120672256.0	268435456.0
120672256.0	268435456.0
120672256.0	268435456.0
120672256.0	268435456.0
120672256.0	268435456.0
120672256.0	268435456.0
120672256.0	268435456.0
120672256.0	268435456.0
120672256.0	268435456.0
120672256.0	268435456.0
120672256.0	268435456.0
120672256.0	268435456.0
120672256.0	268435456.0
120672256.0	268435456.0
120672256.0	268435456.0
120672256.0	268435456.0
120672256.0	268435456.0
120672256.0	268435456.0
120672256.0	268435456.0
120672256.0	268435456.0
120672256.0	268435456.0
120672256.0	268435456.0
120672256.0	268435456.0
120672256.0	268435456.0
120672256.0	268435456.0
120672256.0	268435456.0
120672256.0	268435456.0
120672256.0	268435456.0
120672256.0	268435456.0
120672256.0	268435456.0
120672256.0	268435456.0
120672256.0	268435456.0
120672256.0	268435456.0
120672256.0	268435456.0
120672256.0	268435456.0
120672256.0	268435456.0
120672256.0	268435456.0
120672256.0	268435456.0
120672256.0	268435456.0
120672256.0	268435456.0
120672256.0	268435456.0
120672256.0	268435456.0
158236672.0	268435456.0
203276288.0	268435456.0
218304512.0	268435456.0
142172160.0	268435456.0
146022400.0	268435456.0
197722112.0	268435456.0
217223168.0	268435456.0
121692160.0	268435456.0
147976192.0	268435456.0
196739072.0	268435456.0
217026560.0	268435456.0
238616576.0	268435456.0
202129408.0	268435456.0
121532416.0	268435456.0
121524224.0	268435456.0
121524224.0	268435456.0
121524224.0	268435456.0
121458688.0	268435456.0
121458688.0	268435456.0
121458688.0	268435456.0
121458688.0	268435456.0
121458688.0	268435456.0
121458688.0	268435456.0
121458688.0	268435456.0
121458688.0	268435456.0
121442304.0	268435456.0
121442304.0	268435456.0
121442304.0	268435456.0
121442304.0	268435456.0
121442304.0	268435456.0
121442304.0	268435456.0
121442304.0	268435456.0
121442304.0	268435456.0
121442304.0	268435456.0
121442304.0	268435456.0
121442304.0	268435456.0
121442304.0	268435456.0
121442304.0	268435456.0
121442304.0	268435456.0
121442304.0	268435456.0
121442304.0	268435456.0
121442304.0	268435456.0
121442304.0	268435456.0
121442304.0	268435456.0
121442304.0	268435456.0
121442304.0	268435456.0
121442304.0	268435456.0
121442304.0	268435456.0
121442304.0	268435456.0
121442304.0	268435456.0
121442304.0	268435456.0
121442304.0	268435456.0
121442304.0	268435456.0
121442304.0	268435456.0
121442304.0	268435456.0
121442304.0	268435456.0
121442304.0	268435456.0
121442304.0	268435456.0
121442304.0	268435456.0
121442304.0	268435456.0
155324416.0	268435456.0
195657728.0	268435456.0
206135296.0	268435456.0
218808320.0	268435456.0
122134528.0	268435456.0
121864192.0	268435456.0
159465472.0	268435456.0
198541312.0	268435456.0
206917632.0	268435456.0
220237824.0	268435456.0
122388480.0	268435456.0
122085376.0	268435456.0
122085376.0	268435456.0
122085376.0	268435456.0
122085376.0	268435456.0
122085376.0	268435456.0
122085376.0	268435456.0
122085376.0	268435456.0
122085376.0	268435456.0
122085376.0	268435456.0
122085376.0	268435456.0
122085376.0	268435456.0
122085376.0	268435456.0
122085376.0	268435456.0
122085376.0	268435456.0
122085376.0	268435456.0
122085376.0	268435456.0
122085376.0	268435456.0
122085376.0	268435456.0
122085376.0	268435456.0
122085376.0	268435456.0
122085376.0	268435456.0
122085376.0	268435456.0
122085376.0	268435456.0
122085376.0	268435456.0
122085376.0	268435456.0
122085376.0	268435456.0
122085376.0	268435456.0
122085376.0	268435456.0
122085376.0	268435456.0
122085376.0	268435456.0
122085376.0	268435456.0
122085376.0	268435456.0
122085376.0	268435456.0
122085376.0	268435456.0
122085376.0	268435456.0
122085376.0	268435456.0
122085376.0	268435456.0
122085376.0	268435456.0
122085376.0	268435456.0
122085376.0	268435456.0
122085376.0	268435456.0
122085376.0	268435456.0
122085376.0	268435456.0
122085376.0	268435456.0
122085376.0	268435456.0
122085376.0	268435456.0
122085376.0	268435456.0
122085376.0	268435456.0
122085376.0	268435456.0
170831872.0	268435456.0
201080832.0	268435456.0
216260608.0	268435456.0
218738688.0	268435456.0
238886912.0	268435456.0
242999296.0	268435456.0
203771904.0	268435456.0
122437632.0	268435456.0
191713280.0	268435456.0
219439104.0	268435456.0
239153152.0	268435456.0
244396032.0	268435456.0
122744832.0	268435456.0
122671104.0	268435456.0
122662912.0	268435456.0
122662912.0	268435456.0
122662912.0	268435456.0
122519552.0	268435456.0
122519552.0	268435456.0
122519552.0	268435456.0
122519552.0	268435456.0
122519552.0	268435456.0
122519552.0	268435456.0
122519552.0	268435456.0
122519552.0	268435456.0
122519552.0	268435456.0
122519552.0	268435456.0
122511360.0	268435456.0
122511360.0	268435456.0
122511360.0	268435456.0
122511360.0	268435456.0
122511360.0	268435456.0
122511360.0	268435456.0
122511360.0	268435456.0
122511360.0	268435456.0
122511360.0	268435456.0
122511360.0	268435456.0
122511360.0	268435456.0
122511360.0	268435456.0
122511360.0	268435456.0
122511360.0	268435456.0
122511360.0	268435456.0
122511360.0	268435456.0
122511360.0	268435456.0
122511360.0	268435456.0
122511360.0	268435456.0
122511360.0	268435456.0
122511360.0	268435456.0
122511360.0	268435456.0
122511360.0	268435456.0
122511360.0	268435456.0
122511360.0	268435456.0
122511360.0	268435456.0
122511360.0	268435456.0
122511360.0	268435456.0
122511360.0	268435456.0
122511360.0	268435456.0
122511360.0	268435456.0
122511360.0	268435456.0
122511360.0	268435456.0
159637504.0	268435456.0
198893568.0	268435456.0
207536128.0	268435456.0
220712960.0	268435456.0
122548224.0	268435456.0
122527744.0	268435456.0
122527744.0	268435456.0
122511360.0	268435456.0
122511360.0	268435456.0
122511360.0	268435456.0
122511360.0	268435456.0
122511360.0	268435456.0
122511360.0	268435456.0
122511360.0	268435456.0
122503168.0	268435456.0
122503168.0	268435456.0
122503168.0	268435456.0
122503168.0	268435456.0
122503168.0	268435456.0
122503168.0	268435456.0
122503168.0	268435456.0
122503168.0	268435456.0
122503168.0	268435456.0
122503168.0	268435456.0
122503168.0	268435456.0
122503168.0	268435456.0
122503168.0	268435456.0
122503168.0	268435456.0
122503168.0	268435456.0
122503168.0	268435456.0
122503168.0	268435456.0
122503168.0	268435456.0
122503168.0	268435456.0
122503168.0	268435456.0
122503168.0	268435456.0
122503168.0	268435456.0
122503168.0	268435456.0
122503168.0	268435456.0
122503168.0	268435456.0
122503168.0	268435456.0
122503168.0	268435456.0
122503168.0	268435456.0
122503168.0	268435456.0
122503168.0	268435456.0
122503168.0	268435456.0
122503168.0	268435456.0
122503168.0	268435456.0
122503168.0	268435456.0
122503168.0	268435456.0
122503168.0	268435456.0
122503168.0	268435456.0
122503168.0	268435456.0
122503168.0	268435456.0
122503168.0	268435456.0
