108896256.0	268435456.0
108896256.0	268435456.0
108896256.0	268435456.0
108896256.0	268435456.0
108896256.0	268435456.0
108896256.0	268435456.0
108896256.0	268435456.0
115130368.0	268435456.0
163995648.0	268435456.0
179097600.0	268435456.0
188874752.0	268435456.0
203784192.0	268435456.0
208375808.0	268435456.0
109207552.0	268435456.0
109207552.0	268435456.0
109207552.0	268435456.0
109207552.0	268435456.0
109207552.0	268435456.0
109207552.0	268435456.0
109207552.0	268435456.0
109207552.0	268435456.0
109207552.0	268435456.0
109207552.0	268435456.0
109207552.0	268435456.0
109207552.0	268435456.0
109207552.0	268435456.0
109207552.0	268435456.0
109207552.0	268435456.0
109207552.0	268435456.0
109207552.0	268435456.0
109207552.0	268435456.0
109207552.0	268435456.0
109207552.0	268435456.0
109207552.0	268435456.0
109207552.0	268435456.0
109207552.0	268435456.0
109207552.0	268435456.0
109207552.0	268435456.0
109207552.0	268435456.0
109207552.0	268435456.0
109207552.0	268435456.0
109207552.0	268435456.0
109207552.0	268435456.0
109207552.0	268435456.0
109207552.0	268435456.0
109207552.0	268435456.0
109207552.0	268435456.0
109207552.0	268435456.0
109207552.0	268435456.0
109207552.0	268435456.0
109207552.0	268435456.0
109207552.0	268435456.0
109207552.0	268435456.0
109207552.0	268435456.0
109207552.0	268435456.0
109207552.0	268435456.0
109207552.0	268435456.0
109207552.0	268435456.0
109207552.0	268435456.0
109207552.0	268435456.0
109207552.0	268435456.0
109207552.0	268435456.0
109207552.0	268435456.0
109207552.0	268435456.0
109207552.0	268435456.0
109207552.0	268435456.0
109207552.0	268435456.0
109207552.0	268435456.0
146567168.0	268435456.0
184516608.0	268435456.0
203624448.0	268435456.0
224559104.0	268435456.0
226639872.0	268435456.0
197713920.0	268435456.0
109428736.0	268435456.0
109428736.0	268435456.0
109428736.0	268435456.0
109428736.0	268435456.0
109428736.0	268435456.0
109428736.0	268435456.0
109428736.0	268435456.0
109428736.0	268435456.0
109428736.0	268435456.0
109428736.0	268435456.0
109428736.0	268435456.0
109428736.0	268435456.0
109428736.0	268435456.0
109428736.0	268435456.0
109428736.0	268435456.0
109428736.0	268435456.0
109428736.0	268435456.0
109428736.0	268435456.0
109428736.0	268435456.0
109428736.0	268435456.0
109428736.0	268435456.0
109428736.0	268435456.0
109428736.0	268435456.0
109428736.0	268435456.0
109428736.0	268435456.0
109428736.0	268435456.0
109428736.0	268435456.0
109428736.0	268435456.0
109428736.0	268435456.0
109428736.0	268435456.0
109428736.0	268435456.0
109428736.0	268435456.0
109428736.0	268435456.0
109428736.0	268435456.0
109428736.0	268435456.0
109428736.0	268435456.0
109428736.0	268435456.0
109428736.0	268435456.0
109428736.0	268435456.0
109428736.0	268435456.0
109428736.0	268435456.0
109428736.0	268435456.0
109428736.0	268435456.0
109428736.0	268435456.0
109428736.0	268435456.0
109428736.0	268435456.0
109428736.0	268435456.0
109428736.0	268435456.0
109428736.0	268435456.0
109428736.0	268435456.0
109428736.0	268435456.0
109428736.0	268435456.0
109428736.0	268435456.0
146890752.0	268435456.0
186609664.0	268435456.0
205062144.0	268435456.0
207421440.0	268435456.0
109924352.0	268435456.0
109924352.0	268435456.0
109924352.0	268435456.0
109924352.0	268435456.0
109924352.0	268435456.0
109924352.0	268435456.0
109924352.0	268435456.0
109924352.0	268435456.0
109924352.0	268435456.0
109924352.0	268435456.0
109924352.0	268435456.0
109924352.0	268435456.0
109924352.0	268435456.0
109924352.0	268435456.0
109924352.0	268435456.0
109924352.0	268435456.0
109924352.0	268435456.0
109924352.0	268435456.0
109924352.0	268435456.0
109924352.0	268435456.0
109924352.0	268435456.0
109924352.0	268435456.0
109924352.0	268435456.0
109924352.0	268435456.0
109924352.0	268435456.0
109924352.0	268435456.0
109924352.0	268435456.0
109924352.0	268435456.0
109924352.0	268435456.0
109924352.0	268435456.0
109924352.0	268435456.0
109924352.0	268435456.0
109924352.0	268435456.0
109924352.0	268435456.0
109924352.0	268435456.0
109924352.0	268435456.0
109924352.0	268435456.0
109924352.0	268435456.0
109924352.0	268435456.0
109924352.0	268435456.0
109924352.0	268435456.0
109924352.0	268435456.0
109924352.0	268435456.0
109924352.0	268435456.0
109924352.0	268435456.0
109924352.0	268435456.0
109924352.0	268435456.0
109924352.0	268435456.0
109924352.0	268435456.0
109924352.0	268435456.0
109924352.0	268435456.0
109924352.0	268435456.0
109924352.0	268435456.0
109924352.0	268435456.0
109924352.0	268435456.0
109924352.0	268435456.0
140275712.0	268435456.0
185212928.0	268435456.0
203776000.0	268435456.0
225103872.0	268435456.0
228851712.0	268435456.0
190873600.0	268435456.0
110190592.0	268435456.0
110190592.0	268435456.0
110190592.0	268435456.0
110190592.0	268435456.0
110190592.0	268435456.0
110190592.0	268435456.0
110190592.0	268435456.0
110190592.0	268435456.0
110190592.0	268435456.0
110190592.0	268435456.0
110190592.0	268435456.0
110190592.0	268435456.0
110190592.0	268435456.0
110190592.0	268435456.0
110190592.0	268435456.0
110190592.0	268435456.0
110190592.0	268435456.0
110190592.0	268435456.0
110190592.0	268435456.0
110190592.0	268435456.0
110190592.0	268435456.0
110190592.0	268435456.0
110190592.0	268435456.0
110190592.0	268435456.0
110190592.0	268435456.0
110190592.0	268435456.0
110190592.0	268435456.0
110190592.0	268435456.0
110190592.0	268435456.0
110190592.0	268435456.0
110190592.0	268435456.0
110190592.0	268435456.0
110190592.0	268435456.0
110190592.0	268435456.0
110190592.0	268435456.0
110190592.0	268435456.0
110190592.0	268435456.0
110190592.0	268435456.0
110190592.0	268435456.0
110190592.0	268435456.0
110190592.0	268435456.0
110190592.0	268435456.0
110190592.0	268435456.0
110190592.0	268435456.0
110190592.0	268435456.0
110190592.0	268435456.0
110190592.0	268435456.0
110190592.0	268435456.0
110190592.0	268435456.0
110190592.0	268435456.0
110190592.0	268435456.0
110190592.0	268435456.0
110190592.0	268435456.0
110190592.0	268435456.0
110190592.0	268435456.0
110190592.0	268435456.0
110190592.0	268435456.0
110190592.0	268435456.0
110190592.0	268435456.0
110190592.0	268435456.0
110190592.0	268435456.0
110190592.0	268435456.0
110190592.0	268435456.0
110190592.0	268435456.0
110190592.0	268435456.0
110190592.0	268435456.0
110190592.0	268435456.0
110190592.0	268435456.0
110190592.0	268435456.0
110190592.0	268435456.0
110190592.0	268435456.0
110190592.0	268435456.0
110190592.0	268435456.0
110190592.0	268435456.0
110190592.0	268435456.0
110190592.0	268435456.0
110190592.0	268435456.0
110190592.0	268435456.0
110190592.0	268435456.0
110190592.0	268435456.0
110190592.0	268435456.0
110190592.0	268435456.0
110190592.0	268435456.0
110190592.0	268435456.0
110190592.0	268435456.0
110190592.0	268435456.0
110190592.0	268435456.0
110190592.0	268435456.0
110190592.0	268435456.0
110190592.0	268435456.0
110190592.0	268435456.0
110190592.0	268435456.0
110190592.0	268435456.0
110190592.0	268435456.0
110190592.0	268435456.0
110190592.0	268435456.0
110190592.0	268435456.0
110190592.0	268435456.0
110190592.0	268435456.0
110190592.0	268435456.0
110190592.0	268435456.0
110190592.0	268435456.0
110190592.0	268435456.0
110190592.0	268435456.0
110190592.0	268435456.0
110190592.0	268435456.0
110190592.0	268435456.0
