114151424.0	268435456.0
114151424.0	268435456.0
114151424.0	268435456.0
114151424.0	268435456.0
114151424.0	268435456.0
114151424.0	268435456.0
150953984.0	268435456.0
183926784.0	268435456.0
191311872.0	268435456.0
211226624.0	268435456.0
232136704.0	268435456.0
234684416.0	268435456.0
199507968.0	268435456.0
114724864.0	268435456.0
114724864.0	268435456.0
114724864.0	268435456.0
114724864.0	268435456.0
114724864.0	268435456.0
114724864.0	268435456.0
114724864.0	268435456.0
114724864.0	268435456.0
114724864.0	268435456.0
114724864.0	268435456.0
114724864.0	268435456.0
114724864.0	268435456.0
114724864.0	268435456.0
114724864.0	268435456.0
114724864.0	268435456.0
114724864.0	268435456.0
114724864.0	268435456.0
114724864.0	268435456.0
114724864.0	268435456.0
114724864.0	268435456.0
114724864.0	268435456.0
114724864.0	268435456.0
114724864.0	268435456.0
114724864.0	268435456.0
114724864.0	268435456.0
114724864.0	268435456.0
114724864.0	268435456.0
114724864.0	268435456.0
114724864.0	268435456.0
114724864.0	268435456.0
114724864.0	268435456.0
114724864.0	268435456.0
114724864.0	268435456.0
114724864.0	268435456.0
114724864.0	268435456.0
114724864.0	268435456.0
114724864.0	268435456.0
114724864.0	268435456.0
114724864.0	268435456.0
114724864.0	268435456.0
114724864.0	268435456.0
114724864.0	268435456.0
114724864.0	268435456.0
114724864.0	268435456.0
114724864.0	268435456.0
114724864.0	268435456.0
114724864.0	268435456.0
114724864.0	268435456.0
114724864.0	268435456.0
114724864.0	268435456.0
114724864.0	268435456.0
114724864.0	268435456.0
114724864.0	268435456.0
140292096.0	268435456.0
169971712.0	268435456.0
188796928.0	268435456.0
199266304.0	268435456.0
210391040.0	268435456.0
195342336.0	268435456.0
137117696.0	268435456.0
184995840.0	268435456.0
192360448.0	268435456.0
210931712.0	268435456.0
233287680.0	268435456.0
191123456.0	268435456.0
115724288.0	268435456.0
115490816.0	268435456.0
115490816.0	268435456.0
115490816.0	268435456.0
115490816.0	268435456.0
115490816.0	268435456.0
115490816.0	268435456.0
115490816.0	268435456.0
115490816.0	268435456.0
115425280.0	268435456.0
115425280.0	268435456.0
115425280.0	268435456.0
115425280.0	268435456.0
115425280.0	268435456.0
115417088.0	268435456.0
115417088.0	268435456.0
115417088.0	268435456.0
115417088.0	268435456.0
115417088.0	268435456.0
115417088.0	268435456.0
115417088.0	268435456.0
115417088.0	268435456.0
115417088.0	268435456.0
115417088.0	268435456.0
115417088.0	268435456.0
115417088.0	268435456.0
115417088.0	268435456.0
115417088.0	268435456.0
115417088.0	268435456.0
115417088.0	268435456.0
115417088.0	268435456.0
115417088.0	268435456.0
115417088.0	268435456.0
115417088.0	268435456.0
115417088.0	268435456.0
115417088.0	268435456.0
115417088.0	268435456.0
115417088.0	268435456.0
115417088.0	268435456.0
115417088.0	268435456.0
115417088.0	268435456.0
115417088.0	268435456.0
115417088.0	268435456.0
115417088.0	268435456.0
115417088.0	268435456.0
115417088.0	268435456.0
115417088.0	268435456.0
115417088.0	268435456.0
145084416.0	268435456.0
189390848.0	268435456.0
209362944.0	268435456.0
213950464.0	268435456.0
116047872.0	268435456.0
115757056.0	268435456.0
129556480.0	268435456.0
170983424.0	268435456.0
201752576.0	268435456.0
232226816.0	268435456.0
235749376.0	268435456.0
116154368.0	268435456.0
116154368.0	268435456.0
116154368.0	268435456.0
116154368.0	268435456.0
116154368.0	268435456.0
116154368.0	268435456.0
116154368.0	268435456.0
116154368.0	268435456.0
116113408.0	268435456.0
116113408.0	268435456.0
116068352.0	268435456.0
116068352.0	268435456.0
116068352.0	268435456.0
116068352.0	268435456.0
116068352.0	268435456.0
116068352.0	268435456.0
116068352.0	268435456.0
116068352.0	268435456.0
116068352.0	268435456.0
116068352.0	268435456.0
116068352.0	268435456.0
116068352.0	268435456.0
116068352.0	268435456.0
116068352.0	268435456.0
116068352.0	268435456.0
116068352.0	268435456.0
116068352.0	268435456.0
116068352.0	268435456.0
116068352.0	268435456.0
116068352.0	268435456.0
116068352.0	268435456.0
116068352.0	268435456.0
116068352.0	268435456.0
116068352.0	268435456.0
116068352.0	268435456.0
116068352.0	268435456.0
116068352.0	268435456.0
116068352.0	268435456.0
116068352.0	268435456.0
116068352.0	268435456.0
116068352.0	268435456.0
116068352.0	268435456.0
116068352.0	268435456.0
116068352.0	268435456.0
116068352.0	268435456.0
116068352.0	268435456.0
116068352.0	268435456.0
116068352.0	268435456.0
116068352.0	268435456.0
153677824.0	268435456.0
189337600.0	268435456.0
199151616.0	268435456.0
210272256.0	268435456.0
229752832.0	268435456.0
232374272.0	268435456.0
189984768.0	268435456.0
116576256.0	268435456.0
116318208.0	268435456.0
116293632.0	268435456.0
116293632.0	268435456.0
116293632.0	268435456.0
116293632.0	268435456.0
116293632.0	268435456.0
116293632.0	268435456.0
116293632.0	268435456.0
116293632.0	268435456.0
116293632.0	268435456.0
116293632.0	268435456.0
116293632.0	268435456.0
116293632.0	268435456.0
116293632.0	268435456.0
116293632.0	268435456.0
116293632.0	268435456.0
116293632.0	268435456.0
116293632.0	268435456.0
116293632.0	268435456.0
116293632.0	268435456.0
116293632.0	268435456.0
116293632.0	268435456.0
116293632.0	268435456.0
116293632.0	268435456.0
116293632.0	268435456.0
116293632.0	268435456.0
116293632.0	268435456.0
116293632.0	268435456.0
116293632.0	268435456.0
116293632.0	268435456.0
116293632.0	268435456.0
116293632.0	268435456.0
116293632.0	268435456.0
116293632.0	268435456.0
116293632.0	268435456.0
116293632.0	268435456.0
116293632.0	268435456.0
116293632.0	268435456.0
116293632.0	268435456.0
116293632.0	268435456.0
116293632.0	268435456.0
116293632.0	268435456.0
116293632.0	268435456.0
116293632.0	268435456.0
116293632.0	268435456.0
116293632.0	268435456.0
116293632.0	268435456.0
116293632.0	268435456.0
116293632.0	268435456.0
116293632.0	268435456.0
116293632.0	268435456.0
116293632.0	268435456.0
153952256.0	268435456.0
192958464.0	268435456.0
211013632.0	268435456.0
194195456.0	268435456.0
116502528.0	268435456.0
116473856.0	268435456.0
116473856.0	268435456.0
116473856.0	268435456.0
116473856.0	268435456.0
116473856.0	268435456.0
116473856.0	268435456.0
116473856.0	268435456.0
116473856.0	268435456.0
116473856.0	268435456.0
116473856.0	268435456.0
116473856.0	268435456.0
116473856.0	268435456.0
116473856.0	268435456.0
116473856.0	268435456.0
116473856.0	268435456.0
116473856.0	268435456.0
116473856.0	268435456.0
116473856.0	268435456.0
116473856.0	268435456.0
116473856.0	268435456.0
116473856.0	268435456.0
116473856.0	268435456.0
116473856.0	268435456.0
116473856.0	268435456.0
116473856.0	268435456.0
116473856.0	268435456.0
116473856.0	268435456.0
116473856.0	268435456.0
116473856.0	268435456.0
116473856.0	268435456.0
116473856.0	268435456.0
116473856.0	268435456.0
116473856.0	268435456.0
116473856.0	268435456.0
116473856.0	268435456.0
116473856.0	268435456.0
116473856.0	268435456.0
116473856.0	268435456.0
116473856.0	268435456.0
116473856.0	268435456.0
116473856.0	268435456.0
116473856.0	268435456.0
116473856.0	268435456.0
116473856.0	268435456.0
116473856.0	268435456.0
116473856.0	268435456.0
116473856.0	268435456.0
116473856.0	268435456.0
116473856.0	268435456.0
