205074432.0	268435456.0
207695872.0	268435456.0
226271232.0	268435456.0
227450880.0	268435456.0
228585472.0	268435456.0
195100672.0	268435456.0
195100672.0	268435456.0
193216512.0	268435456.0
102522880.0	268435456.0
120090624.0	268435456.0
151773184.0	268435456.0
160493568.0	268435456.0
165900288.0	268435456.0
169963520.0	268435456.0
179900416.0	268435456.0
183300096.0	268435456.0
166825984.0	268435456.0
83464192.0	268435456.0
83464192.0	268435456.0
83464192.0	268435456.0
108892160.0	268435456.0
138579968.0	268435456.0
161292288.0	268435456.0
170811392.0	268435456.0
181661696.0	268435456.0
201027584.0	268435456.0
203628544.0	268435456.0
206381056.0	268435456.0
167391232.0	268435456.0
84250624.0	268435456.0
84250624.0	268435456.0
84185088.0	268435456.0
84185088.0	268435456.0
84172800.0	268435456.0
84172800.0	268435456.0
84172800.0	268435456.0
84172800.0	268435456.0
84172800.0	268435456.0
84172800.0	268435456.0
84164608.0	268435456.0
84164608.0	268435456.0
84156416.0	268435456.0
84156416.0	268435456.0
84156416.0	268435456.0
84156416.0	268435456.0
84156416.0	268435456.0
84156416.0	268435456.0
84156416.0	268435456.0
84156416.0	268435456.0
84156416.0	268435456.0
84156416.0	268435456.0
84156416.0	268435456.0
84156416.0	268435456.0
84156416.0	268435456.0
84156416.0	268435456.0
84156416.0	268435456.0
84156416.0	268435456.0
84156416.0	268435456.0
84156416.0	268435456.0
84156416.0	268435456.0
84156416.0	268435456.0
84156416.0	268435456.0
84156416.0	268435456.0
114987008.0	268435456.0
139583488.0	268435456.0
156647424.0	268435456.0
161886208.0	268435456.0
167378944.0	268435456.0
171311104.0	268435456.0
181768192.0	268435456.0
161828864.0	268435456.0
103579648.0	268435456.0
119640064.0	268435456.0
140468224.0	268435456.0
162222080.0	268435456.0
170205184.0	268435456.0
180191232.0	268435456.0
183599104.0	268435456.0
162660352.0	268435456.0
85499904.0	268435456.0
85417984.0	268435456.0
85417984.0	268435456.0
85417984.0	268435456.0
85417984.0	268435456.0
85417984.0	268435456.0
85417984.0	268435456.0
85417984.0	268435456.0
85417984.0	268435456.0
85417984.0	268435456.0
85417984.0	268435456.0
85417984.0	268435456.0
85417984.0	268435456.0
85417984.0	268435456.0
85417984.0	268435456.0
85417984.0	268435456.0
85417984.0	268435456.0
85417984.0	268435456.0
85417984.0	268435456.0
85417984.0	268435456.0
85417984.0	268435456.0
85417984.0	268435456.0
85417984.0	268435456.0
85417984.0	268435456.0
85417984.0	268435456.0
85417984.0	268435456.0
85417984.0	268435456.0
85417984.0	268435456.0
85417984.0	268435456.0
85417984.0	268435456.0
85417984.0	268435456.0
85417984.0	268435456.0
85417984.0	268435456.0
85417984.0	268435456.0
85417984.0	268435456.0
85417984.0	268435456.0
85417984.0	268435456.0
85417984.0	268435456.0
85417984.0	268435456.0
85417984.0	268435456.0
85417984.0	268435456.0
85417984.0	268435456.0
85417984.0	268435456.0
85417984.0	268435456.0
115720192.0	268435456.0
137670656.0	268435456.0
155058176.0	268435456.0
162340864.0	268435456.0
171241472.0	268435456.0
181207040.0	268435456.0
183304192.0	268435456.0
184750080.0	268435456.0
202932224.0	268435456.0
204582912.0	268435456.0
207814656.0	268435456.0
207708160.0	268435456.0
162664448.0	268435456.0
169619456.0	268435456.0
86138880.0	268435456.0
116105216.0	268435456.0
141164544.0	268435456.0
158732288.0	268435456.0
163966976.0	268435456.0
171294720.0	268435456.0
181411840.0	268435456.0
184147968.0	268435456.0
203509760.0	268435456.0
205479936.0	268435456.0
207872000.0	268435456.0
177119232.0	268435456.0
86528000.0	268435456.0
86482944.0	268435456.0
86482944.0	268435456.0
86474752.0	268435456.0
86474752.0	268435456.0
86474752.0	268435456.0
86474752.0	268435456.0
86474752.0	268435456.0
86474752.0	268435456.0
86470656.0	268435456.0
86470656.0	268435456.0
86470656.0	268435456.0
86470656.0	268435456.0
86470656.0	268435456.0
86470656.0	268435456.0
86470656.0	268435456.0
86470656.0	268435456.0
86470656.0	268435456.0
86470656.0	268435456.0
86470656.0	268435456.0
86470656.0	268435456.0
86470656.0	268435456.0
86470656.0	268435456.0
86470656.0	268435456.0
86470656.0	268435456.0
86470656.0	268435456.0
86470656.0	268435456.0
86470656.0	268435456.0
86470656.0	268435456.0
86470656.0	268435456.0
86470656.0	268435456.0
86470656.0	268435456.0
86470656.0	268435456.0
86470656.0	268435456.0
104898560.0	268435456.0
120705024.0	268435456.0
156725248.0	268435456.0
163274752.0	268435456.0
170602496.0	268435456.0
181428224.0	268435456.0
182984704.0	268435456.0
184426496.0	268435456.0
202493952.0	268435456.0
203792384.0	268435456.0
204972032.0	268435456.0
207425536.0	268435456.0
207425536.0	268435456.0
207425536.0	268435456.0
162316288.0	268435456.0
168083456.0	268435456.0
167342080.0	268435456.0
86798336.0	268435456.0
86798336.0	268435456.0
86798336.0	268435456.0
86798336.0	268435456.0
86798336.0	268435456.0
86798336.0	268435456.0
86798336.0	268435456.0
86798336.0	268435456.0
86798336.0	268435456.0
86798336.0	268435456.0
86798336.0	268435456.0
86798336.0	268435456.0
86798336.0	268435456.0
86798336.0	268435456.0
86798336.0	268435456.0
86798336.0	268435456.0
86798336.0	268435456.0
86798336.0	268435456.0
86798336.0	268435456.0
86798336.0	268435456.0
86798336.0	268435456.0
86798336.0	268435456.0
86798336.0	268435456.0
86798336.0	268435456.0
86798336.0	268435456.0
86798336.0	268435456.0
86798336.0	268435456.0
86798336.0	268435456.0
86798336.0	268435456.0
86798336.0	268435456.0
86798336.0	268435456.0
86798336.0	268435456.0
86798336.0	268435456.0
86798336.0	268435456.0
86798336.0	268435456.0
86798336.0	268435456.0
86798336.0	268435456.0
86798336.0	268435456.0
86798336.0	268435456.0
86798336.0	268435456.0
86798336.0	268435456.0
86798336.0	268435456.0
86798336.0	268435456.0
117559296.0	268435456.0
156164096.0	268435456.0
163594240.0	268435456.0
170921984.0	268435456.0
172232704.0	268435456.0
181841920.0	268435456.0
183099392.0	268435456.0
184410112.0	268435456.0
203014144.0	268435456.0
204587008.0	268435456.0
205639680.0	268435456.0
169512960.0	268435456.0
87134208.0	268435456.0
86994944.0	268435456.0
86994944.0	268435456.0
86994944.0	268435456.0
86994944.0	268435456.0
86994944.0	268435456.0
86990848.0	268435456.0
86990848.0	268435456.0
86990848.0	268435456.0
86990848.0	268435456.0
86990848.0	268435456.0
86990848.0	268435456.0
86990848.0	268435456.0
86990848.0	268435456.0
86990848.0	268435456.0
86990848.0	268435456.0
86990848.0	268435456.0
86990848.0	268435456.0
86990848.0	268435456.0
86990848.0	268435456.0
86990848.0	268435456.0
86990848.0	268435456.0
86990848.0	268435456.0
86990848.0	268435456.0
86990848.0	268435456.0
86990848.0	268435456.0
86990848.0	268435456.0
86990848.0	268435456.0
86990848.0	268435456.0
86990848.0	268435456.0
86990848.0	268435456.0
86990848.0	268435456.0
86990848.0	268435456.0
86990848.0	268435456.0
86990848.0	268435456.0
86990848.0	268435456.0
86990848.0	268435456.0
86990848.0	268435456.0
86990848.0	268435456.0
86990848.0	268435456.0
86990848.0	268435456.0
86990848.0	268435456.0
86990848.0	268435456.0
86990848.0	268435456.0
86990848.0	268435456.0
