78839808.0	268435456.0
78839808.0	268435456.0
78839808.0	268435456.0
78839808.0	268435456.0
78839808.0	268435456.0
78839808.0	268435456.0
78839808.0	268435456.0
78839808.0	268435456.0
78839808.0	268435456.0
78839808.0	268435456.0
78839808.0	268435456.0
78839808.0	268435456.0
78839808.0	268435456.0
78839808.0	268435456.0
78839808.0	268435456.0
78839808.0	268435456.0
78839808.0	268435456.0
78839808.0	268435456.0
78839808.0	268435456.0
78839808.0	268435456.0
78839808.0	268435456.0
78839808.0	268435456.0
78839808.0	268435456.0
78839808.0	268435456.0
78839808.0	268435456.0
78839808.0	268435456.0
78839808.0	268435456.0
78839808.0	268435456.0
78839808.0	268435456.0
78839808.0	268435456.0
78839808.0	268435456.0
78839808.0	268435456.0
78839808.0	268435456.0
78839808.0	268435456.0
78839808.0	268435456.0
78839808.0	268435456.0
78839808.0	268435456.0
78839808.0	268435456.0
78839808.0	268435456.0
78839808.0	268435456.0
78839808.0	268435456.0
78839808.0	268435456.0
78839808.0	268435456.0
78839808.0	268435456.0
78839808.0	268435456.0
78839808.0	268435456.0
78839808.0	268435456.0
78839808.0	268435456.0
78839808.0	268435456.0
78839808.0	268435456.0
78839808.0	268435456.0
78839808.0	268435456.0
78839808.0	268435456.0
78839808.0	268435456.0
78839808.0	268435456.0
78839808.0	268435456.0
78839808.0	268435456.0
78839808.0	268435456.0
78839808.0	268435456.0
78839808.0	268435456.0
78839808.0	268435456.0
78839808.0	268435456.0
78839808.0	268435456.0
78839808.0	268435456.0
78839808.0	268435456.0
78839808.0	268435456.0
78839808.0	268435456.0
78839808.0	268435456.0
78839808.0	268435456.0
78839808.0	268435456.0
78839808.0	268435456.0
78839808.0	268435456.0
78839808.0	268435456.0
78839808.0	268435456.0
78839808.0	268435456.0
78839808.0	268435456.0
78839808.0	268435456.0
78839808.0	268435456.0
78839808.0	268435456.0
78839808.0	268435456.0
78839808.0	268435456.0
78839808.0	268435456.0
78839808.0	268435456.0
78839808.0	268435456.0
78839808.0	268435456.0
78839808.0	268435456.0
78839808.0	268435456.0
78839808.0	268435456.0
78839808.0	268435456.0
78839808.0	268435456.0
78839808.0	268435456.0
78839808.0	268435456.0
78839808.0	268435456.0
78839808.0	268435456.0
78839808.0	268435456.0
78839808.0	268435456.0
78839808.0	268435456.0
78839808.0	268435456.0
78839808.0	268435456.0
78839808.0	268435456.0
78839808.0	268435456.0
78839808.0	268435456.0
78839808.0	268435456.0
78839808.0	268435456.0
78839808.0	268435456.0
78839808.0	268435456.0
78839808.0	268435456.0
78839808.0	268435456.0
78839808.0	268435456.0
78839808.0	268435456.0
78839808.0	268435456.0
78839808.0	268435456.0
78839808.0	268435456.0
78839808.0	268435456.0
78839808.0	268435456.0
78839808.0	268435456.0
78839808.0	268435456.0
78839808.0	268435456.0
78839808.0	268435456.0
78839808.0	268435456.0
78839808.0	268435456.0
78839808.0	268435456.0
78839808.0	268435456.0
78839808.0	268435456.0
78839808.0	268435456.0
78839808.0	268435456.0
78839808.0	268435456.0
78839808.0	268435456.0
78839808.0	268435456.0
78839808.0	268435456.0
78839808.0	268435456.0
78839808.0	268435456.0
78839808.0	268435456.0
78839808.0	268435456.0
78839808.0	268435456.0
78839808.0	268435456.0
78839808.0	268435456.0
78839808.0	268435456.0
78839808.0	268435456.0
78839808.0	268435456.0
78839808.0	268435456.0
78839808.0	268435456.0
78839808.0	268435456.0
78839808.0	268435456.0
78839808.0	268435456.0
78839808.0	268435456.0
78839808.0	268435456.0
78839808.0	268435456.0
78839808.0	268435456.0
78839808.0	268435456.0
78839808.0	268435456.0
78839808.0	268435456.0
78839808.0	268435456.0
116760576.0	268435456.0
156528640.0	268435456.0
175906816.0	268435456.0
196956160.0	268435456.0
154243072.0	268435456.0
80195584.0	268435456.0
80195584.0	268435456.0
80187392.0	268435456.0
80162816.0	268435456.0
80052224.0	268435456.0
80052224.0	268435456.0
80052224.0	268435456.0
80052224.0	268435456.0
80052224.0	268435456.0
80052224.0	268435456.0
80052224.0	268435456.0
80052224.0	268435456.0
80052224.0	268435456.0
80052224.0	268435456.0
80052224.0	268435456.0
80052224.0	268435456.0
80052224.0	268435456.0
80052224.0	268435456.0
80052224.0	268435456.0
80052224.0	268435456.0
80052224.0	268435456.0
80052224.0	268435456.0
80052224.0	268435456.0
80052224.0	268435456.0
80052224.0	268435456.0
80052224.0	268435456.0
80052224.0	268435456.0
80052224.0	268435456.0
80052224.0	268435456.0
80052224.0	268435456.0
80052224.0	268435456.0
80052224.0	268435456.0
80052224.0	268435456.0
80052224.0	268435456.0
80052224.0	268435456.0
80052224.0	268435456.0
80052224.0	268435456.0
80052224.0	268435456.0
80052224.0	268435456.0
80052224.0	268435456.0
80052224.0	268435456.0
80052224.0	268435456.0
80052224.0	268435456.0
80052224.0	268435456.0
80052224.0	268435456.0
80052224.0	268435456.0
80052224.0	268435456.0
80052224.0	268435456.0
80052224.0	268435456.0
80052224.0	268435456.0
80052224.0	268435456.0
80052224.0	268435456.0
80052224.0	268435456.0
80052224.0	268435456.0
80052224.0	268435456.0
80052224.0	268435456.0
80052224.0	268435456.0
80052224.0	268435456.0
80052224.0	268435456.0
80052224.0	268435456.0
80052224.0	268435456.0
80052224.0	268435456.0
80052224.0	268435456.0
80052224.0	268435456.0
80052224.0	268435456.0
80052224.0	268435456.0
80052224.0	268435456.0
80052224.0	268435456.0
80052224.0	268435456.0
80052224.0	268435456.0
80052224.0	268435456.0
80052224.0	268435456.0
80052224.0	268435456.0
80052224.0	268435456.0
80052224.0	268435456.0
80052224.0	268435456.0
80052224.0	268435456.0
80052224.0	268435456.0
80052224.0	268435456.0
80052224.0	268435456.0
80052224.0	268435456.0
80052224.0	268435456.0
80052224.0	268435456.0
80052224.0	268435456.0
80052224.0	268435456.0
80052224.0	268435456.0
80052224.0	268435456.0
80052224.0	268435456.0
80052224.0	268435456.0
80052224.0	268435456.0
80052224.0	268435456.0
80052224.0	268435456.0
80052224.0	268435456.0
80052224.0	268435456.0
80052224.0	268435456.0
80052224.0	268435456.0
80052224.0	268435456.0
80052224.0	268435456.0
80052224.0	268435456.0
80052224.0	268435456.0
80052224.0	268435456.0
80052224.0	268435456.0
80052224.0	268435456.0
80052224.0	268435456.0
80052224.0	268435456.0
80052224.0	268435456.0
80052224.0	268435456.0
80052224.0	268435456.0
80052224.0	268435456.0
80052224.0	268435456.0
80052224.0	268435456.0
80052224.0	268435456.0
80052224.0	268435456.0
80052224.0	268435456.0
80052224.0	268435456.0
80052224.0	268435456.0
80052224.0	268435456.0
80052224.0	268435456.0
80052224.0	268435456.0
80052224.0	268435456.0
80052224.0	268435456.0
80052224.0	268435456.0
80052224.0	268435456.0
80052224.0	268435456.0
80052224.0	268435456.0
80052224.0	268435456.0
80052224.0	268435456.0
80052224.0	268435456.0
80052224.0	268435456.0
80052224.0	268435456.0
80052224.0	268435456.0
80052224.0	268435456.0
80052224.0	268435456.0
80052224.0	268435456.0
80052224.0	268435456.0
80052224.0	268435456.0
80052224.0	268435456.0
80052224.0	268435456.0
80052224.0	268435456.0
80052224.0	268435456.0
80052224.0	268435456.0
80052224.0	268435456.0
