217235456.0	268435456.0
219856896.0	268435456.0
239349760.0	268435456.0
240578560.0	268435456.0
207081472.0	268435456.0
95158272.0	268435456.0
95158272.0	268435456.0
95158272.0	268435456.0
95158272.0	268435456.0
95158272.0	268435456.0
95158272.0	268435456.0
95158272.0	268435456.0
95158272.0	268435456.0
95158272.0	268435456.0
95158272.0	268435456.0
95158272.0	268435456.0
95158272.0	268435456.0
95158272.0	268435456.0
95158272.0	268435456.0
95158272.0	268435456.0
95158272.0	268435456.0
95158272.0	268435456.0
95158272.0	268435456.0
95158272.0	268435456.0
95158272.0	268435456.0
95158272.0	268435456.0
95158272.0	268435456.0
95158272.0	268435456.0
95158272.0	268435456.0
95158272.0	268435456.0
95158272.0	268435456.0
95158272.0	268435456.0
95158272.0	268435456.0
95158272.0	268435456.0
95158272.0	268435456.0
95158272.0	268435456.0
95158272.0	268435456.0
95158272.0	268435456.0
95158272.0	268435456.0
95158272.0	268435456.0
95158272.0	268435456.0
95158272.0	268435456.0
95158272.0	268435456.0
95158272.0	268435456.0
95158272.0	268435456.0
95158272.0	268435456.0
95158272.0	268435456.0
95158272.0	268435456.0
95158272.0	268435456.0
95158272.0	268435456.0
95158272.0	268435456.0
95158272.0	268435456.0
95158272.0	268435456.0
95158272.0	268435456.0
95158272.0	268435456.0
95158272.0	268435456.0
95158272.0	268435456.0
95158272.0	268435456.0
95158272.0	268435456.0
95158272.0	268435456.0
95158272.0	268435456.0
95158272.0	268435456.0
95158272.0	268435456.0
95158272.0	268435456.0
95158272.0	268435456.0
95158272.0	268435456.0
95158272.0	268435456.0
95158272.0	268435456.0
95158272.0	268435456.0
95158272.0	268435456.0
95158272.0	268435456.0
95158272.0	268435456.0
95158272.0	268435456.0
95158272.0	268435456.0
95158272.0	268435456.0
95158272.0	268435456.0
95158272.0	268435456.0
95158272.0	268435456.0
95158272.0	268435456.0
95158272.0	268435456.0
95158272.0	268435456.0
95158272.0	268435456.0
95158272.0	268435456.0
95158272.0	268435456.0
95158272.0	268435456.0
95158272.0	268435456.0
95158272.0	268435456.0
95158272.0	268435456.0
95158272.0	268435456.0
95158272.0	268435456.0
95158272.0	268435456.0
95158272.0	268435456.0
95158272.0	268435456.0
95158272.0	268435456.0
95158272.0	268435456.0
95158272.0	268435456.0
95158272.0	268435456.0
95158272.0	268435456.0
95158272.0	268435456.0
95158272.0	268435456.0
95158272.0	268435456.0
95158272.0	268435456.0
95158272.0	268435456.0
95158272.0	268435456.0
95158272.0	268435456.0
95158272.0	268435456.0
95158272.0	268435456.0
95158272.0	268435456.0
95158272.0	268435456.0
95158272.0	268435456.0
95158272.0	268435456.0
95158272.0	268435456.0
95158272.0	268435456.0
95158272.0	268435456.0
95158272.0	268435456.0
95158272.0	268435456.0
95158272.0	268435456.0
95158272.0	268435456.0
95158272.0	268435456.0
95158272.0	268435456.0
117395456.0	268435456.0
166297600.0	268435456.0
179351552.0	268435456.0
190185472.0	268435456.0
95617024.0	268435456.0
95617024.0	268435456.0
95617024.0	268435456.0
95617024.0	268435456.0
95617024.0	268435456.0
95617024.0	268435456.0
95617024.0	268435456.0
95617024.0	268435456.0
95617024.0	268435456.0
95617024.0	268435456.0
95617024.0	268435456.0
95617024.0	268435456.0
95617024.0	268435456.0
95617024.0	268435456.0
95617024.0	268435456.0
95617024.0	268435456.0
95617024.0	268435456.0
95617024.0	268435456.0
95617024.0	268435456.0
95617024.0	268435456.0
95617024.0	268435456.0
95617024.0	268435456.0
95617024.0	268435456.0
95617024.0	268435456.0
95617024.0	268435456.0
95617024.0	268435456.0
95617024.0	268435456.0
95617024.0	268435456.0
95617024.0	268435456.0
95617024.0	268435456.0
95617024.0	268435456.0
95617024.0	268435456.0
95617024.0	268435456.0
95617024.0	268435456.0
95617024.0	268435456.0
95617024.0	268435456.0
95617024.0	268435456.0
95617024.0	268435456.0
95617024.0	268435456.0
95617024.0	268435456.0
95617024.0	268435456.0
95617024.0	268435456.0
95617024.0	268435456.0
95617024.0	268435456.0
95617024.0	268435456.0
95617024.0	268435456.0
95617024.0	268435456.0
95617024.0	268435456.0
95617024.0	268435456.0
95617024.0	268435456.0
95617024.0	268435456.0
95617024.0	268435456.0
95617024.0	268435456.0
95617024.0	268435456.0
95617024.0	268435456.0
104603648.0	268435456.0
149667840.0	268435456.0
178438144.0	268435456.0
189820928.0	268435456.0
172965888.0	268435456.0
96169984.0	268435456.0
96169984.0	268435456.0
96169984.0	268435456.0
96169984.0	268435456.0
96169984.0	268435456.0
96169984.0	268435456.0
96169984.0	268435456.0
96169984.0	268435456.0
96169984.0	268435456.0
96169984.0	268435456.0
96169984.0	268435456.0
96169984.0	268435456.0
96169984.0	268435456.0
96169984.0	268435456.0
96169984.0	268435456.0
96169984.0	268435456.0
96169984.0	268435456.0
96169984.0	268435456.0
96169984.0	268435456.0
96169984.0	268435456.0
96169984.0	268435456.0
96169984.0	268435456.0
96169984.0	268435456.0
96169984.0	268435456.0
96169984.0	268435456.0
96169984.0	268435456.0
96169984.0	268435456.0
96169984.0	268435456.0
96169984.0	268435456.0
96169984.0	268435456.0
96169984.0	268435456.0
96169984.0	268435456.0
96169984.0	268435456.0
96169984.0	268435456.0
96169984.0	268435456.0
96169984.0	268435456.0
96169984.0	268435456.0
96169984.0	268435456.0
96169984.0	268435456.0
96169984.0	268435456.0
96169984.0	268435456.0
96169984.0	268435456.0
96169984.0	268435456.0
96169984.0	268435456.0
96169984.0	268435456.0
96169984.0	268435456.0
96169984.0	268435456.0
96169984.0	268435456.0
96169984.0	268435456.0
96169984.0	268435456.0
96169984.0	268435456.0
96169984.0	268435456.0
96169984.0	268435456.0
96169984.0	268435456.0
96169984.0	268435456.0
96169984.0	268435456.0
96169984.0	268435456.0
96169984.0	268435456.0
96169984.0	268435456.0
96169984.0	268435456.0
96169984.0	268435456.0
96169984.0	268435456.0
96169984.0	268435456.0
96169984.0	268435456.0
96169984.0	268435456.0
96169984.0	268435456.0
96169984.0	268435456.0
96169984.0	268435456.0
96169984.0	268435456.0
96169984.0	268435456.0
96169984.0	268435456.0
96169984.0	268435456.0
96169984.0	268435456.0
96169984.0	268435456.0
96169984.0	268435456.0
96169984.0	268435456.0
96169984.0	268435456.0
96169984.0	268435456.0
96169984.0	268435456.0
96169984.0	268435456.0
96169984.0	268435456.0
96169984.0	268435456.0
96169984.0	268435456.0
96169984.0	268435456.0
96169984.0	268435456.0
96169984.0	268435456.0
96169984.0	268435456.0
96169984.0	268435456.0
96169984.0	268435456.0
96169984.0	268435456.0
96169984.0	268435456.0
96169984.0	268435456.0
96169984.0	268435456.0
96169984.0	268435456.0
96169984.0	268435456.0
96169984.0	268435456.0
96169984.0	268435456.0
96169984.0	268435456.0
96169984.0	268435456.0
96169984.0	268435456.0
96169984.0	268435456.0
96169984.0	268435456.0
96169984.0	268435456.0
96169984.0	268435456.0
96169984.0	268435456.0
96169984.0	268435456.0
96169984.0	268435456.0
96169984.0	268435456.0
96169984.0	268435456.0
96169984.0	268435456.0
96169984.0	268435456.0
96169984.0	268435456.0
96169984.0	268435456.0
96169984.0	268435456.0
96169984.0	268435456.0
96169984.0	268435456.0
