134651904.0	268435456.0
170487808.0	268435456.0
191778816.0	268435456.0
210923520.0	268435456.0
132702208.0	268435456.0
171343872.0	268435456.0
190590976.0	268435456.0
201191424.0	268435456.0
212049920.0	268435456.0
194838528.0	268435456.0
135806976.0	268435456.0
190132224.0	268435456.0
211267584.0	268435456.0
193003520.0	268435456.0
116391936.0	268435456.0
171528192.0	268435456.0
200810496.0	268435456.0
214798336.0	268435456.0
116760576.0	268435456.0
116760576.0	268435456.0
116748288.0	268435456.0
116748288.0	268435456.0
116715520.0	268435456.0
116715520.0	268435456.0
116715520.0	268435456.0
116715520.0	268435456.0
116674560.0	268435456.0
116666368.0	268435456.0
116666368.0	268435456.0
116666368.0	268435456.0
116666368.0	268435456.0
116666368.0	268435456.0
116666368.0	268435456.0
116666368.0	268435456.0
116666368.0	268435456.0
116666368.0	268435456.0
116666368.0	268435456.0
116666368.0	268435456.0
116666368.0	268435456.0
116666368.0	268435456.0
116666368.0	268435456.0
116666368.0	268435456.0
116666368.0	268435456.0
116666368.0	268435456.0
116666368.0	268435456.0
116666368.0	268435456.0
116666368.0	268435456.0
116666368.0	268435456.0
116666368.0	268435456.0
116666368.0	268435456.0
116666368.0	268435456.0
116666368.0	268435456.0
116666368.0	268435456.0
116666368.0	268435456.0
116666368.0	268435456.0
116666368.0	268435456.0
116666368.0	268435456.0
116666368.0	268435456.0
116666368.0	268435456.0
116666368.0	268435456.0
116666368.0	268435456.0
116666368.0	268435456.0
116666368.0	268435456.0
116666368.0	268435456.0
116666368.0	268435456.0
172093440.0	268435456.0
194637824.0	268435456.0
214433792.0	268435456.0
203542528.0	268435456.0
154673152.0	268435456.0
203702272.0	268435456.0
213118976.0	268435456.0
198746112.0	268435456.0
142962688.0	268435456.0
187588608.0	268435456.0
213385216.0	268435456.0
197193728.0	268435456.0
117485568.0	268435456.0
117485568.0	268435456.0
117485568.0	268435456.0
117485568.0	268435456.0
117485568.0	268435456.0
117485568.0	268435456.0
117485568.0	268435456.0
117485568.0	268435456.0
117485568.0	268435456.0
117485568.0	268435456.0
117485568.0	268435456.0
117485568.0	268435456.0
117485568.0	268435456.0
117485568.0	268435456.0
117485568.0	268435456.0
117485568.0	268435456.0
117485568.0	268435456.0
117485568.0	268435456.0
117485568.0	268435456.0
117485568.0	268435456.0
117485568.0	268435456.0
117485568.0	268435456.0
117485568.0	268435456.0
117485568.0	268435456.0
117485568.0	268435456.0
117485568.0	268435456.0
117485568.0	268435456.0
117485568.0	268435456.0
117485568.0	268435456.0
117485568.0	268435456.0
117485568.0	268435456.0
117485568.0	268435456.0
117485568.0	268435456.0
117485568.0	268435456.0
117485568.0	268435456.0
117485568.0	268435456.0
117485568.0	268435456.0
117485568.0	268435456.0
117485568.0	268435456.0
117485568.0	268435456.0
117485568.0	268435456.0
117485568.0	268435456.0
117485568.0	268435456.0
117485568.0	268435456.0
117485568.0	268435456.0
117485568.0	268435456.0
117485568.0	268435456.0
117485568.0	268435456.0
185954304.0	268435456.0
211361792.0	268435456.0
233463808.0	268435456.0
238051328.0	268435456.0
126291968.0	268435456.0
172232704.0	268435456.0
193855488.0	268435456.0
212426752.0	268435456.0
233984000.0	268435456.0
236900352.0	268435456.0
117538816.0	268435456.0
117338112.0	268435456.0
117338112.0	268435456.0
117338112.0	268435456.0
117338112.0	268435456.0
117338112.0	268435456.0
117338112.0	268435456.0
117338112.0	268435456.0
117338112.0	268435456.0
117338112.0	268435456.0
117338112.0	268435456.0
117338112.0	268435456.0
117338112.0	268435456.0
117338112.0	268435456.0
117338112.0	268435456.0
117338112.0	268435456.0
117338112.0	268435456.0
117338112.0	268435456.0
117338112.0	268435456.0
117338112.0	268435456.0
117338112.0	268435456.0
117338112.0	268435456.0
117338112.0	268435456.0
117338112.0	268435456.0
117338112.0	268435456.0
117338112.0	268435456.0
117338112.0	268435456.0
117338112.0	268435456.0
117338112.0	268435456.0
117338112.0	268435456.0
117338112.0	268435456.0
117338112.0	268435456.0
117338112.0	268435456.0
117338112.0	268435456.0
117338112.0	268435456.0
117338112.0	268435456.0
117338112.0	268435456.0
117338112.0	268435456.0
117338112.0	268435456.0
117338112.0	268435456.0
117338112.0	268435456.0
117338112.0	268435456.0
117338112.0	268435456.0
117338112.0	268435456.0
117338112.0	268435456.0
117338112.0	268435456.0
117338112.0	268435456.0
117338112.0	268435456.0
117338112.0	268435456.0
117338112.0	268435456.0
172433408.0	268435456.0
200962048.0	268435456.0
213655552.0	268435456.0
141197312.0	268435456.0
190382080.0	268435456.0
201695232.0	268435456.0
212807680.0	268435456.0
233725952.0	268435456.0
193228800.0	268435456.0
117911552.0	268435456.0
117805056.0	268435456.0
117805056.0	268435456.0
117805056.0	268435456.0
117805056.0	268435456.0
117805056.0	268435456.0
117805056.0	268435456.0
117805056.0	268435456.0
117805056.0	268435456.0
117805056.0	268435456.0
117805056.0	268435456.0
117805056.0	268435456.0
117805056.0	268435456.0
117805056.0	268435456.0
117805056.0	268435456.0
117805056.0	268435456.0
117805056.0	268435456.0
117805056.0	268435456.0
117805056.0	268435456.0
117805056.0	268435456.0
117805056.0	268435456.0
117805056.0	268435456.0
117805056.0	268435456.0
117805056.0	268435456.0
117805056.0	268435456.0
117805056.0	268435456.0
117805056.0	268435456.0
117805056.0	268435456.0
117805056.0	268435456.0
117805056.0	268435456.0
117805056.0	268435456.0
117805056.0	268435456.0
117805056.0	268435456.0
117805056.0	268435456.0
117805056.0	268435456.0
117805056.0	268435456.0
117805056.0	268435456.0
117805056.0	268435456.0
117805056.0	268435456.0
117805056.0	268435456.0
117805056.0	268435456.0
117805056.0	268435456.0
117805056.0	268435456.0
117805056.0	268435456.0
117805056.0	268435456.0
117805056.0	268435456.0
117805056.0	268435456.0
117805056.0	268435456.0
117805056.0	268435456.0
117805056.0	268435456.0
134455296.0	268435456.0
189308928.0	268435456.0
202268672.0	268435456.0
214577152.0	268435456.0
234332160.0	268435456.0
200761344.0	268435456.0
118210560.0	268435456.0
118169600.0	268435456.0
118169600.0	268435456.0
118169600.0	268435456.0
118169600.0	268435456.0
118169600.0	268435456.0
118169600.0	268435456.0
118169600.0	268435456.0
118169600.0	268435456.0
118169600.0	268435456.0
118169600.0	268435456.0
118169600.0	268435456.0
118169600.0	268435456.0
118169600.0	268435456.0
118169600.0	268435456.0
118169600.0	268435456.0
118169600.0	268435456.0
118169600.0	268435456.0
118169600.0	268435456.0
118169600.0	268435456.0
118169600.0	268435456.0
118169600.0	268435456.0
118169600.0	268435456.0
118169600.0	268435456.0
118169600.0	268435456.0
118169600.0	268435456.0
118169600.0	268435456.0
118169600.0	268435456.0
118169600.0	268435456.0
118169600.0	268435456.0
118169600.0	268435456.0
118169600.0	268435456.0
118169600.0	268435456.0
118169600.0	268435456.0
118169600.0	268435456.0
118169600.0	268435456.0
118169600.0	268435456.0
118169600.0	268435456.0
118169600.0	268435456.0
118169600.0	268435456.0
118169600.0	268435456.0
118169600.0	268435456.0
118169600.0	268435456.0
118169600.0	268435456.0
118169600.0	268435456.0
118169600.0	268435456.0
118169600.0	268435456.0
118169600.0	268435456.0
118169600.0	268435456.0
118169600.0	268435456.0
