218673152.0	268435456.0
238923776.0	268435456.0
239919104.0	268435456.0
206422016.0	268435456.0
94818304.0	268435456.0
94810112.0	268435456.0
94810112.0	268435456.0
94810112.0	268435456.0
94810112.0	268435456.0
94810112.0	268435456.0
94810112.0	268435456.0
94810112.0	268435456.0
94810112.0	268435456.0
94810112.0	268435456.0
94810112.0	268435456.0
94810112.0	268435456.0
94810112.0	268435456.0
94810112.0	268435456.0
94810112.0	268435456.0
94810112.0	268435456.0
94810112.0	268435456.0
94810112.0	268435456.0
94810112.0	268435456.0
94810112.0	268435456.0
94810112.0	268435456.0
94810112.0	268435456.0
94810112.0	268435456.0
94810112.0	268435456.0
94810112.0	268435456.0
94810112.0	268435456.0
94810112.0	268435456.0
94810112.0	268435456.0
94810112.0	268435456.0
94810112.0	268435456.0
94810112.0	268435456.0
94810112.0	268435456.0
94810112.0	268435456.0
94810112.0	268435456.0
94810112.0	268435456.0
94810112.0	268435456.0
94810112.0	268435456.0
94810112.0	268435456.0
94810112.0	268435456.0
94810112.0	268435456.0
94810112.0	268435456.0
94810112.0	268435456.0
94810112.0	268435456.0
94810112.0	268435456.0
94810112.0	268435456.0
94810112.0	268435456.0
94810112.0	268435456.0
94810112.0	268435456.0
94810112.0	268435456.0
94810112.0	268435456.0
94810112.0	268435456.0
94810112.0	268435456.0
94810112.0	268435456.0
94810112.0	268435456.0
94810112.0	268435456.0
94810112.0	268435456.0
94810112.0	268435456.0
94810112.0	268435456.0
94810112.0	268435456.0
94810112.0	268435456.0
94810112.0	268435456.0
94810112.0	268435456.0
94810112.0	268435456.0
94810112.0	268435456.0
94810112.0	268435456.0
94810112.0	268435456.0
94810112.0	268435456.0
94810112.0	268435456.0
94810112.0	268435456.0
94810112.0	268435456.0
94810112.0	268435456.0
94810112.0	268435456.0
94810112.0	268435456.0
94810112.0	268435456.0
94810112.0	268435456.0
94810112.0	268435456.0
94810112.0	268435456.0
94810112.0	268435456.0
94810112.0	268435456.0
94810112.0	268435456.0
94810112.0	268435456.0
94810112.0	268435456.0
94810112.0	268435456.0
94810112.0	268435456.0
94810112.0	268435456.0
94810112.0	268435456.0
94810112.0	268435456.0
94810112.0	268435456.0
94810112.0	268435456.0
94810112.0	268435456.0
94810112.0	268435456.0
94810112.0	268435456.0
94810112.0	268435456.0
94810112.0	268435456.0
94810112.0	268435456.0
94810112.0	268435456.0
94810112.0	268435456.0
94810112.0	268435456.0
94810112.0	268435456.0
94810112.0	268435456.0
94810112.0	268435456.0
94810112.0	268435456.0
94810112.0	268435456.0
94810112.0	268435456.0
94810112.0	268435456.0
94810112.0	268435456.0
94810112.0	268435456.0
94810112.0	268435456.0
94810112.0	268435456.0
94810112.0	268435456.0
94810112.0	268435456.0
94810112.0	268435456.0
94810112.0	268435456.0
94810112.0	268435456.0
94810112.0	268435456.0
94810112.0	268435456.0
124850176.0	268435456.0
165445632.0	268435456.0
177799168.0	268435456.0
192319488.0	268435456.0
212926464.0	268435456.0
218038272.0	268435456.0
179077120.0	268435456.0
95846400.0	268435456.0
95846400.0	268435456.0
95846400.0	268435456.0
95846400.0	268435456.0
95846400.0	268435456.0
95846400.0	268435456.0
95846400.0	268435456.0
95846400.0	268435456.0
95846400.0	268435456.0
95846400.0	268435456.0
95846400.0	268435456.0
95846400.0	268435456.0
95846400.0	268435456.0
95846400.0	268435456.0
95846400.0	268435456.0
95846400.0	268435456.0
95846400.0	268435456.0
95846400.0	268435456.0
95846400.0	268435456.0
95846400.0	268435456.0
95846400.0	268435456.0
95846400.0	268435456.0
95846400.0	268435456.0
95846400.0	268435456.0
95846400.0	268435456.0
95846400.0	268435456.0
95846400.0	268435456.0
95846400.0	268435456.0
95846400.0	268435456.0
95846400.0	268435456.0
95846400.0	268435456.0
95846400.0	268435456.0
95846400.0	268435456.0
95846400.0	268435456.0
95846400.0	268435456.0
95846400.0	268435456.0
95846400.0	268435456.0
95846400.0	268435456.0
95846400.0	268435456.0
95846400.0	268435456.0
95846400.0	268435456.0
95846400.0	268435456.0
95846400.0	268435456.0
95846400.0	268435456.0
95846400.0	268435456.0
95846400.0	268435456.0
95846400.0	268435456.0
95846400.0	268435456.0
95846400.0	268435456.0
95846400.0	268435456.0
95846400.0	268435456.0
95846400.0	268435456.0
116031488.0	268435456.0
150999040.0	268435456.0
179503104.0	268435456.0
192503808.0	268435456.0
214224896.0	268435456.0
186466304.0	268435456.0
125800448.0	268435456.0
168185856.0	268435456.0
181653504.0	268435456.0
193679360.0	268435456.0
97501184.0	268435456.0
97472512.0	268435456.0
97472512.0	268435456.0
97292288.0	268435456.0
97292288.0	268435456.0
97292288.0	268435456.0
97292288.0	268435456.0
97292288.0	268435456.0
97275904.0	268435456.0
97275904.0	268435456.0
97275904.0	268435456.0
97275904.0	268435456.0
97275904.0	268435456.0
97275904.0	268435456.0
97275904.0	268435456.0
97275904.0	268435456.0
97275904.0	268435456.0
97275904.0	268435456.0
97275904.0	268435456.0
97275904.0	268435456.0
97275904.0	268435456.0
97275904.0	268435456.0
97275904.0	268435456.0
97275904.0	268435456.0
97275904.0	268435456.0
97275904.0	268435456.0
97275904.0	268435456.0
97275904.0	268435456.0
97275904.0	268435456.0
97275904.0	268435456.0
97275904.0	268435456.0
97275904.0	268435456.0
97275904.0	268435456.0
97275904.0	268435456.0
97275904.0	268435456.0
97275904.0	268435456.0
97275904.0	268435456.0
97275904.0	268435456.0
97275904.0	268435456.0
97275904.0	268435456.0
97275904.0	268435456.0
97275904.0	268435456.0
97275904.0	268435456.0
97275904.0	268435456.0
97275904.0	268435456.0
97275904.0	268435456.0
97275904.0	268435456.0
97275904.0	268435456.0
97275904.0	268435456.0
97275904.0	268435456.0
97275904.0	268435456.0
150622208.0	268435456.0
174059520.0	268435456.0
192753664.0	268435456.0
173178880.0	268435456.0
97751040.0	268435456.0
97751040.0	268435456.0
97751040.0	268435456.0
97751040.0	268435456.0
97751040.0	268435456.0
97751040.0	268435456.0
97751040.0	268435456.0
97751040.0	268435456.0
97751040.0	268435456.0
97751040.0	268435456.0
97751040.0	268435456.0
97751040.0	268435456.0
97751040.0	268435456.0
97751040.0	268435456.0
97751040.0	268435456.0
97751040.0	268435456.0
97751040.0	268435456.0
97751040.0	268435456.0
97751040.0	268435456.0
97751040.0	268435456.0
97751040.0	268435456.0
97751040.0	268435456.0
97751040.0	268435456.0
97751040.0	268435456.0
97751040.0	268435456.0
97751040.0	268435456.0
97751040.0	268435456.0
97751040.0	268435456.0
97751040.0	268435456.0
97751040.0	268435456.0
97751040.0	268435456.0
97751040.0	268435456.0
97751040.0	268435456.0
97751040.0	268435456.0
97751040.0	268435456.0
97751040.0	268435456.0
97751040.0	268435456.0
97751040.0	268435456.0
97751040.0	268435456.0
97751040.0	268435456.0
97751040.0	268435456.0
97751040.0	268435456.0
97751040.0	268435456.0
97751040.0	268435456.0
97751040.0	268435456.0
97751040.0	268435456.0
97751040.0	268435456.0
97751040.0	268435456.0
97751040.0	268435456.0
97751040.0	268435456.0
97751040.0	268435456.0
97751040.0	268435456.0
97751040.0	268435456.0
97751040.0	268435456.0
97751040.0	268435456.0
97751040.0	268435456.0
