86282240.0	268435456.0
86155264.0	268435456.0
86110208.0	268435456.0
86110208.0	268435456.0
86102016.0	268435456.0
86102016.0	268435456.0
86102016.0	268435456.0
86102016.0	268435456.0
86102016.0	268435456.0
86102016.0	268435456.0
86102016.0	268435456.0
86102016.0	268435456.0
86102016.0	268435456.0
86102016.0	268435456.0
86102016.0	268435456.0
86102016.0	268435456.0
86102016.0	268435456.0
86102016.0	268435456.0
86102016.0	268435456.0
86102016.0	268435456.0
86102016.0	268435456.0
86102016.0	268435456.0
86102016.0	268435456.0
86102016.0	268435456.0
86102016.0	268435456.0
86102016.0	268435456.0
86102016.0	268435456.0
86102016.0	268435456.0
86102016.0	268435456.0
141418496.0	268435456.0
170168320.0	268435456.0
181288960.0	268435456.0
183767040.0	268435456.0
202997760.0	268435456.0
207269888.0	268435456.0
164708352.0	268435456.0
105267200.0	268435456.0
157339648.0	268435456.0
181112832.0	268435456.0
202559488.0	268435456.0
206503936.0	268435456.0
206503936.0	268435456.0
87076864.0	268435456.0
87076864.0	268435456.0
87076864.0	268435456.0
87068672.0	268435456.0
87068672.0	268435456.0
87068672.0	268435456.0
87068672.0	268435456.0
87068672.0	268435456.0
87068672.0	268435456.0
87068672.0	268435456.0
87068672.0	268435456.0
87068672.0	268435456.0
87068672.0	268435456.0
87068672.0	268435456.0
87068672.0	268435456.0
87068672.0	268435456.0
87068672.0	268435456.0
87068672.0	268435456.0
87068672.0	268435456.0
87068672.0	268435456.0
87068672.0	268435456.0
87068672.0	268435456.0
87068672.0	268435456.0
87068672.0	268435456.0
87068672.0	268435456.0
87068672.0	268435456.0
87068672.0	268435456.0
87068672.0	268435456.0
87068672.0	268435456.0
87068672.0	268435456.0
87068672.0	268435456.0
87068672.0	268435456.0
87068672.0	268435456.0
87068672.0	268435456.0
87068672.0	268435456.0
87068672.0	268435456.0
87068672.0	268435456.0
87068672.0	268435456.0
87068672.0	268435456.0
87068672.0	268435456.0
87068672.0	268435456.0
87068672.0	268435456.0
87068672.0	268435456.0
87068672.0	268435456.0
87068672.0	268435456.0
87068672.0	268435456.0
106299392.0	268435456.0
161271808.0	268435456.0
181592064.0	268435456.0
202514432.0	268435456.0
205791232.0	268435456.0
87515136.0	268435456.0
127488000.0	268435456.0
171225088.0	268435456.0
183463936.0	268435456.0
109101056.0	268435456.0
161423360.0	268435456.0
181583872.0	268435456.0
202768384.0	268435456.0
206438400.0	268435456.0
88113152.0	268435456.0
88104960.0	268435456.0
87982080.0	268435456.0
87982080.0	268435456.0
87982080.0	268435456.0
87982080.0	268435456.0
87982080.0	268435456.0
87982080.0	268435456.0
87982080.0	268435456.0
87982080.0	268435456.0
87982080.0	268435456.0
87982080.0	268435456.0
87982080.0	268435456.0
87982080.0	268435456.0
87982080.0	268435456.0
87982080.0	268435456.0
87982080.0	268435456.0
87982080.0	268435456.0
87982080.0	268435456.0
87982080.0	268435456.0
87982080.0	268435456.0
87982080.0	268435456.0
87982080.0	268435456.0
87982080.0	268435456.0
87982080.0	268435456.0
87982080.0	268435456.0
87982080.0	268435456.0
87982080.0	268435456.0
87982080.0	268435456.0
87982080.0	268435456.0
87982080.0	268435456.0
87982080.0	268435456.0
87982080.0	268435456.0
87982080.0	268435456.0
87982080.0	268435456.0
87982080.0	268435456.0
87982080.0	268435456.0
87982080.0	268435456.0
87982080.0	268435456.0
87982080.0	268435456.0
87982080.0	268435456.0
87982080.0	268435456.0
87982080.0	268435456.0
87982080.0	268435456.0
87982080.0	268435456.0
87982080.0	268435456.0
106549248.0	268435456.0
157949952.0	268435456.0
169639936.0	268435456.0
184291328.0	268435456.0
165044224.0	268435456.0
126283776.0	268435456.0
162381824.0	268435456.0
174948352.0	268435456.0
165322752.0	268435456.0
118521856.0	268435456.0
162349056.0	268435456.0
173285376.0	268435456.0
185344000.0	268435456.0
89042944.0	268435456.0
88928256.0	268435456.0
88928256.0	268435456.0
88928256.0	268435456.0
88928256.0	268435456.0
88928256.0	268435456.0
88928256.0	268435456.0
88928256.0	268435456.0
88928256.0	268435456.0
88928256.0	268435456.0
88928256.0	268435456.0
88928256.0	268435456.0
88928256.0	268435456.0
88928256.0	268435456.0
88928256.0	268435456.0
88928256.0	268435456.0
88928256.0	268435456.0
88928256.0	268435456.0
88928256.0	268435456.0
88928256.0	268435456.0
88928256.0	268435456.0
88928256.0	268435456.0
88928256.0	268435456.0
88928256.0	268435456.0
88928256.0	268435456.0
88928256.0	268435456.0
88928256.0	268435456.0
88928256.0	268435456.0
88928256.0	268435456.0
88928256.0	268435456.0
88928256.0	268435456.0
88928256.0	268435456.0
88928256.0	268435456.0
88928256.0	268435456.0
88928256.0	268435456.0
88928256.0	268435456.0
88928256.0	268435456.0
88928256.0	268435456.0
88928256.0	268435456.0
88928256.0	268435456.0
88928256.0	268435456.0
88928256.0	268435456.0
88928256.0	268435456.0
88928256.0	268435456.0
88928256.0	268435456.0
88928256.0	268435456.0
88928256.0	268435456.0
111140864.0	268435456.0
165601280.0	268435456.0
183418880.0	268435456.0
204472320.0	268435456.0
209960960.0	268435456.0
179122176.0	268435456.0
120168448.0	268435456.0
166391808.0	268435456.0
186474496.0	268435456.0
207912960.0	268435456.0
210796544.0	268435456.0
181202944.0	268435456.0
107978752.0	268435456.0
144248832.0	268435456.0
175349760.0	268435456.0
204984320.0	268435456.0
210993152.0	268435456.0
210993152.0	268435456.0
181096448.0	268435456.0
89485312.0	268435456.0
89448448.0	268435456.0
89448448.0	268435456.0
89448448.0	268435456.0
89448448.0	268435456.0
89444352.0	268435456.0
89432064.0	268435456.0
89432064.0	268435456.0
89432064.0	268435456.0
89432064.0	268435456.0
89432064.0	268435456.0
89423872.0	268435456.0
89423872.0	268435456.0
89423872.0	268435456.0
89423872.0	268435456.0
89423872.0	268435456.0
89423872.0	268435456.0
89423872.0	268435456.0
89423872.0	268435456.0
89419776.0	268435456.0
89419776.0	268435456.0
89419776.0	268435456.0
89419776.0	268435456.0
89419776.0	268435456.0
89419776.0	268435456.0
89419776.0	268435456.0
89419776.0	268435456.0
89419776.0	268435456.0
89419776.0	268435456.0
89419776.0	268435456.0
89419776.0	268435456.0
89419776.0	268435456.0
89419776.0	268435456.0
89419776.0	268435456.0
89419776.0	268435456.0
89419776.0	268435456.0
89419776.0	268435456.0
89419776.0	268435456.0
89419776.0	268435456.0
89419776.0	268435456.0
89419776.0	268435456.0
98799616.0	268435456.0
161161216.0	268435456.0
184057856.0	268435456.0
170930176.0	268435456.0
89661440.0	268435456.0
89636864.0	268435456.0
89636864.0	268435456.0
89636864.0	268435456.0
89636864.0	268435456.0
89636864.0	268435456.0
89636864.0	268435456.0
89636864.0	268435456.0
89636864.0	268435456.0
89636864.0	268435456.0
89636864.0	268435456.0
89636864.0	268435456.0
89636864.0	268435456.0
89636864.0	268435456.0
89636864.0	268435456.0
89636864.0	268435456.0
89636864.0	268435456.0
89636864.0	268435456.0
89636864.0	268435456.0
89636864.0	268435456.0
89636864.0	268435456.0
89636864.0	268435456.0
89636864.0	268435456.0
89636864.0	268435456.0
89636864.0	268435456.0
89636864.0	268435456.0
89636864.0	268435456.0
89636864.0	268435456.0
