76636160.0	268435456.0
76636160.0	268435456.0
76636160.0	268435456.0
76636160.0	268435456.0
76636160.0	268435456.0
76636160.0	268435456.0
76636160.0	268435456.0
76636160.0	268435456.0
76636160.0	268435456.0
76636160.0	268435456.0
76636160.0	268435456.0
76636160.0	268435456.0
76636160.0	268435456.0
76636160.0	268435456.0
76636160.0	268435456.0
76636160.0	268435456.0
76636160.0	268435456.0
76636160.0	268435456.0
76636160.0	268435456.0
76636160.0	268435456.0
76636160.0	268435456.0
76636160.0	268435456.0
76636160.0	268435456.0
76636160.0	268435456.0
76636160.0	268435456.0
76636160.0	268435456.0
76636160.0	268435456.0
76636160.0	268435456.0
76636160.0	268435456.0
76636160.0	268435456.0
110174208.0	268435456.0
152309760.0	268435456.0
174424064.0	268435456.0
195604480.0	268435456.0
199254016.0	268435456.0
154255360.0	268435456.0
164868096.0	268435456.0
78012416.0	268435456.0
78012416.0	268435456.0
78012416.0	268435456.0
78012416.0	268435456.0
78012416.0	268435456.0
78012416.0	268435456.0
78012416.0	268435456.0
78012416.0	268435456.0
78012416.0	268435456.0
78012416.0	268435456.0
78012416.0	268435456.0
78012416.0	268435456.0
78012416.0	268435456.0
78012416.0	268435456.0
78012416.0	268435456.0
78012416.0	268435456.0
78012416.0	268435456.0
78012416.0	268435456.0
78012416.0	268435456.0
78012416.0	268435456.0
78012416.0	268435456.0
78012416.0	268435456.0
78012416.0	268435456.0
78012416.0	268435456.0
78012416.0	268435456.0
78012416.0	268435456.0
78012416.0	268435456.0
78012416.0	268435456.0
78012416.0	268435456.0
78012416.0	268435456.0
78012416.0	268435456.0
78012416.0	268435456.0
78012416.0	268435456.0
78012416.0	268435456.0
78012416.0	268435456.0
78012416.0	268435456.0
78012416.0	268435456.0
78012416.0	268435456.0
78012416.0	268435456.0
78012416.0	268435456.0
78012416.0	268435456.0
78012416.0	268435456.0
78012416.0	268435456.0
78012416.0	268435456.0
78012416.0	268435456.0
78012416.0	268435456.0
78012416.0	268435456.0
78012416.0	268435456.0
78012416.0	268435456.0
78012416.0	268435456.0
78012416.0	268435456.0
78012416.0	268435456.0
78012416.0	268435456.0
115896320.0	268435456.0
162267136.0	268435456.0
173260800.0	268435456.0
176136192.0	268435456.0
197070848.0	268435456.0
161488896.0	268435456.0
78839808.0	268435456.0
78839808.0	268435456.0
118960128.0	268435456.0
156147712.0	268435456.0
174878720.0	268435456.0
79638528.0	268435456.0
79556608.0	268435456.0
79556608.0	268435456.0
79556608.0	268435456.0
79556608.0	268435456.0
79556608.0	268435456.0
79556608.0	268435456.0
79556608.0	268435456.0
79556608.0	268435456.0
79556608.0	268435456.0
79556608.0	268435456.0
79556608.0	268435456.0
79556608.0	268435456.0
79556608.0	268435456.0
79556608.0	268435456.0
79556608.0	268435456.0
79556608.0	268435456.0
79556608.0	268435456.0
79556608.0	268435456.0
79556608.0	268435456.0
79556608.0	268435456.0
79556608.0	268435456.0
79556608.0	268435456.0
79556608.0	268435456.0
79556608.0	268435456.0
79556608.0	268435456.0
79556608.0	268435456.0
79556608.0	268435456.0
79556608.0	268435456.0
79556608.0	268435456.0
79556608.0	268435456.0
79556608.0	268435456.0
79556608.0	268435456.0
79556608.0	268435456.0
79556608.0	268435456.0
79556608.0	268435456.0
79556608.0	268435456.0
79556608.0	268435456.0
79556608.0	268435456.0
79556608.0	268435456.0
79556608.0	268435456.0
79556608.0	268435456.0
79556608.0	268435456.0
79556608.0	268435456.0
79556608.0	268435456.0
79556608.0	268435456.0
79556608.0	268435456.0
79556608.0	268435456.0
79556608.0	268435456.0
111284224.0	268435456.0
154599424.0	268435456.0
176279552.0	268435456.0
179453952.0	268435456.0
198819840.0	268435456.0
202309632.0	268435456.0
80707584.0	268435456.0
80707584.0	268435456.0
80707584.0	268435456.0
80707584.0	268435456.0
80707584.0	268435456.0
80707584.0	268435456.0
80707584.0	268435456.0
80707584.0	268435456.0
80707584.0	268435456.0
80707584.0	268435456.0
80707584.0	268435456.0
80707584.0	268435456.0
80707584.0	268435456.0
80707584.0	268435456.0
80707584.0	268435456.0
80707584.0	268435456.0
80707584.0	268435456.0
80707584.0	268435456.0
80707584.0	268435456.0
80707584.0	268435456.0
80707584.0	268435456.0
80707584.0	268435456.0
80707584.0	268435456.0
80707584.0	268435456.0
80707584.0	268435456.0
80707584.0	268435456.0
80707584.0	268435456.0
80707584.0	268435456.0
80707584.0	268435456.0
80707584.0	268435456.0
80707584.0	268435456.0
80707584.0	268435456.0
80707584.0	268435456.0
80707584.0	268435456.0
80707584.0	268435456.0
80707584.0	268435456.0
80707584.0	268435456.0
80707584.0	268435456.0
80707584.0	268435456.0
80707584.0	268435456.0
80707584.0	268435456.0
80707584.0	268435456.0
80707584.0	268435456.0
80707584.0	268435456.0
80707584.0	268435456.0
80707584.0	268435456.0
80707584.0	268435456.0
80707584.0	268435456.0
80707584.0	268435456.0
80707584.0	268435456.0
80707584.0	268435456.0
80707584.0	268435456.0
80707584.0	268435456.0
80707584.0	268435456.0
135917568.0	268435456.0
157249536.0	268435456.0
176353280.0	268435456.0
157478912.0	268435456.0
81670144.0	268435456.0
81670144.0	268435456.0
81670144.0	268435456.0
81670144.0	268435456.0
81670144.0	268435456.0
81670144.0	268435456.0
81670144.0	268435456.0
81670144.0	268435456.0
81670144.0	268435456.0
81670144.0	268435456.0
81670144.0	268435456.0
81670144.0	268435456.0
81670144.0	268435456.0
81670144.0	268435456.0
81670144.0	268435456.0
81670144.0	268435456.0
81670144.0	268435456.0
81670144.0	268435456.0
81670144.0	268435456.0
81670144.0	268435456.0
81670144.0	268435456.0
81670144.0	268435456.0
81670144.0	268435456.0
81670144.0	268435456.0
81670144.0	268435456.0
81670144.0	268435456.0
81670144.0	268435456.0
81670144.0	268435456.0
81670144.0	268435456.0
81670144.0	268435456.0
81670144.0	268435456.0
81670144.0	268435456.0
81670144.0	268435456.0
81670144.0	268435456.0
81670144.0	268435456.0
81670144.0	268435456.0
81670144.0	268435456.0
81670144.0	268435456.0
81670144.0	268435456.0
81670144.0	268435456.0
81670144.0	268435456.0
81670144.0	268435456.0
81670144.0	268435456.0
81670144.0	268435456.0
81670144.0	268435456.0
81670144.0	268435456.0
81670144.0	268435456.0
81670144.0	268435456.0
81670144.0	268435456.0
81670144.0	268435456.0
81670144.0	268435456.0
81670144.0	268435456.0
81670144.0	268435456.0
81670144.0	268435456.0
81670144.0	268435456.0
81670144.0	268435456.0
81670144.0	268435456.0
81670144.0	268435456.0
81670144.0	268435456.0
81670144.0	268435456.0
81670144.0	268435456.0
81670144.0	268435456.0
81670144.0	268435456.0
81670144.0	268435456.0
81670144.0	268435456.0
81670144.0	268435456.0
81670144.0	268435456.0
81670144.0	268435456.0
81670144.0	268435456.0
81670144.0	268435456.0
81670144.0	268435456.0
81670144.0	268435456.0
81670144.0	268435456.0
81670144.0	268435456.0
81670144.0	268435456.0
81670144.0	268435456.0
81670144.0	268435456.0
81670144.0	268435456.0
81670144.0	268435456.0
81670144.0	268435456.0
81670144.0	268435456.0
81670144.0	268435456.0
81670144.0	268435456.0
81670144.0	268435456.0
81670144.0	268435456.0
81670144.0	268435456.0
