80683008.0	268435456.0
80683008.0	268435456.0
80683008.0	268435456.0
80683008.0	268435456.0
80683008.0	268435456.0
80683008.0	268435456.0
80683008.0	268435456.0
80683008.0	268435456.0
80683008.0	268435456.0
80683008.0	268435456.0
80683008.0	268435456.0
80683008.0	268435456.0
80683008.0	268435456.0
80683008.0	268435456.0
80683008.0	268435456.0
80683008.0	268435456.0
80683008.0	268435456.0
80683008.0	268435456.0
80683008.0	268435456.0
80683008.0	268435456.0
80683008.0	268435456.0
80683008.0	268435456.0
80683008.0	268435456.0
80683008.0	268435456.0
80683008.0	268435456.0
80683008.0	268435456.0
80683008.0	268435456.0
80683008.0	268435456.0
80683008.0	268435456.0
80683008.0	268435456.0
80683008.0	268435456.0
80683008.0	268435456.0
80683008.0	268435456.0
80683008.0	268435456.0
80683008.0	268435456.0
80683008.0	268435456.0
80683008.0	268435456.0
80683008.0	268435456.0
80683008.0	268435456.0
80683008.0	268435456.0
80683008.0	268435456.0
80683008.0	268435456.0
80683008.0	268435456.0
80683008.0	268435456.0
80683008.0	268435456.0
80683008.0	268435456.0
80683008.0	268435456.0
80683008.0	268435456.0
80683008.0	268435456.0
80683008.0	268435456.0
80683008.0	268435456.0
80683008.0	268435456.0
80683008.0	268435456.0
80683008.0	268435456.0
80683008.0	268435456.0
80683008.0	268435456.0
80683008.0	268435456.0
80683008.0	268435456.0
80683008.0	268435456.0
80683008.0	268435456.0
80683008.0	268435456.0
80683008.0	268435456.0
80683008.0	268435456.0
80683008.0	268435456.0
80683008.0	268435456.0
80683008.0	268435456.0
80683008.0	268435456.0
80683008.0	268435456.0
80683008.0	268435456.0
80683008.0	268435456.0
80683008.0	268435456.0
80683008.0	268435456.0
80683008.0	268435456.0
80683008.0	268435456.0
80683008.0	268435456.0
80683008.0	268435456.0
80683008.0	268435456.0
80683008.0	268435456.0
80683008.0	268435456.0
80683008.0	268435456.0
80683008.0	268435456.0
80683008.0	268435456.0
80683008.0	268435456.0
80683008.0	268435456.0
80683008.0	268435456.0
80683008.0	268435456.0
80683008.0	268435456.0
80683008.0	268435456.0
80683008.0	268435456.0
80683008.0	268435456.0
80683008.0	268435456.0
80683008.0	268435456.0
80683008.0	268435456.0
80683008.0	268435456.0
80683008.0	268435456.0
80683008.0	268435456.0
80683008.0	268435456.0
80683008.0	268435456.0
80683008.0	268435456.0
80683008.0	268435456.0
80683008.0	268435456.0
80683008.0	268435456.0
80683008.0	268435456.0
80683008.0	268435456.0
80683008.0	268435456.0
80683008.0	268435456.0
80683008.0	268435456.0
80683008.0	268435456.0
80683008.0	268435456.0
80683008.0	268435456.0
80683008.0	268435456.0
80683008.0	268435456.0
80683008.0	268435456.0
80683008.0	268435456.0
80683008.0	268435456.0
80683008.0	268435456.0
80683008.0	268435456.0
80683008.0	268435456.0
80683008.0	268435456.0
80683008.0	268435456.0
80683008.0	268435456.0
80683008.0	268435456.0
80683008.0	268435456.0
80683008.0	268435456.0
80683008.0	268435456.0
80683008.0	268435456.0
80683008.0	268435456.0
80683008.0	268435456.0
80683008.0	268435456.0
80683008.0	268435456.0
80683008.0	268435456.0
80683008.0	268435456.0
80683008.0	268435456.0
80683008.0	268435456.0
80683008.0	268435456.0
80683008.0	268435456.0
80683008.0	268435456.0
80683008.0	268435456.0
80683008.0	268435456.0
80683008.0	268435456.0
80683008.0	268435456.0
80683008.0	268435456.0
80683008.0	268435456.0
80683008.0	268435456.0
80683008.0	268435456.0
80683008.0	268435456.0
80683008.0	268435456.0
80683008.0	268435456.0
80683008.0	268435456.0
80683008.0	268435456.0
80683008.0	268435456.0
80683008.0	268435456.0
80683008.0	268435456.0
118493184.0	268435456.0
158830592.0	268435456.0
178040832.0	268435456.0
164515840.0	268435456.0
81489920.0	268435456.0
81489920.0	268435456.0
81489920.0	268435456.0
81489920.0	268435456.0
81489920.0	268435456.0
81489920.0	268435456.0
81489920.0	268435456.0
81489920.0	268435456.0
81489920.0	268435456.0
81489920.0	268435456.0
81489920.0	268435456.0
81489920.0	268435456.0
81489920.0	268435456.0
81489920.0	268435456.0
81489920.0	268435456.0
81489920.0	268435456.0
81489920.0	268435456.0
81489920.0	268435456.0
81489920.0	268435456.0
81489920.0	268435456.0
81489920.0	268435456.0
81489920.0	268435456.0
81489920.0	268435456.0
81489920.0	268435456.0
81489920.0	268435456.0
81489920.0	268435456.0
81489920.0	268435456.0
81489920.0	268435456.0
81489920.0	268435456.0
81489920.0	268435456.0
81489920.0	268435456.0
81489920.0	268435456.0
81489920.0	268435456.0
81489920.0	268435456.0
81489920.0	268435456.0
81489920.0	268435456.0
81489920.0	268435456.0
81489920.0	268435456.0
81489920.0	268435456.0
81489920.0	268435456.0
81489920.0	268435456.0
81489920.0	268435456.0
81489920.0	268435456.0
81489920.0	268435456.0
81489920.0	268435456.0
81489920.0	268435456.0
81489920.0	268435456.0
81489920.0	268435456.0
81489920.0	268435456.0
81489920.0	268435456.0
81489920.0	268435456.0
81489920.0	268435456.0
81489920.0	268435456.0
81489920.0	268435456.0
81489920.0	268435456.0
81489920.0	268435456.0
81489920.0	268435456.0
81489920.0	268435456.0
81489920.0	268435456.0
81489920.0	268435456.0
81489920.0	268435456.0
81489920.0	268435456.0
81489920.0	268435456.0
81489920.0	268435456.0
81489920.0	268435456.0
81489920.0	268435456.0
81489920.0	268435456.0
81489920.0	268435456.0
81489920.0	268435456.0
81489920.0	268435456.0
81489920.0	268435456.0
81489920.0	268435456.0
81489920.0	268435456.0
81489920.0	268435456.0
81489920.0	268435456.0
81489920.0	268435456.0
81489920.0	268435456.0
81489920.0	268435456.0
81489920.0	268435456.0
81489920.0	268435456.0
81489920.0	268435456.0
81489920.0	268435456.0
81489920.0	268435456.0
81489920.0	268435456.0
81489920.0	268435456.0
81489920.0	268435456.0
81489920.0	268435456.0
81489920.0	268435456.0
81489920.0	268435456.0
81489920.0	268435456.0
81489920.0	268435456.0
81489920.0	268435456.0
81489920.0	268435456.0
81489920.0	268435456.0
81489920.0	268435456.0
81489920.0	268435456.0
81489920.0	268435456.0
81489920.0	268435456.0
81489920.0	268435456.0
81489920.0	268435456.0
81489920.0	268435456.0
81489920.0	268435456.0
81489920.0	268435456.0
81489920.0	268435456.0
81489920.0	268435456.0
81489920.0	268435456.0
81489920.0	268435456.0
81489920.0	268435456.0
81489920.0	268435456.0
81489920.0	268435456.0
81489920.0	268435456.0
81489920.0	268435456.0
81489920.0	268435456.0
81489920.0	268435456.0
81489920.0	268435456.0
81489920.0	268435456.0
81489920.0	268435456.0
81489920.0	268435456.0
81489920.0	268435456.0
81489920.0	268435456.0
81489920.0	268435456.0
81489920.0	268435456.0
81489920.0	268435456.0
81489920.0	268435456.0
81489920.0	268435456.0
81489920.0	268435456.0
81489920.0	268435456.0
81489920.0	268435456.0
81489920.0	268435456.0
81489920.0	268435456.0
81489920.0	268435456.0
81489920.0	268435456.0
81489920.0	268435456.0
81489920.0	268435456.0
81489920.0	268435456.0
81489920.0	268435456.0
81489920.0	268435456.0
81489920.0	268435456.0
81489920.0	268435456.0
81489920.0	268435456.0
81489920.0	268435456.0
81489920.0	268435456.0
81489920.0	268435456.0
