294363136.0	294477824.0
294400000.0	294477824.0
281817088.0	294477824.0
282341376.0	294477824.0
282738688.0	294477824.0
282570752.0	294477824.0
285593600.0	294477824.0
286666752.0	294477824.0
294465536.0	294477824.0
294338560.0	294477824.0
304611328.0	314957824.0
312164352.0	314957824.0
314834944.0	314957824.0
314904576.0	314957824.0
314671104.0	314957824.0
317112320.0	335437824.0
318369792.0	335437824.0
314937344.0	335437824.0
315817984.0	335437824.0
316854272.0	335437824.0
317091840.0	335437824.0
317165568.0	335437824.0
317562880.0	335437824.0
320114688.0	335437824.0
320491520.0	335437824.0
320503808.0	335437824.0
320659456.0	335437824.0
322490368.0	335437824.0
322650112.0	335437824.0
323026944.0	335437824.0
322977792.0	335437824.0
323149824.0	335437824.0
323055616.0	335437824.0
323231744.0	335437824.0
330637312.0	335437824.0
330444800.0	335437824.0
332627968.0	335437824.0
321884160.0	335437824.0
321904640.0	335437824.0
322084864.0	335437824.0
322015232.0	335437824.0
322170880.0	335437824.0
322658304.0	335437824.0
322826240.0	335437824.0
323018752.0	335437824.0
324288512.0	335437824.0
327774208.0	335437824.0
328273920.0	335437824.0
328421376.0	335437824.0
328597504.0	335437824.0
328531968.0	335437824.0
328450048.0	335437824.0
328519680.0	335437824.0
328794112.0	335437824.0
328945664.0	335437824.0
328736768.0	335437824.0
328966144.0	335437824.0
330514432.0	335437824.0
330645504.0	335437824.0
331046912.0	335437824.0
330727424.0	335437824.0
330752000.0	335437824.0
330772480.0	335437824.0
330924032.0	335437824.0
331059200.0	335437824.0
332886016.0	335437824.0
332800000.0	335437824.0
332705792.0	335437824.0
332754944.0	335437824.0
332984320.0	335437824.0
332873728.0	335437824.0
333025280.0	335437824.0
332947456.0	335437824.0
332959744.0	335437824.0
333463552.0	335437824.0
333541376.0	335437824.0
335122432.0	335437824.0
335364096.0	335437824.0
335437824.0	335437824.0
335327232.0	335437824.0
335208448.0	335437824.0
335241216.0	335437824.0
335343616.0	335437824.0
335396864.0	335437824.0
335396864.0	335437824.0
335216640.0	335437824.0
335298560.0	335437824.0
335228928.0	335437824.0
335388672.0	335437824.0
335298560.0	335437824.0
335298560.0	335437824.0
335437824.0	335437824.0
335368192.0	335437824.0
335233024.0	335437824.0
335101952.0	335437824.0
336388096.0	355917824.0
336605184.0	355917824.0
336650240.0	355917824.0
336924672.0	355917824.0
336715776.0	355917824.0
336719872.0	355917824.0
336732160.0	355917824.0
336732160.0	355917824.0
339910656.0	355917824.0
339845120.0	355917824.0
341491712.0	355917824.0
341491712.0	355917824.0
341495808.0	355917824.0
341512192.0	355917824.0
341516288.0	355917824.0
341524480.0	355917824.0
341557248.0	355917824.0
341565440.0	355917824.0
347201536.0	355917824.0
351064064.0	355917824.0
350830592.0	355917824.0
352534528.0	355917824.0
346251264.0	355917824.0
346132480.0	355917824.0
346230784.0	355917824.0
346382336.0	355917824.0
346382336.0	355917824.0
346386432.0	355917824.0
346394624.0	355917824.0
346447872.0	355917824.0
348020736.0	355917824.0
347852800.0	355917824.0
341999616.0	355917824.0
342003712.0	355917824.0
342134784.0	355917824.0
342040576.0	355917824.0
342048768.0	355917824.0
342052864.0	355917824.0
342192128.0	355917824.0
342093824.0	355917824.0
342093824.0	355917824.0
342102016.0	355917824.0
342278144.0	355917824.0
342286336.0	355917824.0
342286336.0	355917824.0
342323200.0	355917824.0
342323200.0	355917824.0
342331392.0	355917824.0
342462464.0	355917824.0
342364160.0	355917824.0
342364160.0	355917824.0
342364160.0	355917824.0
342487040.0	355917824.0
342487040.0	355917824.0
342487040.0	355917824.0
342487040.0	355917824.0
342487040.0	355917824.0
342487040.0	355917824.0
342487040.0	355917824.0
342491136.0	355917824.0
342491136.0	355917824.0
342495232.0	355917824.0
342495232.0	355917824.0
342495232.0	355917824.0
342507520.0	355917824.0
342507520.0	355917824.0
342507520.0	355917824.0
342458368.0	355917824.0
342458368.0	355917824.0
342458368.0	355917824.0
342458368.0	355917824.0
342458368.0	355917824.0
342503424.0	355917824.0
342507520.0	355917824.0
342507520.0	355917824.0
342507520.0	355917824.0
342507520.0	355917824.0
342511616.0	355917824.0
342528000.0	355917824.0
342528000.0	355917824.0
342528000.0	355917824.0
342532096.0	355917824.0
342544384.0	355917824.0
342544384.0	355917824.0
342548480.0	355917824.0
