419733504.0	625999872.0
419733504.0	625999872.0
419733504.0	625999872.0
419733504.0	625999872.0
418553856.0	625999872.0
418553856.0	625999872.0
418553856.0	625999872.0
418553856.0	625999872.0
418553856.0	625999872.0
418553856.0	625999872.0
418553856.0	625999872.0
418553856.0	625999872.0
425476096.0	625999872.0
432295936.0	625999872.0
420933632.0	625999872.0
419909632.0	625999872.0
420163584.0	625999872.0
420425728.0	625999872.0
420380672.0	625999872.0
421081088.0	625999872.0
419921920.0	625999872.0
420204544.0	625999872.0
420192256.0	625999872.0
420790272.0	625999872.0
422526976.0	625999872.0
422600704.0	625999872.0
423632896.0	625999872.0
423051264.0	625999872.0
423350272.0	625999872.0
423522304.0	625999872.0
423350272.0	625999872.0
423690240.0	625999872.0
424300544.0	625999872.0
424394752.0	625999872.0
424759296.0	625999872.0
425189376.0	625999872.0
425283584.0	625999872.0
426442752.0	625999872.0
425713664.0	625999872.0
425336832.0	625999872.0
425336832.0	625999872.0
425336832.0	625999872.0
425574400.0	625999872.0
426258432.0	625999872.0
425889792.0	625999872.0
425807872.0	625999872.0
425807872.0	625999872.0
425807872.0	625999872.0
425807872.0	625999872.0
425807872.0	625999872.0
425996288.0	625999872.0
435044352.0	625999872.0
434057216.0	625999872.0
433643520.0	625999872.0
429035520.0	625999872.0
428548096.0	625999872.0
429395968.0	625999872.0
430034944.0	625999872.0
429899776.0	625999872.0
429625344.0	625999872.0
429543424.0	625999872.0
429543424.0	625999872.0
429543424.0	625999872.0
429543424.0	625999872.0
430137344.0	625999872.0
430604288.0	625999872.0
458305536.0	625999872.0
457658368.0	625999872.0
457658368.0	625999872.0
440348672.0	625999872.0
440430592.0	625999872.0
440430592.0	625999872.0
440434688.0	625999872.0
440434688.0	625999872.0
439291904.0	625999872.0
439291904.0	625999872.0
439291904.0	625999872.0
439291904.0	625999872.0
439291904.0	625999872.0
439324672.0	625999872.0
439324672.0	625999872.0
439328768.0	625999872.0
439332864.0	625999872.0
439332864.0	625999872.0
439332864.0	625999872.0
439250944.0	625999872.0
439250944.0	625999872.0
439250944.0	625999872.0
439447552.0	625999872.0
439369728.0	625999872.0
439369728.0	625999872.0
439369728.0	625999872.0
439369728.0	625999872.0
440041472.0	625999872.0
439615488.0	625999872.0
440344576.0	625999872.0
440242176.0	625999872.0
440635392.0	625999872.0
441339904.0	625999872.0
441167872.0	625999872.0
440967168.0	625999872.0
441135104.0	625999872.0
441028608.0	625999872.0
440778752.0	625999872.0
441069568.0	625999872.0
440827904.0	625999872.0
440827904.0	625999872.0
441352192.0	625999872.0
441720832.0	625999872.0
441577472.0	625999872.0
443334656.0	625999872.0
443056128.0	625999872.0
442851328.0	625999872.0
442793984.0	625999872.0
442736640.0	625999872.0
442679296.0	625999872.0
442679296.0	625999872.0
442814464.0	625999872.0
443215872.0	625999872.0
442793984.0	625999872.0
