443543552.0	495833088.0
443543552.0	495833088.0
443543552.0	495833088.0
443543552.0	495833088.0
443543552.0	495833088.0
443543552.0	495833088.0
443543552.0	495833088.0
443543552.0	495833088.0
443543552.0	495833088.0
443543552.0	495833088.0
443543552.0	495833088.0
443543552.0	495833088.0
443543552.0	495833088.0
443543552.0	495833088.0
443543552.0	495833088.0
443547648.0	495833088.0
443547648.0	495833088.0
443547648.0	495833088.0
443547648.0	495833088.0
443547648.0	495833088.0
443547648.0	495833088.0
443547648.0	495833088.0
443547648.0	495833088.0
443547648.0	495833088.0
443547648.0	495833088.0
443547648.0	495833088.0
443547648.0	495833088.0
443547648.0	495833088.0
443547648.0	495833088.0
443547648.0	495833088.0
443547648.0	495833088.0
443547648.0	495833088.0
443547648.0	495833088.0
443547648.0	495833088.0
443551744.0	495833088.0
443551744.0	495833088.0
443551744.0	495833088.0
443551744.0	495833088.0
443551744.0	495833088.0
443551744.0	495833088.0
443551744.0	495833088.0
443551744.0	495833088.0
443551744.0	495833088.0
443551744.0	495833088.0
443551744.0	495833088.0
443551744.0	495833088.0
443551744.0	495833088.0
443551744.0	495833088.0
443551744.0	495833088.0
443551744.0	495833088.0
443551744.0	495833088.0
443551744.0	495833088.0
443551744.0	495833088.0
443551744.0	495833088.0
443551744.0	495833088.0
443551744.0	495833088.0
443551744.0	495833088.0
443551744.0	495833088.0
443551744.0	495833088.0
443551744.0	495833088.0
443555840.0	495833088.0
443555840.0	495833088.0
443555840.0	495833088.0
443555840.0	495833088.0
443555840.0	495833088.0
443555840.0	495833088.0
443555840.0	495833088.0
443555840.0	495833088.0
443555840.0	495833088.0
443555840.0	495833088.0
443555840.0	495833088.0
443555840.0	495833088.0
443555840.0	495833088.0
443555840.0	495833088.0
443555840.0	495833088.0
443568128.0	495833088.0
443568128.0	495833088.0
443568128.0	495833088.0
443568128.0	495833088.0
443568128.0	495833088.0
443568128.0	495833088.0
443568128.0	495833088.0
443568128.0	495833088.0
443568128.0	495833088.0
443572224.0	495833088.0
443572224.0	495833088.0
443572224.0	495833088.0
443572224.0	495833088.0
443572224.0	495833088.0
443572224.0	495833088.0
443572224.0	495833088.0
443572224.0	495833088.0
443572224.0	495833088.0
443572224.0	495833088.0
443572224.0	495833088.0
443572224.0	495833088.0
443572224.0	495833088.0
443572224.0	495833088.0
443592704.0	495833088.0
443592704.0	495833088.0
443592704.0	495833088.0
443592704.0	495833088.0
443592704.0	495833088.0
443592704.0	495833088.0
443592704.0	495833088.0
443592704.0	495833088.0
443592704.0	495833088.0
443592704.0	495833088.0
443592704.0	495833088.0
443592704.0	495833088.0
443592704.0	495833088.0
443592704.0	495833088.0
443592704.0	495833088.0
443592704.0	495833088.0
443592704.0	495833088.0
443592704.0	495833088.0
443592704.0	495833088.0
443592704.0	495833088.0
443592704.0	495833088.0
443592704.0	495833088.0
