533475328	533446656
567291904	574406656
556572672	574406656
574320640	574406656
565809152	574406656
614768640	615366656
677429248	697286656
680534016	697286656
651751424	697286656
535228416	697286656
535228416	697286656
535228416	697286656
535228416	697286656
535228416	697286656
535228416	697286656
535228416	697286656
535228416	697286656
535228416	697286656
535228416	697286656
535228416	697286656
535228416	697286656
535228416	697286656
535228416	697286656
535228416	697286656
535228416	697286656
535228416	697286656
535228416	587657216
535228416	587657216
535228416	587657216
535228416	587657216
535228416	587657216
535228416	587657216
535228416	587657216
535228416	587657216
535228416	587657216
535228416	587657216
535228416	587657216
535228416	587657216
535228416	587657216
535228416	587657216
535228416	587657216
535228416	587657216
535228416	587657216
535228416	587657216
535228416	587657216
550133760	587657216
588935168	608137216
590188544	608137216
590430208	608137216
590917632	608137216
591085568	608137216
590987264	608137216
591192064	608137216
592384000	608137216
597372928	608137216
608129024	608137216
613539840	628617216
622833664	628617216
662794240	669577216
644632576	669577216
565686272	669577216
565686272	669577216
577302528	669577216
596623360	669577216
620916736	669577216
621314048	669577216
621625344	669577216
621711360	669577216
621846528	669577216
624119808	669577216
645722112	669577216
654442496	669577216
662851584	669577216
680103936	690057216
682905600	690057216
662384640	690057216
584867840	690057216
584867840	690057216
584867840	690057216
584867840	690057216
584867840	690057216
584867840	637296640
584867840	637296640
584867840	637296640
584867840	637296640
584867840	637296640
584867840	637296640
584867840	637296640
584867840	637296640
584867840	637296640
584867840	637296640
584867840	637296640
584867840	637296640
584867840	637296640
584867840	637296640
584867840	637296640
584867840	637296640
584867840	637296640
584867840	637296640
584867840	637296640
584867840	637296640
584867840	637296640
584867840	637296640
584867840	637296640
584867840	637296640
599957504	637296640
638578688	657776640
639926272	657776640
640643072	657776640
640675840	657776640
640786432	657776640
640897024	657776640
642093056	657776640
645120000	657776640
657756160	657776640
662732800	678256640
712146944	719216640
807084032	821616640
810188800	821616640
688672768	821616640
713138176	821616640
743002112	821616640
744755200	821616640
745144320	821616640
747364352	821616640
770551808	821616640
775192576	821616640
785616896	821616640
797970432	821616640
843501568	862576640
845496320	862576640
848117760	862576640
809132032	862576640
727478272	862576640
727306240	862576640
727306240	862576640
727306240	862576640
727306240	862576640
727306240	779735040
727306240	779735040
727306240	779735040
727306240	779735040
727306240	779735040
727306240	779735040
727306240	779735040
727306240	779735040
727306240	779735040
727306240	779735040
727306240	779735040
727306240	779735040
727306240	779735040
727306240	779735040
727306240	779735040
727306240	779735040
727306240	779735040
727306240	779735040
727306240	779735040
727306240	779735040
727306240	779735040
727306240	779735040
727306240	779735040
727306240	779735040
727306240	779735040
727306240	779735040
727306240	779735040
727306240	779735040
743395328	779735040
781463552	800215040
782966784	800215040
783339520	800215040
783695872	800215040
783728640	800215040
783839232	800215040
783974400	800215040
786616320	800215040
800075776	800215040
800243712	800215040
806658048	820695040
874610688	861655040
871043072	882135040
948322304	984535040
951222272	984535040
954019840	984535040
923680768	984535040
831864832	984535040
831864832	984535040
831864832	984535040
831864832	984535040
831864832	984535040
831864832	984535040
831864832	984535040
831864832	984535040
831864832	984535040
831864832	984535040
831864832	984535040
831864832	984535040
831864832	884293632
831864832	884293632
831864832	884293632
831864832	884293632
831864832	884293632
831864832	884293632
831864832	884293632
831864832	884293632
831864832	884293632
831864832	884293632
831864832	884293632
831864832	884293632
831864832	884293632
831864832	884293632
831864832	884293632
831864832	884293632
831864832	884293632
831864832	884293632
831864832	884293632
831864832	884293632
831864832	884293632
831864832	884293632
831864832	884293632
831864832	884293632
831864832	884293632
831864832	884293632
831864832	884293632
831864832	884293632
831864832	884293632
835051520	884293632
851804160	884293632
885198848	904773632
886489088	904773632
886697984	904773632
887275520	904773632
887361536	904773632
887492608	904773632
888696832	904773632
903331840	904773632
904724480	904773632
909008896	925253632
918261760	925253632
957308928	966213632
958754816	966213632
944168960	966213632
881221632	966213632
895008768	966213632
918065152	966213632
939565056	966213632
950599680	966213632
978173952	986693632
965316608	986693632
883097600	986693632
883097600	986693632
883097600	986693632
883097600	986693632
883097600	986693632
883097600	986693632
883097600	986693632
883097600	935526400
883097600	935526400
883097600	935526400
883097600	935526400
883097600	935526400
883097600	935526400
883097600	935526400
883097600	935526400
883097600	935526400
883097600	935526400
883097600	935526400
883097600	935526400
883097600	935526400
883097600	935526400
883097600	935526400
883097600	935526400
883097600	935526400
883097600	935526400
883097600	935526400
883097600	935526400
883097600	935526400
883097600	935526400
883097600	935526400
883097600	935526400
883097600	935526400
883097600	935526400
883097600	935526400
883097600	935526400
883097600	935526400
883097600	935526400
898125824	935526400
936652800	956006400
937889792	956006400
938053632	956006400
938422272	956006400
938672128	956006400
938901504	956006400
939036672	956006400
940916736	956006400
955944960	956006400
955764736	956006400
960065536	976486400
968179712	976486400
1007394816	1017446400
1008783360	1017446400
