0	30000
139	30000
528	30000
33	30000
40261	56156
65852	108659
99666	120527
99568	110527
100247	105527
101680	99621
23932	36574
17320	54000
51491	72960
1117	37355
1016	30000
974	30000
1578	30000
1788	30000
615	30000
681	30000
18314	30000
61322	74468
77988	86382
86370	86382
84570	86382
85321	79329
0	79329
0	79329
0	79329
0	79329
0	79329
0	79329
0	79329
0	79329
0	79329
0	79329
0	79329
0	79329
0	79329
0	79329
0	79329
0	79329
0	79329
0	79329
0	79329
0	79329
0	79329
0	79329
0	79329
0	79329
0	79329
0	79329
0	79329
0	79329
0	79329
0	79329
0	79329
0	79329
0	79329
0	79329
0	79329
0	79329
478	63463
82380	63212
1995	30000
1152	30000
223	30000
1353	30000
630	30000
3283	30000
442	30000
11428	42000
87614	109000
96370	110640
106691	117640
99419	108312
12117	82649
2303	42316
21400	46281
55793	68019
1794	30000
189	30000
1942	30000
1425	30000
22885	40440
48142	55989
71364	74468
47514	59574
0	59574
0	59574
0	59574
0	59574
0	59574
0	59574
0	59574
0	59574
0	59574
0	59574
0	59574
0	59574
0	59574
0	59574
0	59574
0	59574
0	59574
0	59574
0	59574
0	59574
0	59574
0	59574
0	59574
0	59574
0	59574
0	59574
0	59574
0	59574
0	59574
0	59574
0	59574
0	59574
0	59574
0	59574
60700	119574
5482	61221
3245	30000
0	30000
418	30000
2390	30000
1073	30000
441	30000
138	30000
2180	30000
355	30000
265	30000
939	30000
42481	90000
99119	109000
92715	95200
99988	109200
103080	106560
57923	51998
0	51998
0	51998
0	51998
0	51998
0	51998
0	51998
0	51998
0	51998
0	51998
0	51998
0	51998
0	51998
0	51998
0	51998
0	51998
0	51998
0	51998
0	51998
0	51998
0	51998
0	51998
0	51998
0	51998
0	51998
0	51998
0	51998
0	51998
0	51998
0	51998
0	51998
0	51998
0	51998
0	51998
0	51998
0	51998
0	51998
0	51998
0	51998
0	51998
0	51998
1894	41598
8253	42000
43482	93600
26668	60211
2099	30000
2309	30000
153	30000
188	30000
971	30000
802	30000
994	30000
910	30000
41845	90000
105380	109000
99109	106400
33122	64896
0	64896
0	64896
21214	45225
57473	117225
1892	60019
826	30000
689	30000
632	30000
1275	30000
2147	30000
31567	56553
67462	74468
79691	77361
81152	74468
69856	74468
16462	87860
0	87860
0	87860
0	87860
0	87860
0	87860
0	87860
0	87860
0	87860
0	87860
0	87860
0	87860
0	87860
0	87860
0	87860
0	87860
0	87860
0	87860
0	87860
0	87860
0	87860
0	87860
0	87860
0	87860
0	87860
0	87860
0	87860
0	87860
0	87860
384	87860
8448	47987
68589	86389
239	55288
1825	30000
878	30000
1423	30000
196	30000
270	30000
27	30000
1533	30000
1006	30000
4930	30000
77783	114000
100164	104000
94314	83200
98763	102200
98788	107200
2786	70752
0	70752
0	70752
0	70752
0	70752
0	70752
0	70752
0	70752
0	70752
0	70752
0	70752
0	70752
0	70752
0	70752
0	70752
0	70752
0	70752
0	70752
0	70752
0	70752
0	70752
0	70752
0	70752
0	70752
0	70752
0	70752
0	70752
0	70752
0	70752
0	70752
0	70752
0	70752
0	70752
0	70752
0	70752
0	70752
0	70752
0	70752
0	70752
0	70752
0	70752
