0	104000
100875	101333
43495	63881
62479	76427
1357	30000
778	30000
209	30000
1998	30000
2772	30000
40969	90000
100355	109000
99832	104000
108421	112000
44735	68480
0	68480
0	68480
0	68480
0	68480
0	68480
0	68480
0	68480
0	68480
0	68480
0	68480
0	68480
0	68480
0	68480
0	68480
0	68480
0	68480
0	68480
0	68480
0	68480
0	68480
0	68480
0	68480
0	68480
0	68480
0	68480
0	68480
0	68480
0	68480
0	68480
0	68480
0	68480
0	68480
0	68480
0	68480
0	68480
0	68480
0	68480
0	68480
0	68480
0	68480
0	68480
0	68480
0	68480
0	68480
0	68480
0	68480
0	68480
0	68480
0	68480
0	68480
0	68480
0	68480
0	68480
0	68480
0	68480
0	68480
0	68480
0	68480
0	68480
0	68480
0	68480
0	68480
0	68480
0	68480
0	68480
0	68480
0	68480
0	68480
0	68480
0	68480
0	68480
0	68480
0	68480
0	68480
0	68480
0	68480
0	68480
0	68480
0	68480
0	68480
0	68480
0	68480
0	68480
0	68480
0	68480
0	68480
0	68480
0	68480
0	68480
0	68480
0	68480
0	68480
0	68480
0	68480
0	68480
0	68480
0	68480
0	68480
0	68480
0	68480
0	68480
0	68480
0	68480
0	68480
0	68480
0	68480
0	68480
0	68480
0	68480
7471	30000
56378	105600
7684	43253
1128	30000
515	30000
798	30000
894	30000
1262	30000
2937	30000
993	30000
17886	54000
95235	102000
99349	114000
100108	104000
109266	135000
99921	107600
32339	68864
0	68864
0	68864
0	68864
0	68864
0	68864
0	68864
0	68864
0	68864
0	68864
0	68864
0	68864
0	68864
0	68864
0	68864
0	68864
0	68864
0	68864
0	68864
0	68864
0	68864
0	68864
0	68864
0	68864
0	68864
0	68864
0	68864
0	68864
0	68864
0	68864
0	68864
0	68864
0	68864
0	68864
0	68864
0	68864
0	68864
0	68864
0	68864
0	68864
0	68864
0	68864
0	68864
14582	35257
70227	76324
1810	30000
887	30000
331	30000
511	30000
266	30000
1427	30000
2550	30000
983	30000
11135	42000
89971	109000
104479	128000
28973	57344
0	57344
0	57344
0	57344
0	57344
0	57344
0	57344
0	57344
0	57344
0	57344
0	57344
0	57344
0	57344
0	57344
0	57344
0	57344
0	57344
0	57344
0	57344
0	57344
0	57344
0	57344
0	57344
0	57344
0	57344
0	57344
0	57344
0	57344
0	57344
0	57344
0	57344
0	57344
0	57344
0	57344
0	57344
0	57344
0	57344
0	57344
0	57344
0	57344
0	57344
0	57344
0	57344
0	57344
0	57344
0	57344
0	57344
1378	45875
75336	108700
6979	44523
1671	30000
354	30000
734	30000
662	30000
183	30000
1465	30000
1028	30000
36676	78000
99727	108165
98886	103165
109449	137732
78972	84148
2400	67318
0	67318
0	67318
0	67318
0	67318
0	67318
0	67318
0	67318
0	67318
0	67318
0	67318
0	67318
0	67318
0	67318
0	67318
0	67318
0	67318
0	67318
0	67318
0	67318
0	67318
0	67318
0	67318
0	67318
0	67318
0	67318
0	67318
0	67318
0	67318
0	67318
0	67318
0	67318
0	67318
0	67318
0	67318
0	67318
0	67318
0	67318
0	67318
0	67318
0	67318
0	67318
0	67318
