0	104000
99319	120403
65026	82615
28445	33808
172	30000
1106	30000
2446	30000
1190	30000
19	30000
51686	102000
100252	109000
110563	116000
102593	107000
47974	90784
62685	56208
302	30000
34323	90000
106436	109000
43350	101300
0	101300
0	101300
0	101300
0	101300
0	101300
0	101300
0	101300
0	101300
0	101300
0	101300
0	101300
0	101300
0	101300
0	101300
0	101300
0	101300
0	101300
0	101300
0	101300
0	101300
0	101300
0	101300
0	101300
0	101300
0	101300
0	101300
0	101300
0	101300
0	101300
0	101300
0	101300
0	101300
0	101300
0	101300
0	101300
0	101300
0	101300
0	101300
0	101300
0	101300
0	101300
0	101300
67327	113048
9530	30000
9	30000
288	30000
3461	30000
3043	30000
511	30000
356	30000
36	30000
50730	102000
102383	109000
77415	88800
6833	71040
80918	116832
11937	30000
340	30000
2640	30000
844	30000
24818	78000
97743	109000
94913	119200
107859	115160
16187	73702
0	73702
0	73702
0	73702
0	73702
0	73702
0	73702
0	73702
0	73702
0	73702
0	73702
0	73702
0	73702
0	73702
0	73702
0	73702
0	73702
0	73702
0	73702
0	73702
0	73702
0	73702
0	73702
0	73702
0	73702
0	73702
0	73702
0	73702
0	73702
0	73702
0	73702
0	73702
0	73702
0	73702
0	73702
0	73702
0	73702
0	73702
36970	82961
48009	60907
1847	30000
207	30000
938	30000
1129	30000
7769	30000
84619	91200
89863	70528
100491	125528
101665	109622
100185	104622
17866	34281
81369	118281
11807	30000
198	30000
2908	30000
970	30000
1057	30000
47357	102000
100162	109000
99733	102400
108778	110720
99787	105720
33360	112720
0	112720
0	112720
0	112720
0	112720
0	112720
0	112720
0	112720
0	112720
0	112720
0	112720
0	112720
0	112720
0	112720
0	112720
0	112720
0	112720
0	112720
0	112720
0	112720
0	112720
0	112720
0	112720
0	112720
0	112720
0	112720
0	112720
0	112720
0	112720
0	112720
0	112720
0	112720
0	112720
0	112720
0	112720
1430	90176
35032	81712
38222	48214
1406	30000
675	30000
1276	30000
230	30000
1328	30000
2190	30000
67319	114000
92546	111200
99739	106200
109314	113760
74795	83008
8899	53124
77399	72399
3047	30000
3281	30000
206	30000
2625	30000
25150	66000
90203	87200
93239	94208
102616	110567
98565	101530
8689	92923
0	92923
0	92923
0	92923
0	92923
0	92923
0	92923
0	92923
0	92923
0	92923
0	92923
0	92923
0	92923
0	92923
0	92923
0	92923
0	92923
0	92923
0	92923
0	92923
0	92923
0	92923
0	92923
0	92923
0	92923
0	92923
0	92923
0	92923
0	92923
0	92923
0	92923
0	92923
0	92923
0	92923
0	92923
1941	74338
55921	107576
25004	30000
1025	30000
357	30000
824	30000
250	30000
960	30000
1103	30000
1467	30000
44681	90000
99331	109000
99526	104000
103093	112000
59943	86144
0	86144
0	86144
0	86144
0	86144
0	86144
0	86144
0	86144
0	86144
0	86144
0	86144
0	86144
0	86144
0	86144
0	86144
0	86144
0	86144
0	86144
0	86144
0	86144
0	86144
0	86144
0	86144
0	86144
0	86144
0	86144
0	86144
0	86144
0	86144
0	86144
0	86144
0	86144
0	86144
0	86144
0	86144
0	86144
0	86144
0	86144
0	86144
0	86144
0	86144
0	86144
0	86144
0	86144
0	86144
0	86144
