0	100000
70881	100000
108625	100000
28880	100000
4022	100000
437	100000
521	100000
416	100000
276	100000
8	100000
921	100000
4411	100000
2172	100000
89354	100000
1851	100000
41	100000
43	100000
41	100000
89	100000
4849	100000
63	100000
40	100000
42	100000
50	100000
66	100000
50	100000
47	100000
46	100000
52	100000
102	100000
53	100000
52	100000
40	100000
36	100000
53	100000
53	100000
64	100000
44	100000
33	100000
41	100000
3818	100000
43	100000
23	100000
1119	100000
94005	100000
59182	100000
54310	100000
28408	100000
82	100000
17	100000
89	100000
38	100000
44	100000
1326	100000
2917	100000
55	100000
49	100000
605	100000
64	100000
10	100000
17	100000
7	100000
11	100000
59	100000
151	100000
5335	100000
275	100000
328	100000
345	100000
425	100000
362	100000
37	100000
42	100000
44	100000
27433	100000
106008	100000
37868	100000
402	100000
397	100000
439	100000
416	100000
329	100000
44938	100000
35125	100000
44	100000
45	100000
56	100000
6332	100000
58	100000
56	100000
52	100000
325	100000
53	100000
59	100000
30	100000
45	100000
39	100000
126	100000
352	100000
52	100000
61	100000
55	100000
50	100000
47	100000
35	100000
54	100000
53	100000
65	100000
54	100000
55	100000
67	100000
1400	100000
76	100000
36	100000
59	100000
53	100000
50	100000
38	100000
46	100000
52	100000
59	100000
46	100000
53	100000
53	100000
40	100000
44	100000
49	100000
59	100000
50	100000
55	100000
60	100000
57	100000
8	100000
9	100000
10	100000
6	100000
7	100000
6	100000
7	100000
10	100000
23	100000
12	100000
11	100000
45	100000
5	100000
9	100000
8	100000
10	100000
10	100000
12	100000
14	100000
8	100000
6	100000
8	100000
9	100000
10	100000
9	100000
189	100000
15	100000
172	100000
46	100000
54	100000
38	100000
54	100000
47	100000
47	100000
51	100000
33	100000
64	100000
52	100000
64	100000
55	100000
59	100000
253	100000
9	100000
9	100000
8	100000
6	100000
11	100000
9	100000
14	100000
8	100000
8	100000
8	100000
8	100000
9	100000
8	100000
8	100000
10	100000
11	100000
24	100000
7	100000
7	100000
7	100000
6	100000
8	100000
198	100000
36	100000
354	100000
64	100000
65	100000
44	100000
42	100000
50	100000
48	100000
45	100000
51	100000
48	100000
42	100000
53	100000
6	100000
8	100000
10	100000
458	100000
41	100000
37	100000
44	100000
53	100000
34	100000
36	100000
47	100000
47	100000
52	100000
42	100000
59	100000
35	100000
34	100000
9	100000
10	100000
20	100000
10	100000
12	100000
6	100000
14	100000
6	100000
7	100000
11	100000
10	100000
7	100000
419	100000
22	100000
9	100000
7	100000
10	100000
411	100000
37	100000
54	100000
55	100000
55	100000
65	100000
51	100000
36	100000
45	100000
58	100000
58	100000
61	100000
34	100000
51	100000
10	100000
19	100000
8	100000
13	100000
11	100000
13	100000
10	100000
8	100000
10	100000
10	100000
6	100000
17	100000
11	100000
-1	-1
77463	100000
4856	100000
0	100000
0	100000
0	100000
0	100000
0	100000
0	100000
0	100000
0	100000
0	100000
0	100000
0	100000
0	100000
0	100000
0	100000
0	100000
0	100000
0	100000
0	100000
0	100000
0	100000
0	100000
0	100000
111535	100000
0	100000
10287	100000
0	100000
0	100000
0	100000
0	100000
0	100000
0	100000
0	100000
0	100000
0	100000
0	100000
13670	100000
96540	100000
0	100000
0	100000
0	100000
223412	100000
0	100000
0	100000
0	100000
0	100000
0	100000
0	100000
0	100000
0	100000
0	100000
0	100000
0	100000
0	100000
0	100000
0	100000
1231	100000
93181	100000
0	100000
0	100000
0	100000
0	100000
0	100000
0	100000
0	100000
0	100000
0	100000
0	100000
0	100000
0	100000
0	100000
0	100000
0	100000
0	100000
0	100000
0	100000
0	100000
0	100000
0	100000
0	100000
0	100000
8192	100000
75370	100000
0	100000
0	100000
0	100000
0	100000
84113	100000
0	100000
3706	100000
61390	100000
0	100000
0	100000
0	100000
0	100000
0	100000
0	100000
0	100000
0	100000
0	100000
0	100000
0	100000
0	100000
0	100000
0	100000
0	100000
0	100000
0	100000
0	100000
79246	100000
0	100000
7522	100000
0	100000
0	100000
0	100000
0	100000
227773	100000
0	100000
0	100000
0	100000
0	100000
0	100000
0	100000
0	100000
0	100000
0	100000
0	100000
0	100000
0	100000
0	100000
0	100000
0	100000
0	100000
0	100000
0	100000
74147	100000
0	100000
0	100000
0	100000
0	100000
0	100000
0	100000
0	100000
0	100000
0	100000
0	100000
0	100000
0	100000
0	100000
0	100000
0	100000
0	100000
0	100000
0	100000
0	100000
0	100000
0	100000
0	100000
0	100000
0	100000
0	100000
0	100000
0	100000
0	100000
10852	100000
101455	100000
0	100000
0	100000
0	100000
0	100000
207017	100000
0	100000
0	100000
0	100000
0	100000
0	100000
0	100000
0	100000
0	100000
0	100000
0	100000
0	100000
0	100000
0	100000
0	100000
4018	100000
89609	100000
0	100000
0	100000
0	100000
0	100000
0	100000
0	100000
0	100000
0	100000
109201	100000
0	100000
0	100000
0	100000
0	100000
0	100000
0	100000
0	100000
0	100000
0	100000
0	100000
0	100000
0	100000
0	100000
0	100000
0	100000
0	100000
0	100000
0	100000
0	100000
6143	100000
99417	100000
0	100000
0	100000
0	100000
0	100000
0	100000
0	100000
0	100000
0	100000
0	100000
0	100000
108047	100000
0	100000
0	100000
0	100000
0	100000
0	100000
0	100000
0	100000
0	100000
0	100000
0	100000
0	100000
0	100000
18450	100000
92447	100000
0	100000
0	100000
29417	100000
0	100000
0	100000
0	100000
0	100000
0	100000
0	100000
0	100000
0	100000
0	100000
0	100000
0	100000
0	100000
0	100000
0	100000
0	100000
0	100000
0	100000
0	100000
0	100000
0	100000
0	100000
0	100000
0	100000
0	100000
0	100000
0	100000
27878	100000
102725	100000
0	100000
0	100000
206407	100000
2418	100000
0	100000
0	100000
0	100000
0	100000
0	100000
0	100000
0	100000
0	100000
0	100000
0	100000
0	100000
0	100000
0	100000
0	100000
0	100000
0	100000
0	100000
0	100000
99982	100000
0	100000
0	100000
0	100000
0	100000
0	100000
0	100000
0	100000
0	100000
0	100000
0	100000
0	100000
0	100000
0	100000
0	100000
0	100000
0	100000
0	100000
0	100000
0	100000
0	100000
0	100000
0	100000
0	100000
0	100000
0	100000
0	100000
0	100000
0	100000
9648	100000
102827	100000
756	100000
0	100000
0	100000
0	100000
0	100000
0	100000
0	100000
0	100000
0	100000
0	100000
0	100000
0	100000
0	100000
0	100000
0	100000
0	100000
0	100000
0	100000
0	100000
0	100000
0	100000
0	100000
0	100000
0	100000
0	100000
0	100000
0	100000
0	100000
0	100000
0	100000
0	100000
0	100000
0	100000
0	100000
0	100000
0	100000
0	100000
0	100000
0	100000
0	100000
0	100000
0	100000
0	100000
0	100000
0	100000
0	100000
97193	100000
0	100000
0	100000
2326	100000
0	100000
0	100000
0	100000
0	100000
0	100000
0	100000
0	100000
0	100000
0	100000
0	100000
0	100000
0	100000
0	100000
0	100000
0	100000
0	100000
0	100000
0	100000
0	100000
0	100000
0	100000
0	100000
0	100000
0	100000
0	100000
0	100000
0	100000
0	100000
0	100000
0	100000
0	100000
0	100000
0	100000
0	100000
0	100000
0	100000
0	100000
0	100000
