31866880	66060288
32706560	66060288
32559104	66060288
32194560	66060288
32104448	66060288
31879168	66060288
32571392	66060288
32673792	66060288
32808960	66060288
32518144	66060288
32583680	66060288
33103872	66060288
32616448	66060288
32452608	66060288
33067008	66060288
32989184	66060288
32301056	66060288
32423936	66060288
32264192	66060288
32608256	66060288
32854016	66060288
32223232	66060288
32321536	66060288
32288768	66060288
32436224	66060288
32645120	66060288
32448512	66060288
32735232	66060288
32481280	66060288
32575488	66060288
32092160	66060288
32358400	66060288
32309248	66060288
32452608	66060288
32632832	66060288
32550912	66060288
32661504	66060288
32473088	66060288
32362496	66060288
32100352	66060288
32616448	66060288
32362496	66060288
32616448	66060288
32788480	66060288
32854016	66060288
32366592	66060288
32550912	66060288
32649216	66060288
32301056	66060288
32460800	66060288
32288768	66060288
32579584	66060288
32616448	66060288
32620544	66060288
32780288	66060288
32567296	66060288
32505856	66060288
32157696	66060288
32485376	66060288
32641024	66060288
32669696	66060288
33157120	66060288
32657408	66060288
32391168	66060288
32493568	66060288
32223232	66060288
32276480	66060288
32665600	66060288
32763904	66060288
33087488	66060288
32559104	66060288
32673792	66060288
32301056	66060288
32604160	66060288
32509952	66060288
32415744	66060288
32260096	66060288
32391168	66060288
32804864	66060288
32796672	66060288
32702464	66060288
32890880	66060288
32616448	66060288
32157696	66060288
32862208	66060288
32657408	66060288
32710656	66060288
32952320	66060288
32854016	66060288
32370688	66060288
32772096	66060288
32743424	66060288
32542720	66060288
32948224	66060288
32808960	66060288
32522240	66060288
32583680	66060288
32694272	66060288
32555008	66060288
32411648	66060288
32559104	66060288
32411648	66060288
32681984	66060288
32559104	66060288
32858112	66060288
32768000	66060288
32575488	66060288
32722944	66060288
32415744	66060288
32309248	66060288
32567296	66060288
32366592	66060288
32342016	66060288
32604160	66060288
32821248	66060288
33034240	66060288
32366592	66060288
32382976	66060288
32292864	66060288
32886784	66060288
33009664	66060288
32722944	66060288
32641024	66060288
32616448	66060288
32391168	66060288
32595968	66060288
32342016	66060288
32337920	66060288
32968704	66060288
33062912	66060288
32825344	66060288
32493568	66060288
32497664	66060288
32731136	66060288
32743424	66060288
32894976	66060288
32792576	66060288
33058816	66060288
32563200	66060288
32817152	66060288
