5373952	26214400
4939776	26214400
5451776	26214400
5685248	26214400
5603328	26214400
5697536	26214400
5705728	26214400
5869568	26214400
5865472	26214400
5873664	26214400
5963776	26214400
5963776	26214400
6094848	26214400
6000640	26214400
6205440	26214400
6221824	26214400
6127616	26214400
6135808	26214400
6225920	26214400
6201344	26214400
6234112	26214400
6234112	26214400
6184960	26214400
6172672	26214400
6254592	26214400
6283264	26214400
6291456	26214400
6295552	26214400
6389760	26214400
6389760	26214400
6393856	26214400
6393856	26214400
6393856	26214400
6496256	26214400
6500352	26214400
6500352	26214400
6504448	26214400
6504448	26214400
6451200	26214400
6475776	26214400
6451200	26214400
6504448	26214400
6504448	26214400
6516736	26214400
6508544	26214400
6508544	26214400
6512640	26214400
6651904	26214400
6434816	26214400
6447104	26214400
6574080	26214400
6492160	26214400
6496256	26214400
6590464	26214400
6590464	26214400
6725632	26214400
6799360	26214400
6672384	26214400
6623232	26214400
6676480	26214400
6676480	26214400
6582272	26214400
6676480	26214400
6676480	26214400
6586368	26214400
6582272	26214400
6684672	26214400
6631424	26214400
6684672	26214400
6688768	26214400
6692864	26214400
6692864	26214400
6692864	26214400
6692864	26214400
6639616	26214400
6598656	26214400
6692864	26214400
6692864	26214400
6602752	26214400
6692864	26214400
6692864	26214400
6692864	26214400
6692864	26214400
6598656	26214400
6598656	26214400
6795264	26214400
6610944	26214400
6721536	26214400
6688768	26214400
6705152	26214400
6795264	26214400
6807552	26214400
6733824	26214400
6832128	26214400
6832128	26214400
6737920	26214400
6852608	26214400
6852608	26214400
6758400	26214400
6762496	26214400
6852608	26214400
6852608	26214400
6856704	26214400
6860800	26214400
6860800	26214400
6860800	26214400
6860800	26214400
6864896	26214400
6864896	26214400
6864896	26214400
6864896	26214400
6770688	26214400
6868992	26214400
6868992	26214400
6774784	26214400
6840320	26214400
6840320	26214400
6840320	26214400
6868992	26214400
6860800	26214400
6799360	26214400
6868992	26214400
6868992	26214400
6868992	26214400
6868992	26214400
6975488	26214400
6778880	26214400
6778880	26214400
6868992	26214400
6815744	26214400
6868992	26214400
6868992	26214400
6868992	26214400
6868992	26214400
6868992	26214400
6799360	26214400
6774784	26214400
6803456	26214400
6868992	26214400
6868992	26214400
