6066176	26214400
5873664	26214400
6258688	26214400
6373376	26214400
6512640	26214400
6651904	26214400
6881280	26214400
6848512	26214400
6934528	26214400
6975488	26214400
6975488	26214400
6975488	26214400
7106560	26214400
6979584	26214400
7028736	26214400
7028736	26214400
7028736	26214400
7028736	26214400
7016448	26214400
7016448	26214400
7016448	26214400
7016448	26214400
7016448	26214400
7016448	26214400
7016448	26214400
7016448	26214400
7016448	26214400
7016448	26214400
7016448	26214400
7016448	26214400
7016448	26214400
7016448	26214400
7016448	26214400
7081984	26214400
7081984	26214400
7081984	26214400
7081984	26214400
7081984	26214400
7081984	26214400
7081984	26214400
7081984	26214400
7081984	26214400
7081984	26214400
7081984	26214400
7081984	26214400
7081984	26214400
7081984	26214400
7081984	26214400
7081984	26214400
7081984	26214400
7081984	26214400
7081984	26214400
7081984	26214400
7081984	26214400
7081984	26214400
7081984	26214400
7090176	26214400
7090176	26214400
7090176	26214400
7090176	26214400
7090176	26214400
7090176	26214400
7090176	26214400
7090176	26214400
7090176	26214400
7090176	26214400
7090176	26214400
7090176	26214400
7090176	26214400
7090176	26214400
7090176	26214400
7090176	26214400
7090176	26214400
7090176	26214400
7090176	26214400
7090176	26214400
7090176	26214400
7090176	26214400
7090176	26214400
7090176	26214400
7090176	26214400
7090176	26214400
7090176	26214400
7090176	26214400
7090176	26214400
7090176	26214400
7090176	26214400
7090176	26214400
7090176	26214400
7090176	26214400
7090176	26214400
7090176	26214400
7090176	26214400
7090176	26214400
7090176	26214400
7090176	26214400
7090176	26214400
7090176	26214400
7090176	26214400
7090176	26214400
7090176	26214400
7090176	26214400
7090176	26214400
7090176	26214400
7090176	26214400
7090176	26214400
7090176	26214400
7090176	26214400
7090176	26214400
7090176	26214400
7090176	26214400
7090176	26214400
7090176	26214400
7090176	26214400
7090176	26214400
7090176	26214400
7090176	26214400
7090176	26214400
7090176	26214400
7090176	26214400
7090176	26214400
7090176	26214400
7090176	26214400
7090176	26214400
7090176	26214400
7090176	26214400
7090176	26214400
7090176	26214400
7090176	26214400
7090176	26214400
7090176	26214400
7090176	26214400
7090176	26214400
7090176	26214400
7090176	26214400
7090176	26214400
7090176	26214400
7090176	26214400
7090176	26214400
7090176	26214400
