31232000	60968960
31436800	60968960
31244288	60968960
31379456	60968960
31379456	60968960
31256576	60968960
31641600	60968960
31621120	60968960
31440896	60968960
31543296	60968960
31322112	60968960
31608832	60968960
31612928	60968960
31760384	60968960
31485952	60968960
31637504	60968960
31612928	60968960
31490048	60968960
31641600	60968960
31395840	60968960
31801344	60968960
31682560	60968960
31842304	60968960
31686656	60968960
31432704	60968960
31715328	60968960
31846400	60968960
31563776	60968960
31436800	60968960
31436800	60968960
31436800	60968960
31436800	60968960
31436800	60968960
31436800	60968960
31436800	60968960
31830016	60968960
31567872	60968960
31682560	60968960
31735808	60968960
31830016	60968960
31981568	60968960
31838208	60968960
31989760	60968960
31723520	60968960
32002048	60968960
31838208	60968960
31588352	60968960
31465472	60968960
31576064	60968960
31457280	60968960
31457280	60968960
32120832	60968960
31588352	60968960
31719424	60968960
31727616	60968960
31842304	60968960
31502336	60968960
31461376	60968960
31461376	60968960
31461376	60968960
31461376	60968960
31461376	60968960
31461376	60968960
31580160	60968960
31580160	60968960
31440896	60968960
31444992	60968960
31596544	60968960
32010240	60968960
31756288	60968960
31600640	60968960
32018432	60968960
32030720	60968960
31768576	60968960
31866880	60968960
31735808	60968960
31748096	60968960
31895552	60968960
31764480	60968960
31739904	60968960
31641600	60968960
31895552	60968960
32002048	60968960
31895552	60968960
31903744	60968960
31485952	60968960
31485952	60968960
31485952	60968960
31485952	60968960
31485952	60968960
31485952	60968960
31485952	60968960
31748096	60968960
31641600	60968960
31485952	60968960
31739904	60968960
31739904	60968960
31903744	60968960
31809536	60968960
31907840	60968960
32063488	60968960
31907840	60968960
31940608	60968960
31793152	60968960
31760384	60968960
31772672	60968960
31776768	60968960
31809536	60968960
31776768	60968960
32051200	60968960
31924224	60968960
31789056	60968960
31776768	60968960
31657984	60968960
31657984	60968960
31539200	60968960
31539200	60968960
31539200	60968960
31539200	60968960
31539200	60968960
31539200	60968960
31539200	60968960
31539200	60968960
31539200	60968960
32075776	60968960
32075776	60968960
31920128	60968960
32071680	60968960
32047104	60968960
31948800	60968960
31789056	60968960
31944704	60968960
31543296	60968960
31817728	60968960
31793152	60968960
31793152	60968960
31924224	60968960
31924224	60968960
31801344	60968960
32055296	60968960
