1326297088	1333723136
1326145536	1333723136
1315442688	1333723136
1315442688	1333723136
1333723136	1333723136
1393524736	1395163136
1502355456	1518043136
1469157376	1518043136
1357107200	1518043136
1371918336	1518043136
1387978752	1518043136
1411723264	1518043136
1412755456	1518043136
1438048256	1518043136
1438244864	1518043136
1445429248	1518043136
1455083520	1518043136
1447972864	1518043136
1391394816	1518043136
1424269312	1518043136
1424400384	1518043136
1443168256	1518043136
1465405440	1518043136
1479847936	1495597056
1483603968	1495597056
1362055168	1495597056
1362055168	1495597056
1392709632	1495597056
1418305536	1495597056
1445572608	1495597056
1449783296	1495597056
1456799744	1495597056
1467326464	1495597056
1468960768	1495597056
1392513024	1495597056
1427361792	1495597056
1446432768	1495597056
1452290048	1495597056
1469947904	1495597056
1472040960	1495597056
1458028544	1495597056
1374547968	1495597056
1374547968	1495597056
1374547968	1495597056
1374547968	1495597056
1374547968	1495597056
1374547968	1495597056
1374547968	1495597056
1374547968	1495597056
1374547968	1495597056
1374547968	1495597056
1374547968	1495597056
1374547968	1495597056
1374547968	1426976768
1374547968	1426976768
1374547968	1426976768
1374547968	1426976768
1393025024	1426976768
1426968576	1426976768
1425489920	1426976768
1425694720	1426976768
1425817600	1426976768
1426960384	1426976768
1427169280	1447456768
1437671424	1447456768
1437544448	1447456768
1444671488	1447456768
1518616576	1529376768
1612906496	1631776768
1618452480	1631776768
1618452480	1631776768
1573343232	1631776768
1587945472	1631776768
1500520448	1631776768
1520312320	1631776768
1551888384	1631776768
1553891328	1631776768
1553956864	1631776768
1554059264	1631776768
1554182144	1631776768
1563443200	1607741440
1579003904	1607741440
1583853568	1607741440
1593405440	1607741440
1595080704	1607741440
1597431808	1607741440
1600876544	1607741440
1600987136	1607741440
1503096832	1607741440
1502973952	1607741440
1502973952	1607741440
1502973952	1607741440
1502973952	1607741440
1502973952	1607741440
1502973952	1607741440
1502973952	1607741440
1502973952	1607741440
1502973952	1607741440
1502973952	1607741440
1502973952	1607741440
1502973952	1607741440
1502973952	1607741440
1502973952	1607741440
1502973952	1607741440
1502973952	1607741440
1502973952	1607741440
1502973952	1607741440
1502973952	1607741440
1502973952	1607741440
1502973952	1555402752
1502973952	1555402752
1502973952	1555402752
1502973952	1555402752
1502973952	1555402752
1502973952	1555402752
1502973952	1555402752
1502973952	1555402752
1524658176	1555402752
1555034112	1555402752
1558233088	1575882752
1558274048	1575882752
1558523904	1575882752
1559601152	1575882752
1560039424	1575882752
1575731200	1575882752
1575866368	1575882752
1626898432	1637322752
1722032128	1739722752
1726738432	1739722752
1696280576	1739722752
1609859072	1739722752
1631936512	1739722752
1660125184	1739722752
1661947904	1739722752
1662283776	1739722752
1662402560	1739722752
1688276992	1739722752
1694965760	1739722752
1703530496	1739722752
1714274304	1739722752
1715761152	1739722752
1740795904	1760202752
1741975552	1760202752
1743122432	1760202752
1746001920	1760202752
1746001920	1760202752
1706835968	1760202752
1625616384	1760202752
1625595904	1760202752
1625546752	1760202752
1625542656	1760202752
1625542656	1760202752
1625542656	1760202752
1625542656	1760202752
1625542656	1760202752
1625542656	1760202752
1625542656	1760202752
1625542656	1760202752
1625542656	1760202752
1625542656	1760202752
1625542656	1760202752
1625542656	1760202752
1625542656	1760202752
1625542656	1760202752
1625542656	1760202752
1625542656	1760202752
1625542656	1760202752
1625542656	1760202752
1625542656	1677971456
1625542656	1677971456
1625542656	1677971456
1625542656	1677971456
1625542656	1677971456
1625542656	1677971456
1625542656	1677971456
1625542656	1677971456
1625542656	1677971456
1656872960	1677971456
1680113664	1698451456
1680842752	1698451456
1680965632	1698451456
1680965632	1698451456
1685389312	1698451456
1698308096	1698451456
1698394112	1698451456
1710788608	1718931456
1764564992	1759891456
1846755328	1862291456
1818976256	1862291456
1731883008	1862291456
1766785024	1862291456
1782734848	1862291456
1784352768	1862291456
1784680448	1862291456
1785888768	1862291456
1810051072	1862291456
1814605824	1862291456
1824075776	1862291456
1825779712	1862291456
1835401216	1862291456
1837150208	1862291456
1860857856	1882771456
1863610368	1882771456
1866522624	1882771456
1866522624	1882771456
1835986944	1882771456
1745563648	1882771456
1745563648	1882771456
1745563648	1882771456
1745563648	1882771456
1745563648	1882771456
1745563648	1882771456
1745563648	1882771456
1745563648	1882771456
1745563648	1882771456
1745563648	1882771456
1745563648	1882771456
1745563648	1882771456
1745563648	1882771456
1745563648	1882771456
1745563648	1882771456
1745563648	1882771456
1745563648	1882771456
1745563648	1882771456
1745563648	1882771456
1745563648	1882771456
1745563648	1797992448
1745563648	1797992448
1745563648	1797992448
1745563648	1797992448
1745563648	1797992448
1745563648	1797992448
1745563648	1797992448
1745563648	1797992448
1745563648	1797992448
1745563648	1797992448
1748447232	1797992448
1782439936	1797992448
1800118272	1818472448
1801097216	1818472448
1801125888	1818472448
1801248768	1818472448
1803018240	1818472448
1818472448	1818472448
1824923648	1838952448
1871196160	1879912448
1852870656	1879912448
1778409472	1879912448
1799700480	1879912448
1813024768	1879912448
1830825984	1879912448
1831170048	1879912448
1858265088	1879912448
1870716928	1879912448
1888030720	1900392448
1890004992	1900392448
1891639296	1900392448
1983250432	2002792448
1985003520	2002792448
1988071424	2002792448
1948745728	2002792448
1867288576	2002792448
1867288576	2002792448
1867288576	2002792448
1867288576	2002792448
1867288576	2002792448
1867288576	2002792448
1867288576	2002792448
1867288576	2002792448
1867288576	2002792448
1867288576	2002792448
1867288576	2002792448
1867288576	2002792448
1867288576	2002792448
1867288576	2002792448
1867288576	2002792448
1867288576	2002792448
1867288576	2002792448
1867288576	2002792448
1867288576	2002792448
1867288576	2002792448
1867288576	2002792448
1867288576	2002792448
1867288576	2002792448
1867288576	1919717376
1867288576	1919717376
1867288576	1919717376
1867288576	1919717376
1867288576	1919717376
1867288576	1919717376
1867288576	1919717376
1867288576	1919717376
1867288576	1919717376
1867288576	1919717376
1867288576	1919717376
1867288576	1919717376
1867288576	1919717376
1867288576	1919717376
1867288576	1919717376
1867288576	1919717376
