941068288	958771200
941981696	958771200
941944832	958771200
942063616	958771200
942063616	958771200
992559104	999731200
992452608	999731200
981782528	999731200
991395840	999731200
999157760	999731200
1014243328	999731200
1058021376	1061171200
1041743872	1061171200
935165952	1061171200
942243840	1061171200
963059712	1061171200
988041216	1061171200
991580160	1061171200
991703040	1061171200
991821824	1061171200
994062336	1061171200
1004744704	1061171200
1013952512	1061171200
1017069568	1061171200
1017077760	1061171200
1022324736	1061171200
1030316032	1061171200
1043267584	1061171200
1044447232	1061171200
1046315008	1061171200
1105666048	1122611200
1107746816	1122611200
1063907328	1122611200
1080111104	1122611200
988430336	1122611200
988430336	1122611200
988430336	1122611200
988430336	1122611200
988430336	1122611200
988430336	1122611200
988430336	1122611200
988430336	1122611200
988430336	1122611200
988430336	1122611200
988430336	1122611200
988430336	1122611200
988430336	1122611200
988430336	1122611200
988430336	1122611200
988430336	1122611200
988430336	1122611200
988430336	1122611200
988430336	1122611200
988430336	1122611200
988430336	1122611200
988430336	1122611200
988430336	1122611200
988430336	1122611200
988430336	1122611200
988430336	1040859136
988430336	1040859136
988430336	1040859136
988430336	1040859136
988430336	1040859136
988430336	1040859136
988430336	1040859136
988430336	1040859136
988430336	1040859136
988430336	1040859136
988430336	1040859136
988430336	1040859136
988430336	1040859136
988430336	1040859136
988430336	1040859136
1003855872	1040859136
1020448768	1040859136
1042653184	1061339136
1044013056	1061339136
1044430848	1061339136
1044643840	1061339136
1044791296	1061339136
1045004288	1061339136
1056403456	1061339136
1061261312	1061339136
1068810240	1081819136
1117159424	1122779136
1114562560	1122779136
1116844032	1122779136
1208729600	1225179136
1210916864	1225179136
1213333504	1225179136
1168289792	1225179136
1182892032	1225179136
1092505600	1225179136
1092505600	1225179136
1092505600	1225179136
1092505600	1225179136
1092505600	1225179136
1092505600	1225179136
1092505600	1225179136
1092505600	1225179136
1092505600	1225179136
1092505600	1225179136
1092505600	1225179136
1092505600	1225179136
1092505600	1225179136
1092505600	1225179136
1092505600	1225179136
1092505600	1225179136
1092505600	1225179136
1092505600	1225179136
1092505600	1225179136
1092505600	1225179136
1092505600	1225179136
1092505600	1225179136
1092505600	1144934400
1092505600	1144934400
1092505600	1144934400
1092505600	1144934400
1092505600	1144934400
1112317952	1144934400
1145331712	1165414400
1146851328	1165414400
1147518976	1165414400
1147469824	1165414400
1147678720	1165414400
1147678720	1165414400
1147797504	1165414400
1153875968	1165414400
1165398016	1165414400
1165299712	1165414400
1168510976	1185894400
1175199744	1185894400
1218179072	1226854400
1261350912	1247334400
1315328000	1329254400
1278410752	1329254400
1195483136	1329254400
1195483136	1329254400
1195483136	1329254400
1195483136	1329254400
1195483136	1329254400
1195483136	1329254400
1195483136	1329254400
1195483136	1329254400
1195483136	1247911936
1195483136	1247911936
1195483136	1247911936
1195483136	1247911936
1195483136	1247911936
1195483136	1247911936
1195483136	1247911936
1195483136	1247911936
1195483136	1247911936
1195483136	1247911936
1195483136	1247911936
1195483136	1247911936
1195483136	1247911936
1195483136	1247911936
1195483136	1247911936
1195483136	1247911936
1195483136	1247911936
1195483136	1247911936
1195483136	1247911936
1195483136	1247911936
1195483136	1247911936
1195483136	1247911936
1195483136	1247911936
1195483136	1247911936
1195483136	1247911936
1195483136	1247911936
1195483136	1247911936
1195483136	1247911936
1195483136	1247911936
1195483136	1247911936
1195483136	1247911936
1195483136	1247911936
1195483136	1247911936
1195483136	1247911936
1207898112	1247911936
1249050624	1268391936
1250430976	1268391936
1250590720	1268391936
1250963456	1268391936
1251229696	1268391936
1251426304	1268391936
1251426304	1268391936
1251545088	1268391936
1252929536	1268391936
1258213376	1268391936
1268314112	1268391936
1269866496	1288871936
1273196544	1288871936
1281024000	1288871936
1320763392	1329831936
1322979328	1329831936
1415213056	1432231936
1419804672	1432231936
1389219840	1432231936
1299226624	1432231936
1299226624	1432231936
1299226624	1432231936
1299226624	1432231936
1299226624	1351655424
1299226624	1351655424
1299226624	1351655424
1299226624	1351655424
1299226624	1351655424
1299226624	1351655424
1299226624	1351655424
1299226624	1351655424
1299226624	1351655424
1299226624	1351655424
1299226624	1351655424
1299226624	1351655424
1299226624	1351655424
1299226624	1351655424
1299226624	1351655424
1299226624	1351655424
1299226624	1351655424
1299226624	1351655424
1299226624	1351655424
1299226624	1351655424
1299226624	1351655424
1299226624	1351655424
1299226624	1351655424
1299226624	1351655424
1299226624	1351655424
1299226624	1351655424
1299226624	1351655424
1299226624	1351655424
1299226624	1351655424
1299226624	1351655424
1299226624	1351655424
1299226624	1351655424
1299226624	1351655424
1299226624	1351655424
1299226624	1351655424
1299226624	1351655424
1299226624	1351655424
1318080512	1351655424
1352863744	1372135424
1353302016	1372135424
1354276864	1372135424
1354776576	1372135424
1355231232	1372135424
1355354112	1372135424
1357221888	1372135424
1372004352	1372135424
1371865088	1372135424
1372073984	1372135424
1377853440	1392615424
1386622976	1392615424
1426706432	1433575424
1529667584	1515495424
1536610304	1556455424
1537765376	1556455424
1496707072	1556455424
1509273600	1556455424
1417777152	1556455424
1417777152	1556455424
1417777152	1470205952
1417777152	1470205952
1417777152	1470205952
1417777152	1470205952
1417777152	1470205952
1417777152	1470205952
1417777152	1470205952
1417777152	1470205952
1417777152	1470205952
1417777152	1470205952
1417777152	1470205952
1417777152	1470205952
1417777152	1470205952
1417777152	1470205952
1417777152	1470205952
1417777152	1470205952
1417777152	1470205952
1417777152	1470205952
1417777152	1470205952
1417777152	1470205952
1417777152	1470205952
1417777152	1470205952
1417777152	1470205952
1417777152	1470205952
1417777152	1470205952
1417777152	1470205952
1417777152	1470205952
1417777152	1470205952
1417777152	1470205952
1417777152	1470205952
1417777152	1470205952
1417777152	1470205952
1417777152	1470205952
1417777152	1470205952
1417777152	1470205952
1417777152	1470205952
1417777152	1470205952
1417777152	1470205952
1417777152	1470205952
