1123618816	1140031488
1172852736	1180991488
1172897792	1180991488
1172897792	1180991488
1162424320	1180991488
1167257600	1180991488
1180991488	1180991488
1224998912	1242431488
1302712320	1324351488
1305427968	1324351488
1274290176	1324351488
1178497024	1324351488
1213906944	1324351488
1215582208	1324351488
1215717376	1324351488
1215823872	1324351488
1215954944	1324351488
1216794624	1324351488
1241214976	1324351488
1243557888	1324351488
1257828352	1324351488
1271455744	1324351488
1171783680	1324351488
1171783680	1324351488
1171783680	1324351488
1171783680	1324351488
1171783680	1324351488
1171783680	1324351488
1171783680	1324351488
1171783680	1324351488
1171783680	1324351488
1171783680	1324351488
1171783680	1324351488
1171783680	1324351488
1171783680	1324351488
1193906176	1224212480
1222860800	1224212480
1236733952	1244692480
1259298816	1265172480
1262432256	1265172480
1316511744	1326612480
1299402752	1326612480
1219829760	1326612480
1219829760	1326612480
1219829760	1326612480
1219829760	1326612480
1219829760	1326612480
1219829760	1326612480
1219829760	1326612480
1219829760	1326612480
1219829760	1326612480
1219829760	1326612480
1219829760	1326612480
1219829760	1326612480
1219829760	1326612480
1219829760	1326612480
1219829760	1326612480
1219829760	1326612480
1253171200	1326612480
1275244544	1326612480
1275858944	1326612480
1276063744	1326612480
1276035072	1326612480
1276149760	1326612480
1276149760	1326612480
1284444160	1326612480
1289744384	1326612480
1301987328	1326612480
1308692480	1326612480
1317085184	1326612480
1334353920	1347092480
1337249792	1347092480
1320513536	1347092480
1269141504	1347092480
1294716928	1347092480
1295228928	1347092480
1320321024	1347092480
1335181312	1347092480
1354170368	1367572480
1258143744	1367572480
1276362752	1367572480
1292472320	1367572480
1315893248	1367572480
1346965504	1367572480
1355079680	1367572480
1372561408	1388052480
1375592448	1388052480
1317888000	1388052480
1277513728	1388052480
1277489152	1388052480
1277489152	1329942528
1277489152	1329942528
1277489152	1329942528
1277489152	1329942528
1277489152	1329942528
1277489152	1329942528
1277489152	1329942528
1277489152	1329942528
1277489152	1329942528
1277489152	1329942528
1277489152	1329942528
1277489152	1329942528
1277489152	1329942528
1277489152	1329942528
1277489152	1329942528
1277489152	1329942528
1277489152	1329942528
1277489152	1329942528
1277489152	1329942528
1277489152	1329942528
1277489152	1329942528
1277489152	1329942528
1277489152	1329942528
1277489152	1329942528
1277489152	1329942528
1277489152	1329942528
1277489152	1329942528
1295904768	1329942528
1316143104	1329942528
1331466240	1350422528
1332699136	1350422528
1333493760	1350422528
1333661696	1350422528
1333776384	1350422528
1334812672	1350422528
1343696896	1350422528
1350397952	1350422528
1357643776	1370902528
1403645952	1411862528
1497772032	1514262528
1502121984	1514262528
1381535744	1514262528
1402228736	1514262528
1430568960	1514262528
1436573696	1514262528
1437257728	1514262528
1437483008	1514262528
1443950592	1514262528
1462792192	1514262528
1462800384	1514262528
1467457536	1514262528
1477779456	1514262528
1488191488	1514262528
1489620992	1514262528
1491099648	1514262528
1516724224	1534742528
1518977024	1534742528
1475104768	1534742528
1492111360	1534742528
1400819712	1530621952
1400819712	1530621952
1400819712	1530621952
1400819712	1530621952
1400819712	1530621952
1400819712	1530621952
1400819712	1530621952
1400819712	1530621952
1400819712	1530621952
1400819712	1530621952
1400819712	1530621952
1400819712	1530621952
1400819712	1530621952
1400819712	1530621952
1400819712	1530621952
1400819712	1530621952
1400819712	1530621952
1400819712	1530621952
1400819712	1530621952
1400819712	1530621952
1400819712	1530621952
1400819712	1530621952
1400819712	1530621952
1400819712	1530621952
1400819712	1530621952
1400819712	1530621952
1400819712	1530621952
1400819712	1530621952
1413128192	1530621952
1432449024	1453248512
1455538176	1473728512
1455984640	1473728512
1456295936	1473728512
1456451584	1473728512
1456566272	1473728512
1456566272	1473728512
1462251520	1473728512
1468186624	1473728512
1473675264	1473728512
1475334144	1494208512
1525477376	1535168512
1619116032	1637568512
1624924160	1637568512
1624924160	1637568512
1586167808	1637568512
1507504128	1637568512
1534672896	1637568512
1558175744	1637568512
1560113152	1637568512
1560227840	1637568512
1561751552	1637568512
1581027328	1637568512
1589981184	1637568512
1599651840	1637568512
1610317824	1637568512
1612201984	1637568512
1597489152	1637568512
1516032000	1637568512
1516032000	1637568512
1516032000	1637568512
1516032000	1637568512
1516032000	1637568512
1516032000	1637568512
1516032000	1637568512
1516032000	1637568512
1516032000	1637568512
1516032000	1637568512
1516032000	1637568512
1516032000	1637568512
1516032000	1637568512
1516032000	1637568512
1516032000	1637568512
1516032000	1637568512
1516032000	1637568512
1516032000	1637568512
1516032000	1637568512
1516032000	1637568512
1516032000	1637568512
1516032000	1637568512
1516032000	1637568512
1516032000	1637568512
1516032000	1637568512
1516032000	1637568512
1516032000	1637568512
1516032000	1637568512
1516032000	1637568512
1516032000	1637568512
1516032000	1568460800
1534328832	1568460800
1566486528	1568460800
1567244288	1568460800
1567358976	1568460800
1568272384	1568460800
1570836480	1588940800
1577504768	1588940800
1605070848	1609420800
1661493248	1670860800
1753612288	1773260800
1756086272	1773260800
1758576640	1773260800
1727823872	1773260800
1657131008	1773260800
1674809344	1773260800
1693020160	1773260800
1702047744	1773260800
1718394880	1773260800
1723183104	1773260800
1735372800	1773260800
1725730816	1773260800
1648840704	1773260800
1648840704	1773260800
1648840704	1773260800
1648840704	1773260800
1648840704	1773260800
1648840704	1773260800
1648840704	1773260800
1648840704	1701269504
1648840704	1701269504
1648840704	1701269504
1648840704	1701269504
1648840704	1701269504
1648840704	1701269504
1648840704	1701269504
1648840704	1701269504
1648840704	1701269504
1648840704	1701269504
1648840704	1701269504
1648840704	1701269504
1648840704	1701269504
1648840704	1701269504
1648840704	1701269504
1648840704	1701269504
1648840704	1701269504
1648840704	1701269504
1648840704	1701269504
1648840704	1701269504
1648840704	1701269504
1648840704	1701269504
1648840704	1701269504
1648840704	1701269504
1648840704	1701269504
1648840704	1701269504
1648840704	1701269504
1648840704	1701269504
1648840704	1701269504
1648840704	1701269504
1648840704	1701269504
1648840704	1701269504
1648840704	1701269504
1648840704	1701269504
1648840704	1701269504
