1105702912	1122197504
1122226176	1122197504
1155375104	1163157504
1155375104	1163157504
1144893440	1163157504
1149616128	1163157504
1153712128	1163157504
1202593792	1204117504
1266237440	1286037504
1268944896	1286037504
1235402752	1286037504
1126096896	1286037504
1176944640	1286037504
1178247168	1286037504
1178841088	1286037504
1179082752	1286037504
1179041792	1286037504
1180020736	1286037504
1202327552	1286037504
1204588544	1286037504
1216774144	1286037504
1232203776	1286037504
1253642240	1286037504
1213456384	1286037504
1134940160	1286037504
1134940160	1286037504
1134940160	1286037504
1134940160	1286037504
1134940160	1286037504
1134940160	1286037504
1134940160	1286037504
1134940160	1286037504
1134940160	1286037504
1134940160	1187368960
1134940160	1187368960
1134940160	1187368960
1134940160	1187368960
1134940160	1187368960
1134940160	1187368960
1134940160	1187368960
1134940160	1187368960
1134940160	1187368960
1134940160	1187368960
1134940160	1187368960
1134940160	1187368960
1134940160	1187368960
1134940160	1187368960
1134940160	1187368960
1134940160	1187368960
1134940160	1187368960
1134940160	1187368960
1134940160	1187368960
1134940160	1187368960
1134940160	1187368960
1134940160	1187368960
1134940160	1187368960
1134940160	1187368960
1134940160	1187368960
1165254656	1187368960
1185837056	1187368960
1185968128	1187368960
1187078144	1187368960
1187344384	1187368960
1187553280	1207848960
1197473792	1207848960
1198014464	1207848960
1198014464	1207848960
1203052544	1207848960
1222754304	1228328960
1224065024	1228328960
1277820928	1289768960
1281495040	1289768960
1264685056	1289768960
1213251584	1289768960
1238224896	1289768960
1238970368	1289768960
1259933696	1289768960
1264357376	1289768960
1271910400	1289768960
1297887232	1310248960
1301872640	1310248960
1201881088	1310248960
1201881088	1310248960
1201881088	1310248960
1201881088	1310248960
1201881088	1310248960
1201881088	1310248960
1201881088	1310248960
1201881088	1254309888
1201881088	1254309888
1201881088	1254309888
1201881088	1254309888
1201881088	1254309888
1201881088	1254309888
1201881088	1254309888
1201881088	1254309888
1201881088	1254309888
1201881088	1254309888
1201881088	1254309888
1201881088	1254309888
1201881088	1254309888
1201881088	1254309888
1201881088	1254309888
1201881088	1254309888
1201881088	1254309888
1201881088	1254309888
1201881088	1254309888
1201881088	1254309888
1201881088	1254309888
1201881088	1254309888
1201881088	1254309888
1201881088	1254309888
1201881088	1254309888
1201881088	1254309888
1201881088	1254309888
1201881088	1254309888
1201881088	1254309888
1205264384	1254309888
1236697088	1254309888
1256161280	1274789888
1257340928	1274789888
1257689088	1274789888
1258094592	1274789888
1258119168	1274789888
1258246144	1274789888
1266438144	1274789888
1274724352	1274789888
1286565888	1295269888
1328836608	1336229888
1422925824	1438629888
1426591744	1438629888
1426591744	1438629888
1305706496	1438629888
1324142592	1438629888
1344008192	1438629888
1361231872	1438629888
1361879040	1438629888
1361981440	1438629888
1366937600	1438629888
1387524096	1438629888
1388376064	1438629888
1395023872	1438629888
1403613184	1438629888
1413414912	1438629888
1414696960	1438629888
1416232960	1438629888
1441255424	1459109888
1442852864	1459109888
1444425728	1459109888
1400524800	1459109888
1416769536	1459109888
1325125632	1459109888
1325125632	1459109888
1325125632	1459109888
1325125632	1459109888
1325125632	1459109888
1325125632	1459109888
1325125632	1459109888
1325125632	1459109888
1325125632	1459109888
1325125632	1459109888
1325125632	1459109888
1325125632	1459109888
1325125632	1459109888
1325125632	1459109888
1325125632	1459109888
1325125632	1459109888
1325125632	1459109888
1325125632	1459109888
1325125632	1459109888
1325125632	1459109888
1325125632	1459109888
1325125632	1459109888
1325125632	1459109888
1325125632	1459109888
1325125632	1377554432
1325125632	1377554432
1325125632	1377554432
1344983040	1377554432
1378533376	1398034432
1379880960	1398034432
1379880960	1398034432
1380630528	1398034432
1380904960	1398034432
1380900864	1398034432
1385910272	1398034432
1396183040	1398034432
1397944320	1398034432
1401995264	1418514432
1452978176	1438994432
1492852736	1479954432
1548951552	1561874432
1549213696	1561874432
1505701888	1561874432
1428791296	1561874432
1449222144	1561874432
1477402624	1561874432
1484066816	1561874432
1484472320	1561874432
1485365248	1561874432
1492426752	1561874432
1511763968	1561874432
1516953600	1561874432
1522315264	1561874432
1526509568	1561874432
1536438272	1561874432
1539575808	1561874432
1518551040	1561874432
1440350208	1561874432
1440342016	1561874432
1440337920	1561874432
1440337920	1561874432
1440337920	1561874432
1440337920	1561874432
1440337920	1561874432
1440337920	1561874432
1440337920	1561874432
1440337920	1561874432
1440337920	1561874432
1440337920	1561874432
1440337920	1561874432
1440337920	1561874432
1440337920	1561874432
1440337920	1561874432
1440337920	1561874432
1440337920	1561874432
1440337920	1561874432
1440337920	1561874432
1440337920	1561874432
1440337920	1561874432
1440337920	1561874432
1440337920	1561874432
1440337920	1561874432
1440337920	1492766720
1440337920	1492766720
1440337920	1492766720
1440337920	1492766720
1441722368	1492766720
1477877760	1492766720
1491308544	1492766720
1491496960	1492766720
1491623936	1492766720
1492529152	1492766720
1492647936	1492766720
1502679040	1513246720
1527910400	1533726720
1583661056	1595166720
1609261056	1595166720
1664880640	1697566720
1624838144	1697566720
1547087872	1697566720
1577308160	1697566720
1602306048	1697566720
1603235840	1697566720
1623830528	1697566720
1635606528	1697566720
1644445696	1697566720
1655169024	1697566720
1635577856	1697566720
1559166976	1697566720
1559166976	1697566720
1559166976	1697566720
1559166976	1611595776
1559166976	1611595776
1559166976	1611595776
1559166976	1611595776
1559166976	1611595776
1559166976	1611595776
1559158784	1611595776
1559158784	1611595776
1559158784	1611595776
1559158784	1611595776
1559158784	1611595776
1559158784	1611595776
1559158784	1611595776
1559158784	1611595776
1559158784	1611595776
1559158784	1611595776
1559158784	1611595776
1559158784	1611595776
1559158784	1611595776
1559158784	1611595776
1559158784	1611595776
1559158784	1611595776
1559158784	1611595776
1559158784	1611595776
1559158784	1611595776
1559158784	1611595776
1559158784	1611595776
1559158784	1611595776
1559158784	1611595776
1559158784	1611587584
1559158784	1611587584
1559158784	1611587584
1559158784	1611587584
1559158784	1611587584
1559158784	1611587584
1559158784	1611587584
1559158784	1611587584
1559158784	1611587584
